Step: 3330.0
10.019266591786582 9.830786915480447 10.411005934671929 11.016438927832445 11.688442592393518 12.355454872357233 12.983829038715328 13.555871049897766 14.062723042985619 14.50021277362171 14.866684180874223 15.161775105921615 15.385690502874667 15.538746383554187 15.621071965333124 15.632411717575092 15.57199610526006 15.438463558355677 15.229823251618212 14.943452175284461 14.576122919269798 14.124062577704883 13.583051090098595 12.94858470580792 12.216171135583448 11.3819050422063 10.443809880496008 9.403518351953808 8.28353174135882 6.913301524670734 6.977108486235723 
9.361672017566532 8.826139277491539 9.297111827870696 10.02070172096218 10.778996913168674 11.518989228971078 12.209668453471535 12.835393945046912 13.388295652336112 13.864766929878783 14.263512182784096 14.58442225855044 14.827886237601366 14.994348924628614 15.084015898088962 15.096654456355399 15.031462363569458 14.886988346296953 14.66109444134863 14.350953579008856 13.953078135971177 13.463378326474762 12.877255560267024 12.189749793061544 11.395789900426696 10.49067712191692 9.470989664488773 8.337742459730858 7.090801795702064 5.9001009906738275 5.057916593467989 
6.370670001470472 7.146298568275093 8.027298449764075 8.947434789305175 9.84411485747528 10.683112554790608 11.450009451957367 12.13681794358705 12.739666241512522 13.257116706022648 13.689126767129594 14.03635322205605 14.299674388593845 14.479852761736872 14.577293582222328 14.591873498209967 14.522824127634511 14.368660961040883 14.127150729755948 13.795311418668742 13.369439443403529 12.845158874105945 12.217488684794148 11.480926448484192 10.629552108216398 9.657152334324861 8.557462729779965 7.323761211237639 5.958652677284325 4.4405837206956384 2.3199683123670267 
3.1711709236685546 5.287986890633512 6.6750744812482745 7.856605167165482 8.913313526994173 9.864369498713929 10.714750914283016 11.466606819900644 12.121428636380637 12.68079320634827 13.146430637843782 13.52008749087944 13.803337132981614 13.997395058154346 14.102960008623207 14.120088317744813 14.048103602825766 13.885541335275253 13.630125896063054 13.278775780316376 12.82763033591065 12.272088412592268 11.60684452073953 10.825898756940315 9.922494096341795 8.888884245443501 7.715612726489198 6.390114364149723 4.887072248015941 3.1229338343257336 1.0195398692921531 
1.607054704828436 3.720961274350055 5.422936718568668 6.819717934954146 8.025384519028377 9.084422302683867 10.016852899086986 10.832994710886565 11.539157966878868 12.139820786432558 12.638514561857445 13.038138123263623 13.341022601880582 13.548891411475148 13.662784538129523 13.682981592757951 13.608941045400767 13.439263756554967 13.171682965228861 12.8030782272737 12.329506246253132 11.74623598416405 11.047767001697546 10.22779447457647 9.279052539289818 8.192889355753627 6.95828144835529 5.559132194532383 3.96752047990293 2.147030540039057 0.06589109286969408 
0.48496679946604904 2.5789145556916386 4.36746855046286 5.89485500983044 7.213221260724499 8.363338138076134 9.368912862089774 10.244200824861663 10.99844535685545 11.638180774893986 12.168352459008354 12.592835153765705 12.914641176752399 13.135974340526442 13.258214050762428 13.281876528294221 13.206579344451765 13.031023097891952 12.752995836831282 12.369399491136875 11.876291751087265 11.268930332339718 10.54179780774297 9.688571449515821 8.701978378369395 7.573436539012548 6.292293854436986 4.844523734898181 3.212669026995007 1.379080332556293 -0.6655444533751632 
-0.36099996632074693 1.6953023713292468 3.511542704475126 5.102893787470035 6.495433175875285 7.714643538034917 8.780430535086351 9.706863886889364 10.50399395713367 11.179284258960806 11.738492211446566 12.186144396369198 12.525760543571725 12.759934428175777 12.890342301416522 12.91772351871407 12.841860850162808 12.661576287706959 12.374749703335409 11.97836097841345 11.468550234064242 10.840684816716674 10.089415131073016 9.208693941452955 8.191726888795834 7.0308225820433075 5.717167144719901 4.2408659818274455 2.591927209332573 0.7629564158126805 -1.246842583870242 
-1.023268901515126 0.996243340604619 2.8153892763417727 4.437881670987403 5.875775456441469 7.144000136613268 8.25657457832652 9.22515610472519 10.059029036517245 10.765595642359761 11.350822454921083 11.819527559974624 12.175525960593372 12.421679435003137 12.559894448482682 12.59110167166609 12.515240491534314 12.331263211252004 12.037166413482135 11.630050835041208 11.106205731491213 10.46120897832345 9.69003040934195 8.78712463761774 7.746505214366427 6.561817382786937 5.22650300675697 3.7342648569122656 2.08010982857508 0.26207056105331084 -1.7167302345853845 
-1.5518985381952781 0.4346558935959964 2.2469984324007126 3.8834863456586484 5.348708346254843 6.650669758608652 7.7984260719081036 8.800661289628456 9.665113568602626 10.398476041958991 11.006462204281995 11.493873757508714 11.864624350050718 12.121722504819758 12.267233154807252 12.302238772450288 12.226817298709216 12.040048758605987 11.740057030527417 11.32408819533661 10.78862242696047 10.129512814574452 9.342142649703634 8.421594477687822 7.362833577004065 6.160932045276914 4.8113978136421665 3.3107075853817656 1.6571235474602855 -0.14824111173064625 -2.1003383982613517 
-1.9789427808192779 -0.020778832128107053 1.781341251524755 3.4230963846438995 4.9048231322166265 6.230047380461044 7.404052937331036 8.432808165030446 9.322309938837744 10.078238674688183 10.70578021247976 11.209511280528886 11.593299176289534 11.860203834650699 12.01238838545395 12.051050128926999 11.976383590575423 11.787584422121089 11.482899102387588 11.059721445643934 10.51473325999011 9.844083545206194 9.043599147949816 8.109021209994989 7.036268090465392 5.8217377614394294 4.4626773860412 2.9576523525943967 1.3071237490324694 -0.48591697387848026 -2.4153847094528578 
-2.3266960681082467 -0.39251201367851485 1.3989378762822107 3.041858140190678 4.533972130516119 5.875781063512213 7.069743914364035 8.119549595139086 9.029552226253793 9.804358414008291 10.448520185160572 10.966289846100064 11.361411666865916 11.63694300281424 11.795108229800729 11.83719317273008 11.763487975779737 11.573284554124756 11.264932041144109 10.835950585872586 10.283200757417626 9.603102920944243 8.791898651159824 7.845945183020901 6.7620347702885315 5.537733669912609 4.171738416984818 2.6642458144721104 1.0173227685842776 -0.7647578132413705 -2.6752705643993626 
-2.611842779195959 -0.6976354897902587 1.0842088437802482 2.7269481546564913 4.226486947121379 5.581095049272497 6.791019275996852 7.858051391620877 8.785096404349831 9.57576420517241 10.233993559931827 10.763712041707455 11.168535591288602 11.451513242356391 11.61492381908114 11.660131428958826 11.587505538577696 11.396409741806744 11.085261289476595 10.651661141063245 10.092591673077902 9.404676108703667 8.58449007210033 7.628911308209276 6.5354885981654816 5.302805737684339 3.93081251691689 2.421094302500485 0.7770575462433871 -0.9959792667496301 -2.8907844921852637 
-2.847774617841996 -0.9499946890133399 0.8242068961886668 2.4672868200848765 3.9736011959261113 5.339508862126117 6.5633518255698675 7.645283880348277 8.586963331336129 9.391155968993953 10.06130161717788 10.601088820760625 11.01406842894376 11.303325142573742 11.471218352451757 11.51919900524804 11.447706513472331 11.25614797628572 10.942960616497382 10.505756915142301 9.941549985610118 9.24705372806685 8.419047523850542 7.4547877493343195 6.352437331495058 5.111470366755883 3.7329955232469847 2.2199393113475785 0.577050412270537 -1.189266138487562 -3.0712160441343217 
-3.0461403595119343 -1.1616491065363803 0.6076136153853735 2.253136690310088 3.767562342558644 5.145254715794703 6.382686109523252 7.478511278659813 8.433340717904338 9.249309681774308 9.929556215289404 10.477695097384736 10.897340624073093 11.1917055477663 11.36328859815073 11.413655327787293 11.343313540654677 11.151683314005409 10.837161389703304 10.397279629299467 9.828956533119799 9.128838645903807 8.293723816086917 7.321048957846889 6.209408641041688 4.9590448573245745 3.572216178053625 2.0533331139520183 0.4087709491368763 -1.35363384530752 -3.2252504442329966 
-3.2181578665276835 -1.344117347499915 0.42386326367217725 2.075723296031712 3.601691294414164 4.993613062897636 6.245880054421565 7.3557211707660635 8.322942389962952 9.149351478262462 9.838076219352324 10.392904381648803 10.817705331671606 11.115957318723174 11.290386921620799 11.342719518661205 11.273537257465652 11.08224137574716 10.767117393164536 10.325503645534337 9.754064987252173 9.049173262627935 8.207392967137675 7.2260621014057325 6.103940269701869 4.841860671642251 3.443256259003613 1.9143537428433726 0.263805163853501 -1.498315796860405 -3.361901680895476 
-3.3761122010545526 -1.5097605249799197 0.26226760399474397 1.9269726486274932 3.470590819176803 4.881351031620939 6.1511833664986 7.276040865420074 8.255330394247315 9.090987308177656 9.786540288259499 10.34628352717896 10.77459240398206 11.075386627780748 11.251732760784263 11.305574568559571 11.237580546878165 11.047101241600716 10.73223341043668 10.28999279830198 9.716601543409531 9.007899162267897 8.159886567646694 7.169408816630371 6.0349702615956655 4.757644293244207 3.341960398303975 1.796424777841579 0.13314561053880364 -1.6339241939297555 -3.4917799009706942 
-3.5356667405884394 -1.6737541542507537 0.11104598839393451 1.7995986052102393 3.3707838358344855 4.80746099709351 6.098832804791784 7.240159577598079 8.23119066180508 9.074668686309776 9.775075246795799 10.33762930470619 10.767511909005707 11.069286367755542 11.246484477231421 11.301333372131163 11.234603362693347 11.045564264985295 10.732045606758586 10.290604162457878 9.716810056341968 9.005669661620406 8.152209177838778 7.152246682089091 6.003382125662961 4.706230832938726 3.265889425009012 1.6934673310963566 0.006334019543412332 -1.774277958175928 -3.6292553757429733 
-3.720180256926007 -1.8577217253825276 -0.04344169952660322 1.6881528709246016 3.302378184362022 4.774323439401469 6.091757928111181 7.250717185053009 8.252522622915203 9.1016618078671 9.804254998901401 10.366928626716028 10.795994602799658 11.096867243865578 11.273665780480686 11.328961907999986 11.263642926558736 11.076872473016941 10.76614248694167 10.327421709946892 9.75541763514608 9.043980252458576 8.186687023373072 7.177660078888642 6.012683012423895 4.6907178873070325 3.216001748308574 1.6009974393085158 -0.12922896081364602 -1.9399383651631628 -3.796676176554603 
-3.9733793916307603 -2.0952970103750665 -0.21714722695465452 1.594342968402948 3.2719168328081856 4.789145715104101 6.136229257024993 7.312544539323756 8.322669948982496 9.1739746232684 9.874981970490607 10.434225832920882 10.859460424245002 11.157132608440088 11.332045663369156 11.387159538476373 11.32348852204976 11.140073078865344 10.834017903378644 10.400603208807752 9.8334915881036 9.125068694393084 8.266971996114078 7.250877856357089 6.069637904464913 4.718903245611135 3.1995177043097254 1.521470776432477 -0.28868332208088493 -2.163702422091104 -4.0369577161000745 
-4.373917195725379 -2.467168081012056 -0.4012707674773142 1.5349507797675321 3.29550903718392 4.865021901569099 6.242117935216696 7.432585396741932 8.446102932616357 9.294093561689944 9.988225730689457 10.53938555254047 10.957012203058865 11.248699505743483 11.419977155377584 11.474202659936719 11.412516270219657 11.233831633712585 10.93485315499571 10.510128233910965 9.952160876818619 9.251633800292545 8.39780755088928 7.379182998826229 6.184524082181812 4.804348675625704 3.2330631931452247 1.4722168655648344 -0.4626690129742674 -2.525537231719879 -4.42808509079554 
-5.547725346286174 -2.8814923612968486 -0.5435801336161956 1.547616075253107 3.399638020976544 5.020735150365291 6.422414449082848 7.61934790024616 8.627879684840707 9.464494280479128 10.144604033342736 10.681749381565377 11.087160897006102 11.369576881429984 11.535208127907165 11.587765602050977 11.528497082368936 11.356204621496481 11.067234084383408 10.655444667808805 10.112185817780853 9.426335041686192 8.584480788380976 7.571359119552726 6.370650925860653 4.966190664775726 3.3434929905419697 1.4912385987525199 -0.5986364403075626 -2.933477803102382 -5.594352009846681 
-11.39460613445734 -5.055892062405184 -1.1762916106357184 1.7911701364155812 4.151490068920799 6.042469371111247 7.552736785250952 8.75213992689228 9.698907927685196 10.441003367473803 11.016520799578212 11.454462422733183 11.775972490083426 11.995742077190593 12.12328973108202 12.1639356757741 12.119395514211494 11.98797922364449 11.764396082868387 11.439163691824588 10.99763434261352 10.418712671220298 9.673448542915564 8.723803868909295 7.521887760008115 6.0095824597627185 4.1172261798918495 1.7564869157110348 -1.2099743838212444 -5.0863095006780386 -11.415810776615004 
-12.468006946538129 -6.453982388796688 -1.7106592418253417 1.8688213712391033 4.611385380605852 6.705205210237176 8.288992321099428 9.475545378290557 10.358012712517379 11.011042794776527 11.491770788273403 11.84182920456657 12.090124058919125 12.25574391379371 12.35047902940996 12.380672411943026 12.348321865127206 12.251443420117331 12.083709910269265 11.833349156016919 11.481289798665962 10.998635104737772 10.343745301049909 9.459459242739044 8.271102840553526 6.685557492294726 4.59019850434014 1.8467222897604936 -1.7323530796870419 -6.472889816785523 -12.481304995948152 
-12.867534698730164 -6.892009538898103 -1.9627491053331911 1.9065634302070726 4.851912174865048 7.044982464797333 8.643180126692497 9.7863555536743 10.592870711377435 11.157230524941475 11.55045982874029 11.822917022220421 12.008409189750573 12.128442413588774 12.19581681510308 12.217209473952066 12.194685172461973 12.126189355976154 12.005056791048364 11.818499999976078 11.545020340891126 11.150799444745937 10.585428580272838 9.777775450291761 8.633180130789022 7.033158822346946 4.837946447513248 1.8906393537531248 -1.9794614708819895 -6.907208965577404 -12.878345319613775 
-12.889797228633102 -6.905448294094541 -1.9906244107775797 1.9148863056293897 4.887321809263668 7.063177202257256 8.602472901102962 9.660026296964253 10.370257588838438 10.840247561527839 11.149092476587242 11.35138523739555 11.482563417353285 11.564334677614543 11.609137188005034 11.623253935402579 11.608592027183198 11.563255831022085 11.480976931694324 11.349335079657305 11.146637157413059 10.837437538203856 10.367076468286584 9.656282078098126 8.597649387776228 7.056336145475966 4.877298008050975 1.9009813818121835 -2.007578702610291 -6.9224869795826605 -12.902350691040535 
-12.349213598478851 -6.713078550110662 -1.9607445750137509 1.8215245491898187 4.6731031666944896 6.718491698686294 8.12030338299727 9.042792970507257 9.629668086620073 9.993975432400022 10.217072284515522 10.35312900439573 10.435807424249258 10.484745088770357 10.510649454911874 10.518703322720851 10.51044159778148 10.484344054573187 10.435249052030363 10.352480879759927 10.21644102160341 9.993493954793156 9.629433636721128 9.04271517079816 8.119823325386943 6.7161675047800875 4.666368862087787 1.8076913163333053 -1.9821681117435868 -6.737793417417277 -12.3690635578289 
-12.078700473280852 -6.835723956571509 -2.3430625507591625 1.208301562023964 3.852421735319886 5.716128361675404 6.961762913457103 7.7537582652803865 8.23549218792128 8.51823706695239 8.680283441482898 8.772181758563956 8.824167624556964 8.853113153070073 8.867791539617297 8.87227058400233 8.867724738543476 8.85299760367387 8.824049748553247 8.772155935361688 8.68051518528797 8.518973224942407 8.237023984357709 7.75628050849846 6.965041251724657 5.718850913422317 3.850902553573782 1.1957010735438682 -2.3710219080207406 -6.874809755647571 -12.11209524805755 
-12.610468722442107 -7.662351546861882 -3.5903632079004337 -0.43122482567459247 1.9025053237864542 3.5298079674992544 4.599136069384184 5.262350852086077 5.652099050692009 5.870584629257958 5.988642970326984 6.051001781421389 6.083634623886418 6.100513050792674 6.108603001984108 6.1110050373836975 6.108592436776101 6.100513474892849 6.083703346431184 6.05126114087895 5.989322658237997 5.872065566624596 5.654930996171841 5.267194067926245 4.606545365106431 3.5396417979026116 1.9125089050969535 -0.43207781772881954 -3.627200905297329 -7.729337825745146 -12.680180336009418 
-13.622186684356961 -9.156750944771748 -5.820758319811759 -3.2087477725178206 -1.2681761237761375 0.08149853592109979 0.960095729445658 1.4962380387987586 1.8037900085682474 1.970416379159161 2.0563428512672184 2.0990236159388505 2.1197450305883576 2.1296386379622176 2.1340673850097063 2.1353351932152513 2.134076886468414 2.129680877476427 2.1198831303628545 2.0993966045248196 2.0572232586930648 1.97228588992941 1.8074204626508081 1.5027604489795534 0.9710445333006792 0.09885158041301413 -1.2425025509619987 -3.172891108165794 -5.820624792820986 -9.329198055231616 -13.754092945290342 
-13.939805402024868 -11.486604067008773 -9.144431925373933 -7.165321467537881 -5.666427718807324 -4.619661719287178 -3.940670995603783 -3.530084745565967 -3.2980171519549146 -3.175014011844061 -3.113553545954597 -3.084350584980127 -3.070990194670565 -3.0650494231290324 -3.062566769604049 -3.0618843009650067 -3.0625526174921123 -3.0649994579934514 -3.0708448151274097 -3.0839760552512048 -3.1126809881316246 -3.1731506441441 -3.294327980948837 -3.5232292510105925 -3.92851149484497 -4.5986111195254935 -5.629196880298178 -7.0987837943155965 -8.970424974927823 -11.484628475538516 -15.144852260383107 
-15.666229543273255 -15.10656704801831 -13.571562584792021 -12.211524067530066 -11.16543223010622 -10.432456452398073 -9.957297840808424 -9.67087865228242 -9.509889582598573 -9.425282999676323 -9.383537092481763 -9.364063697783278 -9.355384570919975 -9.351654262135371 -9.350150504689415 -9.349746506406452 -9.350138961637663 -9.351614835523378 -9.355272084698848 -9.36377608739178 -9.382867246453207 -9.42384633864957 -9.507021676954269 -9.665479314585916 -9.947533587547058 -10.414955792082958 -11.13338410850024 -12.141988671005674 -13.438259792853854 -13.893890450107026 -15.660539401670853 