Step: 2250.0
10.951882411173237 10.797287432438281 11.37929686532524 11.995680960087329 12.666425697554413 13.319258362274322 13.921700449746275 14.45848081057702 14.923825217908249 15.316984072705997 15.639802990196072 15.895276000345882 16.086622640098774 16.216665315065153 16.287397240266756 16.299685410231103 16.253079548333993 16.14571106864657 15.974272549783928 15.734071520896649 15.419154597051163 15.02250112689957 14.536292554671437 13.952280745114953 13.262321063079069 12.459227012770702 11.538461882820675 10.500475040441218 9.368653410663608 7.9964401784992685 8.022297617515035 
10.31223238062043 9.840973434006113 10.345282611810541 11.08300421361141 11.841286367706877 12.566510872145368 13.22941380792426 13.817104172705458 14.325113861045525 14.753576769679746 15.105011348021558 15.382958601697105 15.591083886332264 15.73255499901549 15.809602313930473 15.823212615572661 15.772931004485423 15.656756512164883 15.471122526267612 15.210955730758553 14.869808804049374 14.440064229828844 13.913211685234685 13.280214484085391 12.532011067449295 11.660282222585296 10.658695503842347 9.526447792642756 8.26418424153422 7.036210073448552 6.121441236801233 
7.371434385743642 8.220512123685584 9.147918839886243 10.090882352681763 10.990508461691462 11.815262838877533 12.553266957749402 13.199794864557354 13.754768600444864 14.220843468003114 14.60211840188258 14.903199950586263 15.12850544361418 15.281736139828652 15.36548178614863 15.380935119186253 15.327704112360289 15.203714350387488 15.005195749806001 14.726748079923382 14.361479090320543 13.90120809300994 13.336727218194413 12.658112894805926 11.855082683202522 10.917385909770433 9.83529438310734 8.599396867489217 7.209392886018928 5.639622915403808 3.4364025416869945 
4.232044724097991 6.4294094428185415 7.870551771908693 9.081125542416729 10.144330142911576 11.082252785460035 11.903147704002642 12.612910870026848 13.21723176991311 13.722141052902403 14.133841352849629 14.458328474681384 14.700975487113746 14.866149813311996 14.956892294108444 14.97467107083568 14.919215962201527 14.788435066550832 14.578412373780234 14.283482257917674 13.896373262728327 13.408408947975099 12.809746480437807 12.089621056652168 11.236536703431298 10.238283966285335 9.081424465528336 7.749903225764609 6.215273565845435 4.391316175924079 2.1984909875484893 
2.733902777875814 4.934313058259949 6.696209043976207 8.12680627871542 9.342036101379136 10.389188563964048 11.291815054895565 12.064351629648009 12.717667114818836 13.261037044939522 13.702786790044799 14.050356806948294 14.310132592906148 14.487197695623967 14.585088280760392 14.605589865382207 14.548597580151842 14.412050468785964 14.191943213002876 13.882412920867687 13.475892742569867 12.963316664899832 12.334348743272802 11.577590794803 10.680685425202947 9.630145334969894 8.410579681888946 7.002146621316982 5.3739520706367925 3.487654915985959 1.311046639344257 
1.6808238834226048 3.8671043523922357 5.72069129461568 7.28592441820302 8.616486237539931 9.755861529237096 10.731408749726352 11.561751936391216 12.26099624841489 12.840786237567587 13.31116430416819 13.680826508246012 13.957084644798059 14.145703646740241 14.250708250941933 14.27421226498432 14.216300721433624 14.074981208968213 13.84621122156499 13.524000896977583 13.10058330771823 12.56663603109333 11.911526242310012 11.123534221763988 10.189981646718595 9.097146742868434 7.829761657284738 6.369947217271396 4.697397470575873 2.7928820959074643 0.6470515175917841 
0.9053537137324753 3.05976754923046 4.945829191310356 6.578651780057713 7.9857115018225295 9.195176202929737 10.230701683356127 11.110925391458743 11.851017784310487 12.463835049139542 12.960513639355757 13.350665751893423 13.642343963261697 13.841895293487127 13.953784390117761 13.980436743937497 13.922133436677186 13.77697563200811 13.540927362711397 13.207937336582214 12.770133145468959 12.21807338134618 11.54103397044099 10.727294276848633 9.764378180020376 8.639203761061516 7.33815298686339 5.847395951081646 4.15414019498206 2.249565307736323 0.1330093033638018 
0.31385036817926576 2.437191996553109 4.330746309003752 5.998075497291451 7.452582211833759 8.711903048281949 9.793913870874913 10.715021450293879 11.489863599348022 12.131494753800435 12.651523679331188 13.060103105971395 13.365801886622291 13.575417492944577 13.69378101391373 13.723594118045098 13.665325117309592 13.517181040768639 13.27516430619104 12.933215468945443 12.483436920615683 11.916385873041103 11.221418698650934 10.387064334474681 9.401406887328202 8.252480598604958 6.928755820766386 5.419908570432658 3.71813801774559 1.8201124262840047 -0.2708170517086346 
-0.14479695636807308 1.9511931043831148 3.8423470188300657 5.526817366593516 7.010533795172233 8.304263225314102 9.421038610996334 10.374472699751728 11.177879293484219 11.843848922457683 12.383986220945019 12.808663343252807 13.126757090254479 13.345384396406978 13.46966385006064 13.50252970411299 13.444618923015815 13.294245063923785 13.047466441647835 12.698250197772596 12.23872837292823 11.659536837439635 10.950223617188666 10.099711756745561 9.096807752028528 7.930766891098883 6.59196250690703 5.072739089090119 3.368508648094675 1.4790336505632278 -0.5903558475272613 
-0.5035681230566115 1.5694646842312785 3.4545877122011746 5.147239049508183 6.6491130101297165 7.966572259618558 9.10901121878382 10.087510315043936 10.913861581321939 11.5998812558963 12.156886135953819 12.595249074965757 12.923999624202715 13.150469577003797 13.27999744760065 13.315708710121077 13.258386211052535 13.106440995697216 12.85598930012318 12.501037015362872 12.033768471797654 11.444931937675642 10.724310304011174 9.861263458807517 8.845331176017067 7.666893538948022 6.317897018440669 4.79265632100305 3.0887176755617776 1.2077095855336217 -0.8439674311754146 
-0.7855458278585244 1.268707438255881 3.147096838843892 4.843558507927201 6.357203017733851 7.691456912962623 8.85303430072146 9.85092736051144 10.695508772642585 11.397759337937618 11.968598229371151 12.418293046144237 12.755941128866509 12.989026511905848 13.123063285730998 13.16133708397297 13.104754533978685 12.951807658602604 12.698657186602134 12.33933559084447 11.866067163778169 11.269698300937353 10.540226439073741 9.667411336135903 8.641448534516053 7.453682561289415 6.097335718340415 4.568223946528545 2.8654202325742486 0.9918082599191373 -1.0455478209574298 
-1.0080377028201715 1.0311556833296838 2.9035770478874072 4.602190281057577 6.124321535510712 7.471262831606753 8.647671693620104 9.660846465399487 10.519944944453588 11.235196926619908 11.817147010001653 12.27595477706808 12.62077376084735 12.859226303823453 12.996987451754933 13.037487347896565 12.981738520479063 12.828292128589503 12.573325433065412 12.210860968318205 11.733115410165453 11.130972229986162 10.394566270286724 9.513960017048717 8.479880768979003 7.284476275168447 5.922036388446699 4.389623924315823 2.687563291196968 0.8197516405887797 -1.2062199762342363 
-1.1848666840822397 0.8424975824786721 2.7105822229705123 4.411517987035707 5.941112934489027 7.298847948382127 8.487643283244298 9.51338133174686 10.384227921866454 11.109831508754828 11.700486476878424 12.166332134652649 12.516636805074645 12.759196622572784 12.899864648007473 12.942217437562867 12.887361797500235 12.733882708523984 12.477933064942716 12.113465786079137 11.632607854317031 11.026172668843072 10.28430040904893 9.397204459662186 8.35598433709973 7.15344295545139 5.7848241406480785 4.2483775977687035 2.5456782365673623 0.6816812592225607 -1.3354330952297804 
-1.3279054196681086 0.6904361732039995 2.5565493554410295 4.2615435578352665 5.799522724118017 7.168067144144476 8.368409462917164 9.405185499783052 10.285804045022164 11.019576988376597 11.616765481882824 12.087660579476893 12.441769886538442 12.687145302835354 12.829864866803572 12.873670372800719 12.819758084129845 12.666719644215892 12.41063213004642 12.045298494238116 11.562640948117494 10.953248542637846 10.207074282283218 9.314263892049153 8.2660745837718 7.055805083209866 5.679612863965187 4.137062050720853 2.4312676652658376 0.5686081678199566 -1.4418514140005851 
-1.448397696067783 0.5634433560372549 2.4309438385724125 4.143554449289049 5.692919877291895 7.074173974379087 8.286672133357186 9.333930056336962 10.222905386873315 10.962929034821544 11.564552678945674 12.03847665762118 12.394633558346912 12.641453238892062 12.785310139357158 12.830143643453779 12.777240590967233 12.625171950914213 12.369880700610105 12.004923484855997 11.52187328521144 10.910892512646623 10.16148331263045 9.263410775654979 8.207769230092374 6.988112460092238 5.601481478464297 4.049064603367475 2.3361889546957797 0.47151758243920594 -1.5343033258924486 
-1.5585139974938247 0.449334839311045 2.3233891877740143 4.049913567288707 5.616383107706853 7.014335004233878 8.240910554136711 9.298755758537112 10.19489133783526 10.939205820108771 11.542998868640982 12.017725217501646 12.3739805501926 12.620723583745228 12.76471107002592 12.810119396268796 12.75833082389567 12.607870218034549 12.354487259397615 11.991388508876984 11.509632591874931 10.898709141811997 10.14732596097347 9.244425365946688 8.18043300213567 6.948695831167341 5.546958323156826 3.9784514312683688 2.251945309791135 0.3801621877301117 -1.6231103371616866 
-1.6738239896510598 0.3331792553151474 2.222685876838723 3.97423702996443 5.5674638930191245 6.988471418278766 8.23203386384457 9.300713149954209 10.202518437116963 10.94869924400167 11.551912865957355 12.024791180371048 12.378863712336567 12.623777564434539 12.766756296611867 12.812249826685225 12.761740879800048 12.613687558400638 12.363595115597594 12.004223146782397 11.52594778714196 10.917312306592413 10.16581268878135 9.258974596896335 8.185779684530345 6.93848340112419 5.514799172440898 3.9202095560482317 2.1688158583033648 0.28111304163356216 -1.7224148895702833 
-1.8180067396800248 0.19335952173422855 2.1160607849840267 3.9126537808197464 5.548095002945936 7.000564166090077 8.264134500920655 9.34313669792517 10.24808624432967 10.992695935115169 11.591722473194128 12.05943778779816 12.408570277105808 12.649591687476804 12.790252626263614 12.835296658967781 12.786307515739518 12.641664442502448 12.39659763032436 12.043351121602173 11.571477424228812 10.96830847089604 10.219672041814228 9.310949705516524 8.228599744308276 6.962299366376138 5.507915615759295 3.871556777388908 2.07518324178332 0.15391715116344568 -1.8547936591291445 
-2.0368364098270018 -0.004525666200341435 1.988801844673352 3.869833527288742 5.56784154221945 7.0602535174198735 8.34514012454325 9.431808209970683 10.335366262778658 11.073312240668265 11.663289821016823 12.121636774152014 12.462477759544239 12.697177215709633 12.834019481699118 12.878029239669344 12.830881835549897 12.690878610106228 12.452979748667724 12.108901539934523 11.647302293395756 11.054106727439672 10.313055128147202 9.4066096026881 8.31740134311999 7.030466357917183 5.536645949130174 3.8380059148172356 1.9572242151239987 -0.03493363862502511 -2.065170914976361 
-2.4144943609599165 -0.34634145537794403 1.8543633252120804 3.8680632735568117 5.647509480543185 7.183986853859312 8.486963954140627 9.574692040087028 10.469197259006197 11.193084325256024 11.767556205509312 12.211284942152565 12.539836018994727 12.765410947834825 12.89674833819692 12.939092306885966 12.894185271367322 12.760268992326482 12.53208997710832 12.200912585852532 11.754555439910472 11.177493604872017 10.45111732937165 9.5543068923048 8.464558839621715 7.1599611731776065 5.622382212179469 3.842468502667052 1.829032728934824 -0.37061055913381025 -2.437081432721693 
-3.639750588952537 -0.7276447433083312 1.7760787882432472 3.954197632743792 5.8202123916120305 7.39468062451981 8.704698848244348 9.781026944118125 10.65464419876538 11.354272455146274 11.905010322359166 12.32781855391468 12.639493559890674 12.852836400725172 12.976845399468173 13.016861135653805 12.974649993487814 12.848432446019352 12.632860267220066 12.318937954997494 11.89388166744713 11.340929061969746 10.639171069436927 9.763577653506914 8.685510731816407 7.3740876946766605 5.798655078652228 3.9322275021899142 1.7543578033618716 -0.7483446567099387 -3.6583991797832884 
-9.76156038234252 -2.6996922388899725 1.5337290828356016 4.637095363109907 6.9693169742915355 8.719380766212119 10.024288530971846 10.993789125143046 11.714329002471622 12.250813878091437 12.649737934135548 12.943272416442241 13.15320088342544 13.293993126134177 13.374855116398376 13.400921253854177 13.373841977919216 13.291957861297426 13.150128347907904 12.939146404447916 12.644547206124876 12.244556965296963 11.707015640800481 10.98543869924963 10.014931828739341 8.709077807905249 6.958203063582396 4.6254547931726275 1.5220841973244292 -2.7104438920254297 -9.769082286331978 
-10.708276603191853 -3.9059980716260925 1.3092522223817191 5.055562267361336 7.73337853844767 9.611300163558438 10.90374563684239 11.78285434879652 12.379961369928854 12.788684632469103 13.07160171334365 13.268461591294933 13.403678141361151 13.491941561820072 13.541829763376754 13.557844705740983 13.54139060115616 13.49105833450529 13.402342566648342 13.266664410785735 13.069334069637941 12.785934496931393 12.376699790878249 11.77901012703481 10.89918161306807 9.605826215007198 7.726845250769905 5.04804527817357 1.301268175720892 -3.913317887783012 -10.713525828462407 
-10.929682314578029 -4.080900373222041 1.3692296650891418 5.410402520499225 8.252539898200139 10.169053216558043 11.414396982030386 12.201885053377838 12.693508274360713 13.001542067808655 13.197771245338712 13.325161833190613 13.408240277170776 13.46060550743758 13.489596391796933 13.498835925505569 13.489418219856764 13.460247275642834 13.407699523374609 13.324437679976974 13.196865136537939 13.000450523391958 12.692195201930359 12.200220719052473 11.412073508458466 10.16554744731173 8.247249242793263 5.40303835470958 1.3603344834770719 -4.089704058854131 -10.936146233645013 
-10.707270836286657 -3.747956171204028 1.714653162925786 5.774755842786229 8.598240068058377 10.443712143766046 11.586224962217626 12.263290392651141 12.653474198717634 12.876771457255867 13.006500775779152 13.084072008260586 13.13152664017406 13.160160751521225 13.175609837261735 13.18048380179824 13.17554365129643 13.160028431641072 13.131330226846746 13.083819794975783 13.006212629661798 12.876477026609948 12.653181146921781 12.262883134369229 11.585262637270905 10.44120109597581 8.592703380191855 5.764951572889482 1.7008966257484133 -3.7628817067035087 -10.718551463102598 
-9.755532097502057 -3.097676404626256 2.212766861987027 6.1127370099368985 8.75481225253652 10.412868650882073 11.38260550588139 11.916047438308738 12.196221876912688 12.340022892994286 12.414375085286169 12.454224309000159 12.476554832014548 12.489245019590989 12.495856811023216 12.497912918601001 12.495838198454019 12.489208826460542 12.476506033312296 12.45417994405781 12.414380208446609 12.340169645822634 12.19664229329096 11.9168032027494 11.38335163229684 10.412195473622342 8.74965531841675 6.099407859966194 2.1899492433541785 -3.125285443906387 -9.77808598751681 
-9.144361457630755 -2.8570654229108663 2.196597992065733 5.8387249637761 8.237760518020501 9.689474912964009 10.49808335519095 10.914866962280286 11.115907251756518 11.208563230719227 11.250758696280815 11.27057505010437 11.280477363327899 11.285667096759246 11.28824720113764 11.289033981027943 11.288242987612534 11.28566006865693 11.280474231804344 11.27060032837411 11.25088428161886 11.208959767354644 11.116894084769484 10.916866701823386 10.501269783833179 9.692804668378766 8.236893027541807 5.824574107727777 2.1627919949443477 -2.905787695657032 -9.186353927989604 
-9.51503910958969 -3.4806860975608966 1.145018027289502 4.380277627939236 6.470386210224361 7.7049143908340065 8.36953975519284 8.696064841930667 8.843315281780876 8.905118367529322 8.929945036799115 8.939955358174762 8.9442444577378 8.946238636138498 8.947162214970321 8.947435611600449 8.947161563059039 8.946239020889351 8.944254368785744 8.94000768183781 8.930143089717081 8.905729785564832 8.844911941014884 8.699632493657843 8.376339514074623 7.715611646121565 6.482706086854411 4.3796280352394925 1.0974350741181433 -3.568644125037684 -9.606768018418322 
-10.527808392322358 -4.99059934736247 -1.1858297168867264 1.480254780369946 3.2014662833541627 4.207685198706257 4.738838487794759 4.991843118067459 5.100764347621121 5.143407367257038 5.158841000423845 5.164200114658227 5.1661080243218604 5.166853216010641 5.167161079037456 5.167247858970548 5.167161184064386 5.16685525126971 5.166121544211366 5.164263638500525 5.159080850313584 5.144168452588341 5.102840526282939 4.996784300628948 4.749207975159005 4.227067036851252 3.233312947466599 1.5269176082796503 -1.1858642018863483 -5.2172581584672955 -10.703302547444206 
-10.730535699463058 -7.699210465749203 -5.053266995144139 -3.0483220860392684 -1.730362934337554 -0.9588866295440245 -0.555051336703139 -0.36587873808751786 -0.28661458654657257 -0.2568861104809266 -0.24684906257894337 -0.24373948676594612 -0.24281079795921212 -0.24251878685566866 -0.2424178939183477 -0.2423917853333255 -0.2424176812283312 -0.24251665479802706 -0.2427975833377217 -0.24367736249213298 -0.24661084234161565 -0.25611390626661723 -0.2844498332551304 -0.36053502666620996 -0.5432144050575737 -0.9348453153489128 -1.683477296204032 -2.9610084100736884 -4.825785003575445 -7.69793825443997 -12.294888818895387 
-12.894150027187353 -12.261767735704385 -10.541929609722857 -9.172115334745458 -8.25631438322264 -7.718703579573301 -7.437834380774231 -7.307002754284672 -7.252716227813614 -7.23267886522373 -7.22609389055072 -7.224149233147578 -7.223616370113597 -7.223470138673381 -7.22342657236356 -7.223416228050903 -7.223426401982197 -7.223468508424376 -7.223606291250598 -7.224101603965039 -7.225909970848515 -7.232077760974343 -7.251014181294234 -7.30274450500122 -7.428228195699299 -7.698539013818397 -8.215740320953975 -9.0807929481796 -10.36571429814369 -10.691752278328327 -12.88978353188002 