Step: 3510.0
9.889470016943902 9.69589254433238 10.27471163574155 10.876706537182796 11.546275958414988 12.21205992334197 12.840387432969532 13.413392186613695 13.921968993354177 14.36165772983939 14.730500128748734 15.027839659071152 15.253614186975799 15.407916674008174 15.49071100625756 15.501644194764685 15.439923351351005 15.304239701744152 15.092729113780939 14.802962684944573 14.4319640393028 13.976254102289648 13.431932097893192 12.794818801588335 12.060728543879149 11.226017105430461 10.288886877045307 9.250988668171344 8.134596260278375 6.765831944130569 6.835189519279852 
9.229465207995698 8.684582982080142 9.149671183845054 9.869226909211708 10.624700396355992 11.363280842181267 12.053865103297465 12.680608894076181 13.235366028924927 13.714213773980362 14.1155265821458 14.438874669053135 14.68435652409694 14.8521744001335 14.942354118736011 14.954556989130193 14.887955295596134 14.741155006621927 14.512155688134705 14.198341077296707 13.796496307684638 13.30285106911527 12.71315434603024 12.022800259245585 11.227054266263867 10.321509243141382 9.30295565824711 8.172500688556203 6.92978795544661 5.745444536746453 4.913540460117379 
6.231735610326967 6.996731339919869 7.869960301796036 8.78472081933517 9.67797659791513 10.515247256001013 11.281922453986915 11.969753317761212 12.574552363595433 13.094532278403417 13.529290089186837 13.879134315328923 14.144628467588074 14.326272607033216 14.424277554240406 14.438405235880577 14.367859443606116 14.211217103358148 13.966393047852703 13.630632557033715 13.200526486906067 12.672044370863816 12.04058214971654 11.301023768311975 10.44782122330397 9.475094741661367 8.37685381707122 7.146575446694916 5.787134197874446 4.277459253821829 2.1685039482856716 
3.024308722147235 5.129514054085585 6.507716725249938 7.682895885243164 8.735517242259746 9.684472547489131 10.5344559398127 11.287300671075698 11.944140538856233 12.50616726967394 12.97471892253331 13.351165456502734 13.63674085465135 13.83237809505688 13.93856669069532 13.955239359820935 13.88168933179586 13.716517426950189 13.457606371742818 13.102118113667206 12.646507870052817 12.086545884345455 11.417333338021209 10.633289812213004 9.72806746514456 8.694297711588876 7.522855831200612 6.201474122661543 4.705128682359483 2.950551573911498 0.8597554944969955 
1.4516129648595149 3.553105154207244 5.245346026362509 6.635019183060726 7.836023758975023 8.892589973873601 9.824430508707211 10.641508642353395 11.34974037261213 11.953184868467583 12.454950349226623 12.857530914058612 13.16289382699934 13.37245994765078 13.487045206875374 13.506796607052024 13.431139468512729 13.258743608540067 12.98751045346885 12.614578691496538 12.136341799419041 11.54846550427587 10.845885101956878 10.022747397748345 9.072230723349092 7.986098966843563 6.753701391160252 5.35926426768729 3.7751319820210147 1.9650700697789703 -0.10264821534463145 
0.3206582423055462 2.4014179954677566 4.179506791240131 5.69914820853087 7.012356385913337 8.159665677167599 9.164466900388772 10.040636922136075 10.796995382585362 11.439627212280472 11.973025137598478 12.4006318974037 12.725071934081498 12.948226727370724 13.071236904844163 13.094477046706517 13.01752863271619 12.839164503978537 12.557350275896722 12.169262090211934 11.6713145614954 11.059186576455602 10.32782415443354 9.471386165302762 8.483074892695218 7.354753960799857 6.076167478331725 4.633617945119268 3.0098910722581933 1.1874692070737112 -0.8429580136472116 
-0.534287507254136 1.5080694933759966 3.3131704272455123 4.896209611863845 6.283153775987378 7.49925952060721 8.564111327169067 9.491383536496814 10.29067878251314 10.968984032635321 11.531576480603515 11.982524541056609 12.324936719029251 12.561065055402828 12.692332475380743 12.719327664437474 12.641794198455589 12.458629274635681 12.16789922586589 11.766872566873813 11.25206563320714 10.619290202223443 9.863686222137275 8.979715579710318 7.961086168121503 6.800576099447109 5.489783933244016 4.019147684634159 2.378906291517753 0.5617731441000964 -1.4330811019137422 
-1.2055251369581548 0.7992982643335085 2.6066664096018775 4.2203266432941 5.652233644325136 6.9170941294183566 8.02859955830218 8.9979968399555 9.834101167254335 10.543813305329097 11.13259350336169 11.604776497339357 11.963743330870166 12.211995012810288 12.351170312036722 12.382040212661352 12.304501658949796 12.11758481825608 11.819481165071906 11.40759386273726 10.878606852759457 10.228564630817392 9.452951230183745 8.546755925433095 7.504518930943573 6.320375746661804 4.988194880594424 3.5020169294371875 1.8570752692913752 0.05149896002303483 -1.911635755918251 
-1.7430167192050958 0.22812198230618036 2.028077752138526 3.6552505753596463 5.114133523311008 6.412507890180135 7.5590934093484075 8.562148469596975 9.428921491954181 10.165580121511873 10.7773063162003 11.268393817029718 11.64229995740255 11.901653688458504 12.048237985862436 12.082966608042629 12.005871668171766 11.816113449021982 11.51201876055985 11.091149391649276 10.550398038874613 9.88610582081101 9.094193916014525 8.170303881030273 7.109950746774276 5.908716571380234 4.562550216344862 3.0682736810015845 1.42437614976899 -0.3679377897847103 -2.303674679946177 
-2.178736104843917 -0.23669391943094725 1.5524593860302425 3.184451397047869 4.659524659326425 5.980977076496609 7.153746527007705 8.183359634603631 9.075302601556222 9.834706306947385 10.466199806428873 10.97382726505217 11.36097731583304 11.630311522539658 11.783696781013203 11.822152588531187 11.745824126204267 11.553989485866484 11.245105836840228 10.816895657583716 10.266470774339394 9.590489287282615 8.785339289163039 7.847344982155959 6.772997383653852 5.559224292618782 4.2037289612777755 2.7054314509917243 1.0650232648483429 -0.7144145306431975 -2.6268570068937622 
-2.5349119364561012 -0.6175305299970658 1.1604032740186179 2.7931478814978186 4.278332982402435 5.616226419346887 6.808929680534915 7.859672570346096 8.77227649014732 9.55077348012305 10.199132702263086 10.721048644015761 11.119764101465046 11.397918969767542 11.557426939958228 11.599386820603181 11.524035768042696 11.33075017137 11.018097463615428 10.583939316911401 10.025583837639369 9.339981765920157 8.523959694915948 7.57448258948897 6.488939078376229 5.2654461124836995 3.9031726887418916 2.402681092491348 0.7662736166151268 -1.0016875801908935 -2.8945420341399197 
-2.8281775832981757 -0.9314251901059573 0.8363862724351048 2.468574144035895 3.9609497413566794 5.311543782563654 6.520233093197809 7.588331452563096 8.518187229064207 9.312808757091398 9.97552407678503 10.509676267756307 10.9183559938473 11.204175130124591 11.369087033247508 11.41425940408151 11.340004962506194 11.145773722022367 10.830208817481815 10.39126572460588 9.826392295078747 9.132764215784535 8.307567158358664 7.348312910039993 6.253172200761765 5.021302199483416 3.6531430229194917 2.1506573031637943 0.51749226083849 -1.2409447616880864 -3.1174919923581923 
-3.071889543393957 -1.192186127000943 0.5674985712423317 2.1996879194839014 3.6986471657385387 5.060491283541025 6.283179309369595 7.366366232141657 8.3111268656981 9.119595206899819 9.79456952531676 10.339124873992203 10.756261451576684 11.048606195529056 11.218177808042597 11.266221255507489 11.193115359112412 10.99835553842225 10.680612539633625 10.23786666814002 9.667615241346 8.967148178807518 8.133882174471557 7.165736859396565 6.06152588511349 4.821322310127183 3.4467449368204015 1.9411098189872455 0.3094108344000433 -1.441860330932513 -3.304985919343667 
-3.277677047090478 -1.4118535423513943 0.34243771614508184 1.9767638212382932 3.48368326114992 4.85731462468784 6.093734298126883 7.19107454059591 8.149330816397633 8.969971195333766 9.655456782585182 10.208756469697306 10.63290638914616 10.930639828357124 11.10409919383555 11.154634395244635 11.082688781175403 10.887772609406353 10.568523816025577 10.122855756431123 9.548190916994955 8.841777524976761 8.001081386414498 7.024236438319188 5.910521918389057 4.660809079270312 3.277889324623194 1.7665749549128658 0.1334878018121483 -1.6134560498071988 -3.465713241791228 
-3.4567507436610274 -1.6019424505019482 0.15063132713480148 1.7910091219111512 3.309353499168934 4.697269661767557 5.948740594268503 7.060443995374048 8.031531426362644 8.863099962150718 9.557558362178195 10.118011508344022 10.547720517944374 10.849661441921768 11.026188771504343 11.078802768101037 11.00801737073809 10.813325752403058 10.49326211734733 10.045560108221633 9.4674094014887 8.755811793662335 7.908035034376836 6.922154676783389 5.797657125260509 4.536043058492991 3.1413060244140425 1.6200863826328846 -0.018722632693220907 -1.7649854967164498 -3.6087027190323973 
-3.621390728701735 -1.7748181590614764 -0.018636956189475896 1.634295089689948 3.1701885921777753 4.577049517500454 5.846386247550108 6.9735618534652195 7.957275792484725 8.798696621357648 9.500582490056622 10.066501953321684 10.500189447930472 10.805039288985602 10.983730789892231 11.037973890617117 10.968365468189148 10.774349479410434 10.454278158117926 10.005575837458101 9.425010855833639 8.709083650437677 7.854539543376888 6.859011219495341 5.721784701578407 4.444652821869577 3.032743590285567 1.4949894007554205 -0.15627855935040902 -1.9070861826014753 -3.7445790092351308 
-3.787232644897356 -1.945648941883484 -0.17719349706750118 1.4992331274957151 3.062575258006476 4.495507085950932 5.7867893363082885 6.931031612474957 7.92719955851084 8.777194081664753 9.48466231157719 10.054048448038643 10.489858129845357 10.796107066624957 10.975926691873372 11.03130339430674 10.9629331789135 10.77018013871546 10.451134396649556 10.002772669516062 9.421231795724427 8.702211950641498 7.841531424832191 6.835858602481718 5.6836489940399 4.3863128558596225 2.9496054578843487 1.3850821094529522 -0.28970327065859397 -2.0535875350560806 -3.887700862222908 
-3.9775267038342292 -2.135993488483248 -0.33874016320052047 1.3801980359905412 2.986386887009474 4.454795141497429 5.772692524856915 6.935359069396135 7.943218820441411 8.799816536710953 9.510359245256685 10.08064391363982 10.51627323417249 10.822095571226239 11.001821199072797 11.057777564310495 10.990776274868232 10.800074965976952 10.483428029502505 10.037231140724614 9.456775332486437 8.736636790513245 7.871238513817075 6.855630664197075 5.686552700715812 4.363874799710653 2.892597224947889 1.2856861300928475 -0.43167361039444574 -2.224999523292255 -4.060319751410667 
-4.2356250299619855 -2.3792828376705533 -0.5193116679066875 1.278552963737188 2.9477776423485635 4.461777596134315 5.810103343466058 6.99119631575705 8.008570048049453 8.868516955460278 9.578553488987279 10.146327365189535 10.578855494202218 10.882009184952299 11.060182506822608 11.116093433081977 11.05068127152829 10.863078295327464 10.550647919079482 10.109096124033222 9.532677301137669 8.814530156027354 7.947193302324689 6.9233640435544554 5.736983286004611 4.384777618447213 2.86853458150382 1.1988973332133044 -0.5974245517240286 -2.4539246501317313 -4.304981726739045 
-4.6392922020073994 -2.755360421011578 -0.7106109233010327 1.210416554630402 2.96224513660972 4.529067382846315 5.9085568345426465 7.105279242797565 8.127612264122725 8.985732431560805 9.690197245443967 10.250956520886675 10.676698781607003 10.97444903678552 11.149341220151818 11.20450198022917 11.141000390690635 10.957836838132577 10.651962079500565 10.218334618596087 9.6500423668073 8.93853340028606 8.074018717832777 7.046123513014834 5.844870512002684 4.462089428771389 2.8934181277792534 1.141367346037323 -0.7781133881688637 -2.8194809437988444 -4.698779650430118 
-5.805780561193602 -3.1738683554444056 -0.8617133480240352 1.2122954257824194 3.0553939624789344 4.6748293449178195 6.080658734719382 7.285913657308103 8.305323136880038 9.153923931595859 9.845916330074827 10.39387682147135 10.808301183586227 11.097392710233995 11.267000285129294 11.320627413984631 11.259458627235382 11.082373754090353 10.785940587015403 10.364394569375897 9.809634282193107 9.111285858145186 8.256915137932209 7.232483175194276 6.023130820370051 4.614318966730978 2.993212775166392 1.149951568719723 -0.9225177627298449 -3.231224499725056 -5.857199538784745 
-11.614158320958014 -5.3747800421100385 -1.549347612433903 1.3893242090545042 3.740661308500404 5.637564928587706 7.163786567956477 8.384713498912618 9.354950957279803 10.11985062328575 10.715841764929644 11.170993247003954 11.50599756460858 11.735363833278498 11.868555084554291 11.91088309814188 11.864066990744655 11.726422890888864 11.492678108255438 11.153415185801943 10.69417761546813 10.094330984676288 9.325868055425142 8.352426592901102 7.128738747588655 5.600324536912114 3.7019981565960505 1.350323941913525 -1.5871057609191732 -5.408795070071503 -11.637859639847054 
-12.706324901091536 -6.802008906991902 -2.132037720833491 1.4099807433724059 4.143799001682015 6.2498894299843775 7.859160119652552 9.077503605030893 9.992773596500763 10.676145949422741 11.182882663415898 11.553891387337762 11.818022987688302 11.994600231109931 12.095694239635835 12.127850446653635 12.093140272635143 11.989512330892481 11.81044305841938 11.543885093143622 11.170538113086845 10.661565622537402 9.976058603209193 9.058737352965055 7.838412558426149 6.227276532827046 4.119629832489049 1.3849937902131169 -2.1563829141501323 -6.823120749840433 -12.721143420014535 
-13.132557544806646 -7.280234802220214 -2.4341803622290206 1.3930335991963017 4.331164355170233 6.542291762928039 8.173637072083796 9.356149267980625 10.201653284341102 10.80070129668508 11.222532632904693 11.517180422362742 11.718889223066892 11.849844010106613 11.923455534805198 11.946799337710265 11.92207759312679 11.847102498484038 11.714814207117472 11.511817781329803 11.21593786462042 10.792920059990342 10.192683129991153 9.345886267303326 8.161835283206493 6.52860385756004 4.315351264180525 1.3753752163842727 -2.452410888641706 -7.296639398890403 -13.144177203294591 
-13.189360499578292 -7.343455979896501 -2.5183297839820966 1.3439728153144868 4.3125377745246025 6.512452838824766 8.091414968150778 9.19372072923727 9.946460258627386 10.45271136622869 10.79020417392312 11.013805365609606 11.159961519527617 11.251501613122175 11.301766138296262 11.3175952839672 11.301082890911147 11.250149875179623 11.157973493564496 11.011232972793378 10.787113799745448 10.449159243919585 9.942433530617828 9.189033499893913 8.085571554613528 6.504565298497639 4.3015263210784624 1.3292396893051952 -2.535883270040026 -7.360866376189723 -13.202130192661944 
-12.702314663919644 -7.211005159959053 -2.5520308158187084 1.1888239621914263 4.0422656594020285 6.118870660554976 7.5666552609309 8.537982602221334 9.168884623678673 9.56882628606969 9.818585293892696 9.97341377236854 10.068618688565701 10.125373185260933 10.15551529905981 10.16488913871871 10.15524509958357 10.124850738238088 10.06788596668545 9.972545940858451 9.817694924926522 9.568046323618436 9.168303573882126 8.537496781570292 7.5657052983586235 6.116059213477513 4.035144508673268 1.1748633985971608 -2.5732286536366815 -7.2352443154086155 -12.721724412524503 
-12.47227466743405 -7.375591682331803 -2.9768260711697185 0.535868304816336 3.1862432601738337 5.085292833657639 6.379512062536954 7.220952919977367 7.745500961089842 8.061438857725237 8.247175198171487 8.35492886414641 8.416968671575583 8.45190544532869 8.469722146122727 8.475166818585025 8.46963096249613 8.451744822328676 8.416792075242236 8.354839451810127 8.247344843392492 8.06211152237986 7.746949170221411 7.223337926907146 6.3825700745598875 5.087732325871935 3.1845264589039273 0.523474465602177 -3.003931930517503 -7.413304746788012 -12.504455045750404 
-13.017196637720817 -8.217856660323033 -4.236437230265735 -1.111962239334673 1.2300466162635664 2.8925032037989182 4.008331506136035 4.717574459167057 5.146046411578682 5.393571608669924 5.5315565048606725 5.606657448029047 5.646976788261897 5.668216524711363 5.678502178447481 5.681567864989472 5.678485911506706 5.668209731006353 5.647044872358908 5.606932963623555 5.532276344396238 5.39511155156284 5.148927686141574 4.722400275404361 4.01558395789351 2.901998275387129 1.239610530396416 -1.1128675475327963 -4.27187046501049 -8.282147258367841 -13.084099812655076 
-14.019719474134659 -9.697387337790238 -6.437391621707686 -3.853309233907013 -1.9038793798233233 -0.5224646344384296 0.39706284352848675 0.9729704146531036 1.313303022880741 1.5039106923058636 1.6057913057367736 1.6582912481618681 1.6846748450257856 1.6976303964189121 1.7035369760074772 1.7052419130753107 1.703548797154771 1.697681645571267 1.6848371656934567 1.6587145049415781 1.6067555175750554 1.5058906905481315 1.3170346523340006 0.9795072421132004 0.40782057130262833 -0.50564781107566 -1.879187098807438 -3.8188833763918817 -6.437237443388483 -9.863093478824307 -14.146267624849516 
-14.344360966247553 -11.968867391127581 -9.67776328823185 -7.71827579405864 -6.211104108588544 -5.138313018165882 -4.426350641517 -3.984111196024471 -3.726289745091496 -3.5847529043405375 -3.5112226132800046 -3.47479366850359 -3.45740822309839 -3.4493754905068195 -3.4459204239265286 -3.4449562972551386 -3.4459015769451256 -3.449312140201672 -3.4572329439845957 -3.4743627411818765 -3.510260384926593 -3.5827738813663363 -3.722496034860689 -3.9772456099528277 -4.414416804534224 -5.117931225742321 -6.175307977482253 -7.654416920475015 -9.510414242979577 -11.96682302566593 -15.504444107735381 
-16.013227575091374 -15.465970409476858 -13.963110290610352 -12.615741889750188 -11.563368124652136 -10.811747257277492 -10.313145851733223 -10.004327162459049 -9.825206643622934 -9.727636760170391 -9.677521465135907 -9.653094986606318 -9.641697968674379 -9.636580327686591 -9.634443203592022 -9.633857681815266 -9.634427649817331 -9.636529887733328 -9.641561598925614 -9.65276312829315 -9.676781964894511 -9.726110821432378 -9.822258924683982 -9.998923862024668 -10.3035697809952 -10.794812259191358 -11.532565972499986 -12.548990876468054 -13.835090256252453 -14.29809865863328 -16.007440143990266 