Step: 1485.0
11.881952582510243 11.755498513490348 12.322356209778054 12.921807831041987 13.553972839047107 14.1478845284081 14.674682237714736 15.124158204490271 15.496223736505947 15.795926679991615 16.03063633767839 16.208316118112233 16.336411590267208 16.421114079693844 16.466868975238174 16.476050398631603 16.448753197349543 16.382673236531 16.273063181155017 16.112764980531157 15.892332151176985 15.600264747876142 15.223389251203901 14.747430203178181 14.157857148657659 13.441178584216983 12.587220487275633 11.592418139641866 10.478775927847668 9.123144126002938 9.115549968030274 
11.26209360252542 10.848987948248064 11.36823460764072 12.089961840206385 12.807829947516968 13.469808032156335 14.051038931063548 14.54425084597856 14.951205170389736 15.27835699595884 15.53423587968681 15.727785490272753 15.867263034276691 15.959495308442577 16.00937497396458 16.019524272195692 15.990078981124487 15.918564111270747 15.799848838599917 15.626182372906616 15.387324417905221 15.070793131658707 14.662260886929058 14.14613793858401 13.506406951470463 12.727846647226857 11.797870976701795 10.71076513077504 9.465476941028111 8.21870771026568 7.23466062095236 
8.376955673450162 9.293360524538876 10.247797155025038 11.181523931094345 12.040914187471417 12.79947827574379 13.45074926619628 13.996361605370687 14.443084962615751 14.8004544500381 15.079082483627463 15.289416339664948 15.440830380207096 15.540971549857176 15.595297521987883 15.606760460267996 15.575601255319139 15.499231471852019 15.372193301080419 15.186200437439576 14.930273239541728 14.590988030668518 14.152861714044944 13.59888856361897 12.911237074413775 12.072090160722778 11.064652578015535 9.873469973893423 8.492519440412487 6.8900150052797136 4.607270661022172 
5.306688921300359 7.578800837247789 9.053958055349066 10.25988573416559 11.283912292258316 12.153558633043588 12.883433231312123 13.486504589923484 13.975938447295198 14.365210579309379 14.667541038715363 14.89520189468592 15.058883403825535 15.167179188319551 15.226197450810908 15.239284442807561 15.206841599479953 15.126221922779495 14.991700112954556 14.794521168508094 14.523040429804366 14.162971124739679 13.697750004266798 13.109013080864061 12.377131500355125 11.481672441395107 10.401372144080995 9.113096571729258 7.582286971880885 5.718023337012863 3.4386036432349356 
3.88655945569538 6.168255419774425 7.969634764421283 9.399002206166868 10.575900132276928 11.553097032103897 12.360953326608797 13.021569662736637 13.553870977015237 13.97512110711184 14.301152363235337 14.54610499135209 14.722030813851337 14.838510053579322 14.902337088507108 14.917287733350696 14.883963705825796 14.799707568955851 14.658586839003334 14.451454075809522 14.166096254182527 13.787487384629287 13.298148781790806 12.678595567503411 11.907795438037757 10.96345600125473 9.821762610680533 8.455350009892712 6.827240479106262 4.895091271750916 2.6255058044320827 
2.916687215416015 5.190862663546555 7.088859074911332 8.655765848391422 9.94865514428954 11.016553920390722 11.893945756415466 12.607583655013618 13.180142983090187 13.631760480244708 13.98044825322277 14.242004950703837 14.42974068577206 14.554173293838357 14.622765315947932 14.639725203425446 14.605875675625606 14.518587131212504 14.371777781348879 14.155989355425602 13.858553072959035 13.463860702230741 12.95374577248662 12.307956128872734 11.504655694561496 10.52082777954468 9.332346897844948 7.913540253919427 6.238025097790426 4.282855764923312 2.0378833074576357 
2.2270138770315357 4.475995368498566 6.411216682902097 8.048395645053287 9.418356388637164 10.554929929016 11.489182907634868 12.248283894741004 12.856430994558211 13.335433831271937 13.70482812457104 13.981704469059837 14.180423377538336 14.312322777496906 14.385470786279818 14.40448267676516 14.370404341882667 14.28066080526544 14.129072628915258 13.905950704108365 13.598286375638107 13.190055115393909 12.66264487730136 11.995403280065293 11.16627316106599 10.152464959119738 8.931152210563758 7.48048361046418 5.781527718700933 3.821839794685407 1.6001266149290398 
1.7215591686877507 3.9461048928116873 5.893447147157442 7.567691918805659 8.9856326822651 10.17073586906372 11.14857286179158 11.944454016019263 12.582462713537527 13.085029240001242 13.472556260536196 13.763020006414898 13.971580501930655 14.110242428945808 14.187589563959515 14.208597943039758 14.174523741093612 14.082861754273514 13.92737679831497 13.698219538425906 13.38214625246906 12.962865271672332 12.42152909946242 11.737380800009435 10.888551377184333 9.853007462184832 8.609701046796761 7.140064585457578 5.43004721883062 3.472689354315015 1.2707856727596258 
1.3470995935591947 3.550757607250661 5.5001541195891415 7.193963881759283 8.641593465272718 9.859833830890729 10.869702195969133 11.694071202743023 12.35608982387092 12.878113373371459 13.280900726574414 13.582959976727945 13.800012920827543 13.944575241156942 14.025648559995338 14.048514155073008 14.014615689179392 13.921522316568709 13.762972733099074 13.529012091797505 13.206243596040464 12.778221772020276 12.226013007646985 11.528941503547038 10.665529787718757 9.614641337226496 8.356842801484191 6.8760107696050214 5.161166384288852 3.2083925302014413 1.022492822964731 
1.068831587118992 3.255687720336695 5.203242740451407 6.907457037552417 8.373612230173523 9.614306339583523 10.647210818722987 11.493012386862013 12.173706572561343 12.711234455168462 13.126394531169733 13.437974243766002 13.662069996891471 13.811576143730687 13.895823171544084 13.920342763842928 13.886738822370107 13.792650778170877 13.631807425911026 13.394183155251783 13.066280257697382 12.63156765568999 12.071105773222731 11.364379174550638 10.49034531080292 9.428692516094095 8.161283730889775 6.673736984220663 4.957047379725518 3.009084455362887 0.8357274325382297 
0.8622247234535402 3.036030250056891 4.980675296900934 6.690633224338835 8.168729167068129 9.424849929395474 10.474285215890234 11.335975400542608 12.030849838745247 12.580349781971824 13.005172343549756 13.324243641323053 13.553915086863888 13.707366039883668 13.794187109811586 13.820113925780756 13.786883582602242 13.692195288932918 13.52977100007725 13.289527699159182 12.957886646728971 12.518252678649532 11.951695701736897 11.237855668543562 10.356072180566686 9.28671275474554 8.012642380634423 6.5207433694826715 4.803360763029593 2.8595201385664195 0.6957527293353187 
0.70897102609826 2.8729295752475177 4.814971130754789 6.528623853274741 8.015071101344782 9.282305568221073 10.343870516789458 11.217357989552264 11.922828374080288 12.481288547494103 12.913328090950474 13.237973089698919 13.471780307124225 13.628164859076085 13.716934582385576 13.74399542564629 13.711194087224191 13.616274877691705 13.452944229381817 13.211054466275709 12.876934100463165 12.43390085194354 11.8629921861238 11.14393399396656 10.256340669282913 9.181101846967163 7.901868957543061 6.406518655043071 4.688451323039108 2.7475886353808465 0.590963669880174 
0.5947360348485408 2.7515071585012603 4.692040568316267 6.409068327352792 7.902414580541955 9.17852283918942 10.249531816335693 11.131980008357175 11.84528642499168 12.41018199028712 12.847246391821022 13.175655366577697 13.412186555039755 13.57048500796134 13.66055924714415 13.688465921681123 13.656142839786025 13.561362630995546 13.397798196002325 13.155211923946037 12.819798795883312 12.374724333704101 11.800897437364217 11.078001593923531 10.185773440142025 9.105466968458284 7.821384172285462 6.32230825959173 4.602668089949888 2.6633068548760486 0.5118108568571669 
0.5076312024991354 2.659433060629503 4.60023531068709 6.32178955015382 7.8223898331212816 9.10687140100109 10.186058791618404 11.075645100971313 11.7946663535893 12.363822205084265 12.803875282116818 13.134280762439918 13.372110684561846 13.531271971146628 13.621979761052966 13.650433865376487 13.618649865144775 13.524411775179932 13.361335199638964 13.1190538476152 12.783563655049614 12.33777290219163 11.762308534507435 11.036612787941337 10.140324547903864 9.054873043243346 7.7651252348006645 6.260851678498971 4.537764133838553 2.5979744152139337 0.4499132339085714 
0.43686214982909627 2.5856537385240594 4.529481008958927 6.258461197026218 7.768606658857505 9.062639187818696 10.149950423764722 11.045590409166964 11.768571422004488 12.339932721725976 12.78092057360349 13.11147632388561 13.349088309976674 13.507984677155516 13.598607376034984 13.62729898166387 13.596143279960081 13.502920659754954 13.341165093423976 13.100336850211258 12.766150375290819 12.321115974945771 11.74536202526568 11.017794425553886 10.117612106616287 9.026118385374815 7.728632071501159 6.216143493357818 4.486273664008066 2.543257970525799 0.3970840644041001 
0.3710955711465478 2.5188998425164617 4.470373938539153 6.212394175762415 7.736943233768037 9.043531590553378 10.139909389202815 11.04087652326546 11.766036584233907 12.33734073446994 12.776948515727666 13.105564344538944 13.341246383728897 13.498613677295713 13.588356255441026 13.616958221301788 13.586563099952683 13.494937024786912 13.335514818106311 13.097544322657518 12.766373514756701 12.323950647421615 11.749626189187508 11.021349874287454 10.117334501104818 9.018187386404975 7.709349237100834 6.183313795196762 4.440785048365546 2.4899316805110514 0.3439377175733043 
0.29582045240350374 2.4454664345048123 4.413162740402628 6.1787527476896775 7.726350976982784 9.050508555946209 10.157433738124517 11.062732153507717 11.787693775840642 12.356032597506562 12.791382845747128 13.11553289834265 13.347264229227344 13.501639979020695 13.58960181337184 13.617762487807322 13.588314231104652 13.499005639873571 13.343171502898354 13.109831271859951 12.783903425393229 12.346615198970978 11.77621940881502 11.049158456261258 10.14182946991332 9.033081977573094 7.70746632325324 6.158929479420355 4.3930543117162255 2.4258186238805766 0.27741345788816857 
0.18826883590989693 2.3449906479311475 4.3470221331780206 6.155990934946743 7.74092159600504 9.08910442671721 10.207477589515475 11.114787348566312 11.835775805455635 12.397056971540701 12.824378706082971 13.14091370203169 13.36626617916532 13.515941978366556 13.601096576505642 13.62843431288457 13.600178375321448 13.514067120631756 13.363362526629484 13.136884977813851 12.819118690838685 12.390467903910743 11.827789968456896 11.105390055347316 10.19672895392518 9.077156637067427 7.728028160113056 6.142504742700685 4.333380056336722 2.33168563827671 0.1758123432423227 
0.002154297634045666 2.1838968178469385 4.259845461207325 6.152609840252463 7.793441597603697 9.171019257220971 10.298928774379092 11.203018996151233 11.913855890789613 12.462225715620841 12.876556494566325 13.181568291769329 13.397655160781733 13.54066303181126 13.62185702899762 13.647960086793045 13.621198252250673 13.539320236900062 13.395581247912107 13.17870101094264 12.872828293025005 12.457576292541665 11.908246654412087 11.196448159601612 10.291445368251331 9.162733999264004 7.78453247303308 6.14332047109659 4.250474848481728 2.1747760457061007 -0.006377430303263694 
-0.35028994635179533 1.8730852452938074 4.171765524230826 6.197465557103637 7.909320289566442 9.31508938856474 10.444401718420282 11.33514043610718 12.02619657704336 12.553567469765106 12.94859215108677 13.237396430333542 13.440905945701655 13.575058058430182 13.651038437514904 13.675473155131046 13.650550915263644 13.574065574745823 13.439376097008104 13.235286722737499 12.94585707811677 12.55016740904447 12.022107873685382 11.330365779200447 10.438979696522372 9.309101970620082 7.902896948439167 6.190782925929508 4.165041756278125 1.8665699815519372 -0.3563786599678671 
-1.6215627099005638 1.5338045624626484 4.160546258551916 6.347938885273003 8.127569954901272 9.546337873559494 10.658736920788547 11.519164090502368 12.17661420348628 12.672528917052597 13.040693805383972 13.308002941705197 13.495349164875766 13.618343300189233 13.68781685662544 13.71014520184034 13.687429089199275 13.617554070213203 13.494133056408497 13.306326694345492 13.038521907905823 12.669830562807787 12.173371054346362 11.515378154090646 10.654437834203659 9.541588959654492 8.122472418504474 6.342633395615745 4.155211746352679 1.528656155807171 -1.6262302844124228 
-7.996171717130643 -0.1910421596305241 4.308565789544936 7.384210826054826 9.494825475285582 10.924776677782846 11.886575819310133 12.5365413516212 12.981643136124859 13.290634447071897 13.506453450718512 13.656209983788186 13.757607461306032 13.822462868767465 13.858451363928545 13.869932746073708 13.858322565041016 13.822199904399268 13.757200317887108 13.655645407199904 13.505716880746903 13.289712002512546 12.980522765791713 12.535212441156792 11.885028218450982 10.923003113124665 9.492832625554275 7.382040546381558 4.306320337751239 -0.19317127567748096 -7.997658684205213 
-8.830456214924505 -1.2417323245416323 4.3087756917182185 7.987298119002587 10.339522646971334 11.780678957762376 12.636588123741298 13.140546997960188 13.442446880068983 13.629642768390198 13.74975191747079 13.82823848784013 13.879174879560615 13.910786604657714 13.927979765536302 13.933415286073355 13.927940594975436 13.910706396958128 13.879050158022213 13.828064682276823 13.749523978987984 13.629354996793694 13.442089483820341 13.140095927822783 12.63598914865045 11.779839202496154 10.338335124003342 7.9857144956598765 4.30690467625096 -1.2435602850714322 -8.831797982197209 
-8.924932828708737 -1.2412277872634834 4.539119652848487 8.459479184922435 10.894475696931156 12.298835560360786 13.060279491921026 13.45781455532747 13.664939738354768 13.776865330952877 13.840982347598606 13.879625139667848 13.903387093869856 13.917616720804311 13.925182351372019 13.927548952691001 13.9251714636125 13.91759436988328 13.903352249172453 13.879576666557044 13.840919667576397 13.77678837214668 13.66484290685859 13.457661699558587 13.059948457082047 12.298059450295193 10.892867002852892 8.456735692001924 4.535364031930225 -1.2452130416770384 -8.927935945089857 
-8.514476990702166 -0.6581819434954073 5.107153408343683 8.97859120442108 11.322915440683714 12.608556369890737 13.25462481969262 13.558403084861235 13.696972881436988 13.761530680193554 13.79378418828119 13.811322920914456 13.821407850914696 13.827200276409068 13.830203501037152 13.831131943482092 13.830200767220642 13.827194651628867 13.821399104425362 13.811311214676442 13.793771795308553 13.761525550832612 13.69698796136848 13.558422353516503 13.254473106283964 12.607657738815776 11.320187842909837 8.972868723250826 5.098295285189141 -0.6683500291255602 -8.52230019191665 
-7.16707087007909 0.40736340924267006 5.975465488829485 9.597040744573972 11.6791203576419 12.740646137799725 13.224620819601574 13.425314292267489 13.5036125171323 13.53410980629309 13.54691478254611 13.553001919038765 13.55621377313503 13.557966197848383 13.55884770683356 13.559116343087084 13.558847218753291 13.557965185123342 13.55621219313814 13.553000211355824 13.546916946113523 13.53413469255686 13.503716743164086 13.425592271966458 13.225034934461325 12.740395181542771 11.675697420171756 9.5867646538557 5.956289009903327 0.383060756098132 -7.1872990880028595 
-6.170266860427038 1.0604742836016643 6.35633879270363 9.675947966493156 11.483982307254752 12.342945464527684 12.69930363371225 12.82946422155793 12.872355960278759 12.885864315486883 12.890375687172543 12.892152714214646 12.892985516226178 12.893409712144736 12.893614550996471 12.893675738569844 12.89361449651861 12.893409588927284 12.892985269218322 12.892152662580022 12.890380891746597 12.885906295946905 12.872558021371113 12.830147366197272 12.700939395351059 12.345352642366654 11.483549659393795 9.662683039423927 6.321921762292302 1.0086028889546943 -6.215479147970127 
-6.270654388605353 0.789702057079282 5.682830570470699 8.614208666965478 10.152761655211524 10.849932637356792 11.120375627128022 11.209869036124891 11.235289623978026 11.241705198321235 11.243302525109115 11.243776981000574 11.243963647247709 11.24405057150169 11.244090473262133 11.244102100488908 11.244090470642965 11.244050553226955 11.243963511979235 11.243776906158297 11.243309000706239 11.241766867781159 11.235627222858485 11.211177622106138 11.12419091338719 10.858239400935888 10.165028545038579 8.613929501885993 5.626459089058279 0.6829376457963211 -6.383140260386776 
-7.135664098789956 -0.52445033503784 3.5171662021136014 5.919596928990227 7.169041800911591 7.723026848190103 7.929981001675724 7.994330241306194 8.010779034871192 8.014221140255307 8.014838744523313 8.014957857078343 8.014993265619948 8.015008097639145 8.015014493295547 8.0150162929697 8.015014495690187 8.015008089674375 8.014993110439661 8.014957580648018 8.014845697882853 8.014297730780575 8.01123515647046 7.9962509597614515 7.936193949325567 7.739108478687299 7.202186415799101 5.975544473342721 3.5171389696706368 -0.8126308008402383 -7.36126050990439 
-7.065654993218756 -3.4647771555292035 -0.6962020601954952 1.0894897571883753 2.0346938742912304 2.4532911759162532 2.60736208360297 2.6538181895436455 2.6650178442171435 2.6670964253016547 2.6673786819891654 2.66740779437718 2.6674126764491044 2.667414713500498 2.6674155524708545 2.6674157726245866 2.6674155552047103 2.667414708129518 2.667412520200894 2.6674074042721694 2.6673850781042265 2.667174133784838 2.665505088844677 2.6559699129054537 2.6147482347253725 2.4740148969775726 2.0852139889576513 1.1958692464904743 -0.40774431990385807 -3.4643016163505362 -9.045888565670081 
-9.679185086540635 -9.02423970858272 -7.247792728370147 -6.0393758910157915 -5.38675472876382 -5.096797025911072 -4.990389064940503 -4.958603583495354 -4.951090140310848 -4.949755843412043 -4.949595839312899 -4.94958598127376 -4.949585637864992 -4.949585300503194 -4.949585147821327 -4.949585113550659 -4.949585145674049 -4.9495853040163285 -4.949585758941995 -4.949586315037863 -4.949591052671719 -4.949695366676942 -4.950703721662454 -4.956866126370781 -4.984310240091924 -5.079146914780422 -5.342641102925694 -5.927170150042789 -7.022016363825372 -7.0411762954543935 -9.67689659422132 