Step: 1305.0
12.155302556727692 12.035811910178497 12.594343553404695 13.182602527009422 13.795410229476609 14.362872061869018 14.857937297878134 15.272582744906709 15.60894823977466 15.874149151651354 16.077333275313666 16.22789500487274 16.33436200554635 16.403696880577062 16.440862217246 16.448550135234974 16.427010225764132 16.37393572737549 16.284391528644623 16.150789784623182 15.962938658184774 15.708205934585521 15.371852533746315 14.937606029457703 14.38857767586628 13.708708961976791 12.885294158497844 11.912667537242712 10.81159786979391 9.465429343363592 9.449121569268833 
11.541914161095546 11.144536161090683 11.663986918561628 12.374291979809076 13.071589252896217 13.705064856078868 14.251969862025009 14.707442895581801 15.075684222646446 15.36540392148339 15.587068487475364 15.75117875180859 15.867168632330076 15.942702976400573 15.983235745920949 15.991733558764748 15.968498883761745 15.911052315771789 15.814057517825658 15.669295480641194 15.465715198896863 15.189604075092706 14.824932955692208 14.3539408611657 13.75804328339947 13.019215217976127 12.122082182693578 11.058480626155825 9.825956282523174 8.57821517556337 7.574612264639506 
8.67504594740798 9.609917342073793 10.567902769956554 11.491746964480269 12.329983019162816 13.058416038906621 13.67305294380854 14.178223131147671 14.58337158874724 14.900490148325638 15.142294476044137 15.32091931539719 15.447012010937991 15.529124218405766 15.573317594590158 15.58291270256675 15.558326134923847 15.496960110861538 15.393130623723575 15.23804235168929 15.01983807851894 14.72376427188517 14.332500140865264 13.826693179769848 13.185729878969815 12.388734690774022 11.41581068928757 10.248639760179957 8.878507088124644 7.271035361385703 4.965644624762789 
5.628147040608821 7.921042712210791 9.401665451876726 10.59867035513321 11.601255931789776 12.439416723140097 13.130584493423745 13.690701705626504 14.135852221881454 14.482175451168548 14.74516435101562 14.938910370303196 15.075473197589064 15.164416847688653 15.212494298442564 15.223441672947809 15.197842200957306 15.133031675052777 15.02303537531843 14.858546788729248 14.626976365543982 14.312609455610037 13.896911582212537 13.35900031302606 12.67625465275806 11.824934215911023 10.780381864635146 9.51622011965686 7.9950229386214025 6.123676768769565 3.8194388357901374 
4.2348701559632955 6.539477421153197 8.347852250761784 9.768959703962885 10.92410581748124 11.868610495391213 12.635864304212696 13.251186753510895 13.736650965097537 14.112386609251306 14.39666612906292 14.605579167734957 14.752641455557692 14.84846704617677 14.90053335183654 14.913024796938958 14.886728241449022 14.81895871986906 14.703509348594416 14.530638114659876 14.287120950023892 13.956409394366826 13.518926252020815 12.952506407137305 12.232930648265494 11.334377183840962 10.229400833242265 8.887200197876707 7.267888802820778 5.327109039196061 3.0307065393105126 
3.293872172902474 5.593150077253986 7.499553611155737 9.058752545976354 10.329563132488527 11.363646285461142 12.198680726784199 12.864844821176492 13.388172385365444 13.791856642728183 14.096509606763584 14.320003920206766 14.47720375607087 14.579720536634063 14.63573483838657 14.649879565297795 14.623163476302505 14.552917348109215 14.432759293336023 14.252594252294061 13.998679264148976 13.6537949021716 13.197558434676562 12.606890051033146 11.856593496952785 10.91993398558175 9.76897481772719 8.374473994322665 6.707097152418171 4.741939126521039 2.4681975893197445 
2.633910734788868 4.910216117525215 6.855226237242278 8.485216220828095 9.83278623739756 10.934498255513837 11.824767158733346 12.534372057964564 13.091060489787196 13.5198747432858 13.843099308966556 14.08001500076742 14.246620020250063 14.355400517939623 14.415173643652105 14.430991924466966 14.40408610463924 14.331828519114213 14.207714394717263 14.02137798501607 13.758678170001115 13.401898493072403 12.930104745877864 12.319686038033856 11.545074095686088 10.579601748704947 9.39648249834869 7.970182097778933 6.278758653056245 4.307806644834533 2.05541729941354 
2.157916907599489 4.411978961109628 6.370458621783679 8.038020121939669 9.433287376095985 10.582564351629152 11.514918697691705 12.25944272579444 12.843943950257556 13.294246268477663 13.63363699631207 13.882388181149185 14.057372725633053 14.171791685005367 14.235004103762538 14.252432867066764 14.22551610135898 14.151682717670425 14.024348654956961 13.83295198747859 13.563064795034752 13.196632418464372 12.712392484519667 12.086515609282655 11.293491148976385 10.307270758227395 9.102716680934707 7.6574727187347 5.954408866497114 3.9845777642018114 1.750168854008237 
1.8117126820689493 4.046985217734377 6.008803050072947 7.696410790149668 9.12110951466776 10.302637521350249 11.265651392222555 12.0369657651479 12.643613746912244 13.11148988309888 13.46435930813628 13.723119157488952 13.905269167566074 14.024561727023915 14.090794383909397 14.109701409935626 14.082904128203506 14.007893308600671 13.878038160708176 13.682640694575069 13.407076305729259 13.033076488325415 12.539213931926318 11.901642828861709 11.095131348972624 10.094407794706022 8.87583251392664 7.41939312630238 5.710958628523672 3.7445853981863144 1.5244693505280618 
1.5597274531641 3.7801442654263346 5.741300383497683 7.439743391166912 8.882717556448194 10.085877909915926 11.0706728184106 11.861880547430957 12.485526910038685 12.967222498306624 13.330878479198441 13.59775070375757 13.78576682091597 13.909088990601662 13.977857736715947 13.998060033725338 13.971471969030935 13.895643562886022 13.76391768587458 13.565501963730261 13.285636957614617 12.905920784256322 12.404855735368836 11.758674460488574 10.942482924305043 9.931727767327025 8.703958768477294 7.24080871031635 5.530045640471893 3.5674676987028353 1.3583367987854584 
1.3768929134103614 3.586009091824391 5.545293015112833 7.249826887405876 8.704469353020665 9.922273447955673 10.922438671615947 11.728137446118884 12.364462839876722 12.856640796897299 13.228571560147099 13.50171368034803 13.694289584156303 13.82076663784105 13.891551806225719 13.912833822820964 13.886515358796666 13.810197373614654 13.677204912620917 13.476673159982004 13.193739147032531 12.809902817470332 12.303626534045836 11.65123150418482 10.828122319739455 9.810328878697886 8.57630251816279 7.108845688737547 5.396998983741036 3.437666651141396 1.2367475196005004 
1.2446119603640324 3.445407133979108 5.40295093113035 7.111406779838221 8.574066559343855 9.80220048482146 10.813393027270784 11.629602815362954 12.275176801986822 12.775007360130912 13.152961014109 13.430643243723187 13.626505870452714 13.7552591909933 13.827524265933821 13.8496525262737 13.823648360474522 13.747151845966751 13.613468356918975 13.411663885223295 13.126773768862574 12.740192322945536 12.230316157672135 11.573500389614303 10.745352540807586 9.722335815245941 8.483589514372596 7.012813254367278 5.300019922991523 3.3429532091145004 1.1479928542478277 
1.1485072467757407 3.3434057615537434 5.30010433135997 7.012002955156535 8.481116987098368 9.717286094130893 10.73682619174662 11.560776389437551 12.212958199217601 12.718075780982009 13.100042083532772 13.380639818479809 13.578547065103537 13.708695385159059 13.781891735972359 13.804623863778277 13.778977757297183 13.70261932433375 13.56882466010105 13.36657811759965 13.08078889186719 12.692698864609977 12.180560755680682 11.520650285919343 10.688634965849255 9.661256215512774 8.418201261808976 6.943969917120675 5.229509212554156 3.2734173220162988 1.0825990527360774 
1.0768736548383806 3.267862699676602 5.225272541190316 6.941563163993097 8.417315113850037 9.660893900260023 10.687451530558322 11.517323944294517 12.174064330480888 12.682422045746097 13.066530302417243 13.348455962780596 13.547154093341026 13.677789840893816 13.751347476141802 13.774435037155481 13.749204614339286 13.67333514304456 13.540059864083032 13.338258443963637 13.05266845888749 12.66429656550436 12.151119441069593 11.489150797093263 10.653905625575597 9.622211153807724 8.374203804795636 6.895245342515842 5.177451881633411 3.2206079197207327 1.0324258370237127 
1.0192950872145305 3.2081209617030333 5.168764026655734 6.892097465062309 8.376532729067273 9.62848292827321 10.661846891267349 11.496481681740443 12.156038365379494 12.6656728481107 13.050017132895107 13.331600477634238 13.529748124183248 13.659893570245568 13.733200553799193 13.756386474140825 13.73165711326714 13.656694179284457 13.524675899227155 13.324351644939483 13.040229853257555 12.652969312259843 12.14008081513111 11.477040339059595 10.638873875374426 9.602181829677743 8.347409926030986 6.860980237412082 5.136773551425078 3.176595808800106 0.9896716008740817 
0.964971494436896 3.153477136587449 5.121738834389332 6.8574333460467685 8.355072943539898 9.618063713881666 10.658897987532908 11.497391331013008 12.157926253985696 12.66662809780975 13.049028177266194 13.328357314391889 13.524427328316058 13.652978906082964 13.725354483759112 13.74836690349166 13.724263614389448 13.65072378275659 13.520867282896583 13.323297231444853 13.0422390438005 12.657876035245259 12.147009847206155 11.484185329191659 10.643399124914806 9.60043199573291 8.335660057887836 6.83678980583707 5.100593692221213 3.1326886929830695 0.9454534620948833 
0.9000246024390738 3.0909146478777525 5.075164093746853 6.833419112864314 8.352454955788792 9.630996823579903 10.680335021737674 11.521383603045274 12.180383587796767 12.685265292766585 13.062976999714552 13.337719227968785 13.529895295754121 13.65556825337621 13.726236886935673 13.74878214349112 13.725477978963259 13.654003402699086 13.527434820283641 13.334239876823164 13.058336145767289 12.679320438710217 12.173016725051655 11.512528878275965 10.670006819132045 9.619314089933352 8.339656830746483 6.81986712949195 5.061327775206658 3.0773400731852116 0.8872890512732681 
0.8023179787159778 3.000803644276711 5.019093315809151 6.8193965559846585 8.373497442203444 9.673278486952888 10.731329222822385 11.572141167712488 12.225618092154198 12.722594851810971 13.092003100752192 13.359237559009625 13.545329798124941 13.666619010929587 13.734694122032746 13.756452037478093 13.734171209657926 13.665543363286481 13.543644837344187 13.356866215325217 13.088857412642176 12.718588856800967 12.220683526509166 11.566244837113516 10.724490143079578 9.665582222455722 8.365104734620427 6.810543552792463 5.010081439759842 2.9919794482030744 0.7940449559709604 
0.6258382892991041 2.8502391392456525 4.942523181537671 6.825169636920034 8.431926256999098 9.75708031395046 10.820877553944282 11.655555687975333 12.29706483757562 12.780321487611419 13.13668325196973 13.392794441514928 13.570205240722254 13.685380166941147 13.74986671268544 13.770491289728653 13.749505085421635 13.684637888187442 13.569046389264189 13.391170493868021 13.134539557812467 12.77760579451932 12.293737453367463 11.651600478967028 10.81631255149714 9.751966354614003 8.426371947392472 6.8193310995182745 4.9365975094365595 2.8444489255239014 0.6204144641132051 
0.28229179733218823 2.5496743828861628 4.86801943392062 6.881676881294007 8.55433101704247 9.901587767242873 10.961436107501354 11.778998335107183 12.398671391906726 12.860275479153106 13.197620630358971 13.438316290796703 13.604089907968623 13.7112398682887 13.771062828611031 13.790190591870415 13.770804782132286 13.710711049246159 13.60326637936407 13.4371659380284 13.196107675978022 12.858366331754464 12.39634149769533 11.77623946964889 10.95826331425548 9.898044975638456 8.55049432014159 6.87765461885133 4.863948563165405 2.5457140224927355 0.2785854103827124 
-0.9998093358295945 2.226430444093849 4.878379398750407 7.04948611169693 8.780968682691936 10.131723874461235 11.167142476750161 11.949729069264455 12.533716544275483 12.963627196514382 13.274952810369715 13.495468944701763 13.646449317220442 13.743586793072673 13.797647384538907 13.814913796560916 13.797447753858911 13.743177827642565 13.645812786702434 13.494580442887683 13.273785232651019 12.96215520213021 12.531921717893002 11.947605351410594 11.16470133569174 10.128998641226884 8.778017436765918 7.046392521583642 4.875251507020207 2.2233988861381384 -1.0025639138573883 
-7.434334782559958 0.5966456707536544 5.1502499914170725 8.174699179901587 10.175210585047077 11.477079812411937 12.31950252042811 12.870102389494024 13.236841273577653 13.485199606197268 13.654408201948034 13.768799830859987 13.844250212106218 13.89137685611225 13.91705827756676 13.925180232650993 13.916999515186639 13.891256030785538 13.844061094781054 13.768534010937977 13.654056166049523 13.484751940691998 13.23628952843039 12.869439178636876 12.318721284404276 11.476176260836153 10.174188412184545 8.17358063049417 5.149087878897271 0.5955375297211667 -7.435104640657311 
-8.23223883439624 -0.40812163330510876 5.2048416905783395 8.803717349055567 11.002447242150446 12.277532010708903 12.99175165461822 13.39015761679884 13.618864855874293 13.756378134637322 13.842430195332563 13.897256403478524 13.93188791883419 13.952825059799686 13.96397643485648 13.967463544931789 13.963960754833426 13.952792707833176 13.93183702193681 13.897184445459283 13.842334348090597 13.756255283889162 13.618709872756313 13.389957442983517 12.99147520835661 12.277123643215884 11.001840085351168 8.802876553895137 5.203824424734606 -0.4091281624884501 -8.232981077479334 
-8.299867245378477 -0.3744167415200601 5.455327550956702 9.269941659006962 11.523011232064206 12.742283191784079 13.356381838488874 13.653423965900323 13.798138151210468 13.872680071136024 13.91410669330906 13.938481847166512 13.953089882820384 13.961604634308438 13.966028704387936 13.967394988685182 13.966024920439933 13.961596802126893 13.953077510382522 13.938464345647846 13.914083725615523 13.872651819193857 13.798102549862092 13.65336137827836 13.356215915425725 12.741834074723556 11.522003093019928 9.26814455714419 5.45280329995971 -0.37713152766443087 -8.30192398549431 
-7.852299288565721 0.25273828159787 6.047004059353241 9.78498012528467 11.927009966888216 13.021562186868975 13.526883077043635 13.743148436926498 13.833125727987683 13.872103713599934 13.890749459116732 13.900643059244427 13.90620473319733 13.909317263562729 13.91089259684674 13.911372724691144 13.910891779665896 13.909315566192106 13.906202039372856 13.900639322335875 13.890745451423427 13.872103409126128 13.833138171884602 13.743169506983802 13.526800665232251 13.020951510050429 11.92501548813943 9.780621053636557 6.040092626579274 0.24469027411583666 -7.858514476829161 
-6.402908838638008 1.4141888561352214 6.982091335948403 10.434115275382332 12.292824046142037 13.164248527885352 13.523202544107876 13.655806595424172 13.701733601467073 13.717911229247305 13.724315940825724 13.727292111605703 13.728837872586821 13.729662283948691 13.73006699951975 13.730188446474688 13.730066877304473 13.729662028960172 13.728837450756874 13.727291505868195 13.72431613802691 13.717920197223883 13.701784437558453 13.65597317163297 13.52349488057577 13.16407487600396 12.290051254312504 10.425418048447565 6.965417781575693 1.3927617781178354 -6.420857439184888 
-5.296093066673167 2.180235289178238 7.463487887662906 10.597512507423112 12.178309685386383 12.858070826970527 13.10725387745913 13.185817567922145 13.20782779736339 13.213793387113059 13.215613886401783 13.216316592362862 13.216644312859064 13.216807876099887 13.2168847357035 13.216907274222192 13.21688472627243 13.216807858116471 13.216644260699901 13.21631636881022 13.215614193835988 13.213805858376734 13.207920591184369 13.186224553822452 13.10842355260799 12.860056467497875 12.178003463579733 10.585225622944266 7.430725895549915 2.1300328540683444 -5.339991688670996 
-5.304308546786905 2.0312172449062937 6.9253325464439985 9.68485291155745 11.0166922212478 11.557220775825451 11.739323304359278 11.789798030264052 11.80134767832467 11.803646877949838 11.804128461455395 11.804269638256494 11.804327043791712 11.804353377718215 11.804365076106397 11.804368409814398 11.804365076093841 11.804353382245694 11.804327025261085 11.804269319450274 11.804128182492825 11.803662932307518 11.801499016332588 11.790584731742488 11.742121476040047 11.564248775407139 11.028258075935984 9.684679485828745 6.867507311652739 1.920857751663671 -5.421212922257829 
-6.093536937279778 0.8214245235881319 4.8691746359543835 7.126240584113844 8.202496804592398 8.62791621103619 8.764699568238377 8.79962200633149 8.806475592534163 8.807476517402609 8.807594819464457 8.807616299188012 8.807624392397372 8.807627773225962 8.807629133175142 8.807629503559454 8.807629133483752 8.8076277807173 8.807624382045548 8.807615888163578 8.807593884222701 8.807494349376094 8.806675891270226 8.800782269624161 8.769327467442782 8.64182518518923 8.234287704211596 7.183803644165285 4.869161554654301 0.5145367657629806 -6.334283232373161 
-5.901973334411626 -2.142930930763176 0.6131360439945661 2.2831385473966623 3.093821115848832 3.4137521325603624 3.5148314950007298 3.539641121832091 3.5441035206911495 3.54461955002666 3.5446438361498513 3.5446432975341042 3.5446441177352135 3.5446445118852052 3.5446446229125494 3.544644648337329 3.544644623065245 3.5446445197188945 3.5446441144206102 3.5446428783791757 3.544642533683751 3.5446361456015363 3.5443142084751007 3.5409426265804598 3.52038538967587 3.4318850026442087 3.142959093167791 2.393242168071959 0.9201995525490793 -2.1426405951023675 -8.015394107443623 
-8.645049328171142 -7.997976622332032 -6.2386984888826404 -5.113074105807452 -4.554674499786012 -4.3334879917473845 -4.263820761059498 -4.2469163096986735 -4.243962845742294 -4.24365204245601 -4.243646901047216 -4.243649652477705 -4.243649606906909 -4.243649504547321 -4.2436494945461325 -4.243649494771987 -4.243649494475762 -4.243649498408816 -4.2436496073514105 -4.243649978072451 -4.243648017356735 -4.243639585430995 -4.243796873534653 -4.245864750892422 -4.259237514910942 -4.31796363528678 -4.511653408754073 -4.996359309349674 -5.997866578983935 -5.882525000722418 -8.64337701448528 