Step: 2925.0
10.333811138452148 10.157323862975643 10.739845692005037 11.351795425118867 12.027218274769346 12.694156028569802 13.31914830913757 13.885073015855069 14.383844660935345 14.812170789136117 15.169309377759674 15.45578353427161 15.672599007511698 15.8207400664886 15.900832379251403 15.912915865669538 15.856297396231081 15.729466591790919 15.530064623031839 15.25489936704753 14.900002790247779 14.460730032056894 13.931907333109775 13.30805341896605 12.583740723343384 11.754248325149327 10.817003366281982 9.773462948518514 8.646588513170745 7.273918002777709 7.3245185652218305 
9.68213212927591 9.168873577424625 9.652927035290201 10.384332502387156 11.146782321764432 11.88689201329681 12.574014950366568 13.193171657979725 13.737348978911436 14.203903885333004 14.59253746813262 14.90410404344632 15.139863443682307 15.300986799312943 15.388219204354034 15.401649102503269 15.340557510002304 15.203331834069333 14.98743473235811 14.689421256480697 14.304999389708168 13.829131781252874 13.256182410201584 12.580125737126675 11.794866447469103 10.894800599113406 9.875815104174883 8.738556699107209 7.483331215574785 6.278311945253568 5.411369138323416 
6.707656307773489 7.508661393759663 8.40724901156841 9.338326942769172 10.240440359498335 11.080088438888527 11.843466710280994 12.523401062719417 13.116986632053806 13.62384563929394 14.04502076226301 14.382213196133353 14.637243110583272 14.811657819033089 14.906445343946322 14.92182944144325 14.857132316565254 14.710696386802073 14.479858600431315 14.160971317158776 13.749463539414185 13.239936094797201 12.626284948634503 11.901848803285626 11.05958187402075 10.092248935881369 8.99273073105762 7.753664858018447 6.376883386410314 4.83958589551339 2.6908537723707617 
3.5277479940997054 5.6723170645331455 7.079643200751856 8.274373959844583 9.337960896098965 10.290363789998432 11.137406600807918 11.882196045914869 12.527305564022553 13.07547189897138 13.529601143018986 13.892566117369311 14.166953365021861 14.354821620160655 14.457495607580059 14.475404873944468 14.407971427364412 14.25354674598505 14.0093961815939 13.671726214816639 13.235747097685042 12.695759745056707 12.045250248568836 11.276965213501308 10.382917260636003 9.354216960955368 8.180399517138326 6.8480089941049584 5.330892066992266 3.5447317554708464 1.4109374145156657 
1.9849485782713514 4.128576284943404 5.852815343582308 7.264540946276227 8.478337929182374 9.539433265952681 10.468764913195683 11.277715551371324 11.973778865704713 12.562688225696313 13.049239671241809 13.437538899088102 13.731000580603483 13.93224906252354 14.042993083487326 14.063911532478146 13.994569493327036 13.833373819026301 13.577570843014993 13.223283482122417 12.765579725215112 12.198558194640455 11.515427202199929 10.708537238731507 9.769293704420718 8.687796430570993 7.4519025125887675 6.044553710293837 4.437054191131499 2.5924744286634507 0.47892456127826993 
0.8849975142292058 3.01057301185684 4.823140323461003 6.366940826477867 7.694515174908286 8.847334726972068 9.850049631424273 10.718046854736096 11.461836501366575 12.089294397018309 12.606714366673335 13.019255681674215 13.331082601427799 13.545356236444661 13.664166731964533 13.688455421880315 13.617955068518663 13.451163204020432 13.185354642777646 12.816632168899226 12.34000782460895 11.74949993452282 11.038221387463812 10.198420027828586 9.221406868726898 8.097267141889342 6.814162111331031 5.357080540751503 3.707840685181108 1.848398277698389 -0.23053780527286424 
0.0615307876151646 2.151336864862492 3.9932141107494314 5.602291638822551 7.004988929066702 8.227469543876886 9.29060172336447 10.209637564772443 10.995963613510634 11.658462329276203 12.20431780526585 12.639415161305696 12.968491976404414 13.195153992597913 13.321829160956419 13.349707407017279 13.278695555930804 13.107404439242778 12.833176008563553 12.452150806125022 11.959369388089602 11.348894521389859 10.613933583270981 9.746932304692852 8.739603451686197 7.58285453957706 6.266636249787052 4.780053420739657 3.1124139728848843 1.2559846615055144 -0.7899588068992343 
-0.578210924967049 1.4766530643134264 3.322980240100776 4.964408284128319 6.413311352518639 7.685297449661776 8.795370897287839 9.75641727284369 10.579119365047966 11.272369613001866 11.84363480105597 12.29916216822468 12.644047994953702 12.882218934106199 13.016372998731544 13.047916429035192 12.976921757146059 12.802122959311701 12.520955634250278 12.129643287063354 11.623324674146524 10.996211646118748 10.24176237833185 9.352852871918918 8.321934663962484 7.14119194737341 5.802788042955651 4.299405489203942 2.6253566360431257 0.7783604266010455 -1.238356285037669 
-1.0845628107600271 0.9391528993372785 2.7801535984266934 4.436702074296376 5.9136981938177735 7.219834395592975 8.365179481676446 9.359691589100262 10.212567074507298 10.932057253254882 11.525446485048551 11.999033758487379 12.358075421436608 12.606696236749743 12.747791493159975 12.782943766178175 12.712373406217681 12.53493578863755 12.248172238152122 11.848415797569006 11.330947820242637 10.690197026936064 9.919970015509607 9.013703211886646 7.96473498395369 6.766619779956782 5.4135442198522945 3.900939839043934 2.2263680349478694 0.39063768475202376 -1.6010799248380627 
-1.4898160739235862 0.507266047908362 2.3394509019122522 4.002309101813483 5.496487825932028 6.826215451167058 7.997821393497646 9.018596026110398 9.89605442622069 10.637502552054169 11.24976667219021 11.738987736872135 12.110435947103934 12.368337730824608 12.515724532211111 12.554317864726496 12.484464054784127 12.305128507810178 12.013954862261947 11.607389808159894 11.080870006547284 10.42906385232064 9.646158540238869 8.726183467887804 7.663366560154328 6.452531779750686 5.089560404503644 3.5719430981007703 1.8994266442953343 0.07469935170913332 -1.8960174783263906 
-1.8164651039509783 0.1583272022546344 1.9811698026994278 3.6461473248846596 5.151296723616178 6.497840999954546 7.689320652736217 8.730797487257576 9.628206147025029 10.387847778657415 11.015985360258275 11.518502662412754 11.900606827493057 12.166571393278598 12.31952639983243 12.361305624453003 12.292360477408826 12.11174762601525 11.817194118907462 11.405240177964803 10.87145613730255 10.210726421963974 9.417590328089508 8.486627342351275 7.412874597329804 6.19226597553539 4.822084652813983 3.3014194110166244 1.6316051105904565 -0.18339126310169182 -2.136697892808855 
-2.081352550092201 -0.12492566041820989 1.6895520061085032 3.355206554761193 4.8682595277446605 6.227723450545741 7.434965505386074 8.493205199406033 9.406994786295973 10.181711806480756 10.823079721276008 11.336726834441565 11.727792785205482 12.000592474675278 12.158347326442868 12.202992766329904 12.135068986724598 11.95369981243827 11.656662012142752 11.240544699897251 10.70099539440239 10.03304562778874 9.231504501691413 8.29140313759658 7.2084666648117235 5.979583896784416 4.603239856221347 3.07987557373097 1.412145905901216 -0.39494005774506724 -2.333993918695786 
-2.297981391219902 -0.35645703668238865 1.4515263361037523 3.11827817940176 4.6384717296068425 6.0092283540078215 7.230051612298655 8.302583382632589 9.230203214459738 10.017525005269315 10.669853052278924 11.192649907396442 11.591052914996034 11.86946274716822 12.03121792054914 12.078363539364153 12.011519060092958 11.829847714624824 11.531128650122984 11.111931260602653 10.567889011610184 9.894066616907624 9.085408871066377 8.137250759029378 7.045855759203127 5.808933121024956 4.426069807634331 2.899009255582403 1.2317299766116323 -0.5696726266010982 -2.4972338265662906 
-2.478062356052426 -0.5483900664492031 1.2557145086869248 2.925568354323286 4.454120944467957 5.836513404814196 7.070422659800922 8.156060310355095 9.095844068125194 9.893849862362508 10.555169739476181 11.085272044324764 11.489423294566269 11.772202783156025 11.937124083265283 11.986368768398426 11.92063362272814 11.739091237119345 11.43946375076313 11.018209582449323 10.470822385016133 9.79223911813717 8.977348686085941 8.02158204135792 6.921546307511787 5.6756366758401 4.284524540909041 2.7513966341013116 1.081844845435992 -0.7165942469051076 -2.6350964071482217 
-2.632831382806405 -0.7122541729876721 1.091560340915992 2.7683333507800874 4.308567502571443 5.70488708930764 6.952933488894589 8.051575828229291 9.002533496574722 9.809666912135393 10.478162048330075 11.0137484697306 11.422016846708246 11.707862266770727 11.875059923683722 11.925971151436856 11.861375219320166 11.680422983314864 11.38071068301614 10.958474706712126 10.408910013562725 9.726614956183585 8.906161866294935 7.942783321722739 6.833143812820274 5.576127303005747 4.173499270814969 2.630219625411641 0.9541568028012045 -0.8448821952900217 -2.7565517192670015 
-2.774569402783744 -0.8603847533263101 0.9484545807914618 2.638634246615602 4.196580132136075 5.611275186176568 6.875951348659969 7.9883135888712005 8.949823341903455 9.764610893336533 10.43838799553621 10.97748944287187 11.388083511590025 11.675554599879835 11.844047359407325 11.896157783678914 11.83275816320768 11.652947017281953 11.35412058218626 10.932168203786334 10.381799254382164 9.697013036662623 8.871724158324415 7.900551707369984 6.779766523354457 5.508354925609143 4.089069954944085 2.5291012187464528 0.8397992512963678 -0.9650647216002408 -2.8721519740123838 
-2.918970937712745 -1.0079382993810557 0.8147588055953684 2.52945403844451 4.115017995319768 5.5549981299796345 6.839976032998684 7.967135133147196 8.938479937218743 9.759135368957102 10.435917837815813 10.976196343721057 11.387015556169986 11.674444302961751 11.843113466117634 11.895912178039087 11.833818715756587 11.655851384252742 11.359134102315254 10.939080907271112 10.389712917447309 9.70413001605004 8.875166855323057 7.896267609347647 6.762614639336588 5.472538280963497 4.029189620252267 2.4422863049951307 0.728507892775648 -1.0908937885808099 -2.9962546421357716 
-3.0895982759079423 -1.1766336967492887 0.6770391374131468 2.4358160110579306 4.064579466531606 5.538987806847639 6.848369883089691 7.990971883494102 8.970665483568729 9.794569778567853 10.471322132399496 11.009814805321826 11.41828533536197 11.703679140388124 11.871220360978487 11.924141714991228 11.863538671705342 11.688327403381647 11.395299453394921 10.979279203444776 10.433403673847634 9.74955830013096 8.919016849834069 7.933348450962604 6.785672442048254 5.47237260354063 3.995453941474583 2.365807480748214 0.6079306579234015 -1.242990201660649 -3.1513792318269793 
-3.3310005300594803 -1.4005038274871793 0.5196337056148999 2.360333860307807 4.0527897047386805 5.571289896105832 6.908019508200077 8.065050779677112 9.049942241693444 9.873019168155224 10.545531262590998 11.07838783392248 11.481307074289328 11.76226398921406 11.92714767567414 11.979561642613998 11.920722683255253 11.749433197304812 11.462118667581882 11.052937719128183 10.513989017849761 9.835658708019182 9.007173994045342 8.017451594633613 6.856356085335231 5.516531235057342 3.9961039398976173 2.303064386404332 0.46324780283844197 -1.4545281985118 -3.3812488142406396 
-3.7238707103736197 -1.7621638520499336 0.3527054617522115 2.321507720640663 4.097297984515276 5.666169880783428 7.029578054688137 8.196769004168788 9.18100060211233 9.99705332953095 10.659539518516706 11.181797981268051 11.575221383813728 11.84888067264371 12.009334604688478 12.060543469822484 12.003836374424456 11.837905716893921 11.558820622286424 11.16006677913396 10.63263832221255 9.965231806705333 9.144622805787908 8.156336917672357 6.985750823016497 5.619775920145868 4.04933689141217 2.2731386632881994 0.3052166700529949 -1.8074102992510785 -3.7658950952504893 
-4.915240970831376 -2.1659174913824124 0.23189063594068507 2.359886304787231 4.226788021592328 5.843899232140108 7.226906538790802 8.395046449724093 9.369027057233252 10.169145312431542 10.813939203077071 11.319399389270528 11.698611964989158 11.961667441244128 12.115696895477413 12.164943521853468 12.110820562257542 11.951934770600927 11.68406983536366 11.300134551961078 10.790095897837926 10.140945556416252 9.33679156084726 8.359214462363807 7.188053496686054 5.802751306395675 4.184232115916456 2.316973428630073 0.1898344305055859 -2.205735035531535 -4.951000405182149 
-10.855030734088038 -4.274171005172517 -0.2676829169820345 2.7604144002870905 5.130216854379514 6.993339811726807 8.451971157765117 9.58793202456503 10.468725942926698 11.148598709185663 11.669342192618737 12.061813194039438 12.347915297787523 12.542565317547202 12.65530716172409 12.691439804895788 12.652662403045834 12.537282989638983 12.340013657491845 12.051328232630258 11.65633499672709 11.133160973051357 10.45098228509815 9.568041832193996 8.430139238899683 6.969850165432006 5.105500620454797 2.735151038071586 -0.2924282081528482 -4.296664112675967 -10.870730205067277 
-11.883563041994568 -5.603230111427335 -0.6888517935604395 2.9683205240423716 5.715134035068449 7.761504462304781 9.267676612362521 10.364731267911974 11.159022890176049 11.733126610273834 12.147824092738395 12.445601432205502 12.654806284358138 12.793531693552165 12.87267286791148 12.89799859611414 12.871309785239779 12.790808343492186 12.650730466049389 12.440188729464458 12.141098053595536 11.72511176974494 11.149727378213548 10.354123238379964 9.255674818365623 7.748021053409389 5.7002078356389125 2.952341748672862 -0.7048796778223032 -5.617399272806653 -11.893584514904143 
-12.219278985321173 -5.945870124156998 -0.8242138835293983 3.1304295768199313 6.072545323143523 8.201194990877667 9.70176775544317 10.737377425432854 11.442287787208357 11.919542176970676 12.243041596016866 12.462608501405363 12.610051079788887 12.704696383450074 12.757626566077533 12.774476024388624 12.756963338423374 12.703372922358994 12.608075350142574 12.459995461763361 12.239810501209563 11.915700849868248 11.43779407351541 10.732075381556752 9.695323426504787 8.193107797990338 6.062342077015085 3.1180895251008365 -0.8377526976104447 -5.958530943400507 -12.228380422737493 
-12.156971056120208 -5.838189180737814 -0.7174133928653698 3.2729265556511997 6.23093963297128 8.325915021726276 9.751581892338564 10.689851921750499 11.292426209336417 11.674369713849918 11.916086895406824 12.06986584435242 12.16765711611142 12.227944614587782 12.260814696280883 12.271184695241674 12.260518731029373 12.227358001712387 12.166793930838454 12.068754004906792 11.91476915839775 11.672887655806225 11.290765795758784 10.687827904756311 9.748662235204867 8.32108042081994 6.222853941719035 3.2606673093037815 -0.7331824769182153 -5.854511423554394 -12.16911677322027 
-11.481488393422202 -5.494734119530682 -0.5291669960485696 3.3306200577355085 6.151097133311836 8.096967223821169 9.370567834603063 10.1662328742921 10.644972002903339 10.925959376036184 11.089402577686753 11.18501009798098 11.241472256898179 11.274367291566842 11.29166583234394 11.297044391961991 11.291563041024318 11.27416963002884 11.241201916792763 11.184715789920146 11.08917315468429 10.925923300897114 10.645248306312304 10.166777932616977 9.370857351215065 8.095496611318024 6.145051065815463 3.3169314606983105 -0.5512371736535061 -5.520664042608811 -11.502445110057451 
-11.10517859605318 -5.50610853700085 -0.7987333822421011 2.8226453442534583 5.424314252257056 7.178808286034267 8.29141148216857 8.957429279563456 9.336458459229402 9.543923216473027 9.655010207716575 9.714392198642688 9.746554714184514 9.764015157254079 9.772775292931472 9.775443670321442 9.772745901277275 9.763966408333367 9.746516217730068 9.714433929333056 9.655273540395568 9.544649094877471 9.33797431246771 8.960019104793083 8.294946751156266 7.1819811017990505 5.4231184220902815 2.8094536918927338 -0.8288399187264446 -5.548623265664013 -11.14160673296581 
-11.595997229652994 -6.282509394838896 -2.0016961844076295 1.219519726802204 3.5078876784667274 5.028739307157052 5.972478343828216 6.5201256602629725 6.818659789930955 6.9728480442574625 7.049398640502096 7.086717573810689 7.1050044669858226 7.1140633451496065 7.118316577219601 7.119571886459541 7.118312785444215 7.114067933502371 7.105054637956032 7.086905608814553 7.049923448830861 6.974082716829801 6.821205474652989 6.524782997078505 5.980015359385438 5.039183783419934 3.5188442487756557 1.21874185330238 -2.042101683240006 -6.356349235833488 -11.67285515235919 
-12.621950675863966 -7.801672753131482 -4.2899183824789215 -1.6288968880633767 0.2686422003847961 1.523633014567089 2.292835805847608 2.730228900191946 2.9616016046617486 3.0760664467249486 3.1295585462299242 3.153584138735368 3.1642161507070155 3.1689435797480585 3.1709739585617527 3.171545885349894 3.1709781362921956 3.168965190578917 3.1642966638135324 3.1538296866555986 3.1302074121275996 3.0775920982005007 2.964839824170305 2.736496700350679 2.3039952197154197 1.542082648000889 0.2966296529785602 -1.5894672698675354 -4.289851557007355 -7.9913280405717115 -12.76760088399247 
-12.914543257289097 -10.269143497182778 -7.810300473275271 -5.798397548231314 -4.336501966721354 -3.3665548900429054 -2.7750527830721334 -2.4424905583160923 -2.269742877215002 -2.1865872519537266 -2.149274309939274 -2.1334876031522008 -2.1270636675119206 -2.1244895398977164 -2.123490251664532 -2.1232251500330146 -2.123484538318057 -2.1244656764639034 -2.126982195862608 -2.133245644909734 -2.148635304860146 -2.185065415981815 -2.2664370815711603 -2.435861503279957 -2.7625813663346124 -3.3440632691375742 -4.295798719238769 -5.725088666748976 -7.619326647450437 -10.267371348682774 -14.23387314076429 
-14.784498305968546 -14.1965780278488 -12.588951280068725 -11.208663165931757 -10.189707324075851 -9.511524711839787 -9.098387351639277 -8.867018301317508 -8.747645593562536 -8.690783477461956 -8.66567628074703 -8.655314352877122 -8.651253965571618 -8.649710157173184 -8.649144927524961 -8.64900070846199 -8.649140353462272 -8.649691603480473 -8.651191435575557 -8.655129100679858 -8.665185651196238 -8.689607891043247 -8.745068607077316 -8.861781577995501 -9.088345364335124 -9.492785848090987 -10.154624519228658 -11.132069795960813 -12.44212025927355 -12.870130635559569 -14.779136557297326 