Step: 2655.0
10.564591210995891 10.396549623806793 10.979696897469053 11.59465739775474 12.270173672121498 12.934091245260806 13.553213494998081 14.110989975281646 14.600070078013351 15.017981804711685 15.364826251737933 15.641937530086452 15.851051925300542 15.993762277848013 16.0711471362291 16.08351857805514 16.030259314410078 15.90973284168867 15.719256798965153 15.455132886881243 15.112728941093966 14.686612079583616 14.170739278859251 13.55872915752872 12.8442810171154 12.021895009325764 11.088397589560511 10.044982656526518 8.91485409218489 7.541492210620349 7.582652863624594 
9.91733222346376 9.420042412622108 9.912542260818332 10.64776956770466 11.410654347393107 12.1476389301242 12.828481307501796 13.43885210134167 13.972549367390055 14.427826913767781 14.805304232633421 15.10671771208407 15.334121157601869 15.489346880028267 15.573631940756044 15.587360471661933 15.52989602652914 15.39948928874389 15.193251864399679 14.907189396092 14.536288790122278 14.074656716868672 13.515712170488579 12.852449519825111 12.07781924856321 11.185357333299498 10.170266099590945 9.032774763389275 7.773407313682778 6.558964314428547 5.674023365460673 
6.955219223457559 7.774463196014124 8.684741409018422 9.62181324231946 10.525123491082738 11.361813550124541 12.118677774343643 12.78931645201504 13.371730485764356 13.866523867230182 14.275736714297235 14.602024781817585 14.848065941475353 15.016121132055469 15.10770920731919 15.123373101937883 15.062524534966121 14.923359249988321 14.702836608855828 14.39671752195057 13.999654117062818 13.505323956631084 12.906601743355402 12.195762952727355 11.364718014837017 10.405271138770509 9.30948435922583 8.069364905851165 6.686054841122021 5.135758045552607 2.966550467751357 
3.7900858965989963 5.954646851307641 7.3755626210499905 8.577842228693124 9.643530696144602 10.593284202272624 11.433705680055738 12.168793976788972 12.802125949151648 13.33750718138574 13.778921168971657 14.130267802975494 14.39505460214103 14.576105781172807 14.675315292995576 14.693455190464896 14.630044226326596 14.483277970719776 14.25001880722642 13.925841217969062 13.505124430527223 12.981180337038419 12.346398514616242 11.592379242891136 10.710000457161414 9.689309276558149 8.518896518617725 7.18448019278064 5.659163116335796 3.8579888617235976 1.7020324872953594 
2.2634793234388884 4.428565777038125 6.167849546291169 7.5883187869842 8.804999216302955 9.863784686719024 10.786452799597107 11.585367827278406 12.269113782281211 12.844575747647005 13.317704836835937 13.693704643667777 13.976972675829401 14.170949464838285 14.277950578118302 14.299020402202276 14.233828199871164 14.080616462899542 13.836204520211798 13.49604459064222 13.054321748748976 12.504082416836642 11.837366049262393 11.045297316333729 10.118061752329075 9.044605844628219 7.811749148191406 6.4015461054897544 4.784597115661958 2.92351705510176 0.786314894087416 
1.1804477389647716 3.328915452366637 5.157793710230693 6.711346296037387 8.042475517889473 9.193295767131785 10.189324944349886 11.046991536330975 11.777968809711867 12.391359668983565 12.894686241967293 13.294273498219972 13.595328141756418 13.80187649050388 13.916651992261222 13.940983947787979 13.874716871063596 13.716176309803382 13.462187555664817 13.108146170167489 12.64813219224528 12.075052028343615 11.380781711555736 10.556269700535383 9.591531285961665 8.475425027774945 7.195015107072603 5.734378068068105 4.0746602977538675 2.197447717002962 0.09344445647005704 
0.3742555374166638 2.4883735363350477 4.347746046810008 5.9674815188941 7.374326388464727 8.595078660951334 9.651496930642713 10.55992200988671 11.332965448950045 11.980804783927717 12.511920594742506 12.933427851410597 13.25116343238729 13.469645254983773 13.591979657559467 13.619766316268235 13.553031448600468 13.390207129885866 13.12816490393051 12.762303956224128 12.286686882500788 11.69420873927062 10.976776990401959 10.12547091142192 9.130640729794537 7.9819069176215685 6.6680781324098986 5.177327997550615 3.49830560516572 1.6229468595498266 -0.4494322101826744 
-0.2481460205645226 1.8324341585956796 3.6973901348283844 5.3503161456663 6.803899789230211 8.074387496553282 9.177698595806445 10.127850403444635 10.936806565394852 11.614817106157364 12.170709029378683 12.612020004885665 12.944999605189793 13.174531408485155 13.30402535279994 13.335318405264053 13.268610129803605 13.1024498141847 12.83378343585254 12.458061469532202 11.969401953995199 11.36079716487712 10.624347036724513 9.751499751243395 8.733284304477216 7.5605447231405245 6.224262347835162 4.716167200581428 3.0299120799934807 1.162900976598551 -0.8815754255210846 
-0.7373407980932087 1.3134683228889814 3.174185607802505 4.843016693098881 6.3251722779367 7.62999530323485 8.768497677658829 9.751811837860739 10.590468254545867 11.294135035616673 11.871517208529948 12.330261761262923 12.676829679183381 12.916345212370025 13.052447508208255 13.087169957933222 13.02086751529125 12.852205731756287 12.578218734956716 12.19443725774996 11.69508221060154 11.073314425985568 10.321527905535186 9.431674167644537 8.395613297211973 7.205509837049768 5.854329335799377 4.336525921593307 2.6489919359861505 0.7922253487348712 -1.228525211620654 
-1.1258389816681944 0.8996723805978867 2.752609806549287 4.4284774380330845 5.928236478196416 7.256783005093489 8.421420845837329 9.430658365918058 10.29339756521647 11.018418980791315 11.614028049778513 12.087769097779436 12.446166087975785 12.694485471054312 12.83653288869743 12.874499814714584 12.808874614306996 12.638428467577937 12.360281797315523 11.970051939734214 11.462078090461128 10.829715374963403 10.065686962596965 9.162482926772329 8.112799241726558 6.910021164534177 5.5487689061183705 4.025527529250735 2.3393597417109238 0.4926406226016664 -1.5083226252702198 
-1.4363223274914731 0.5681795129844295 2.41274872826706 4.091396180223954 5.602479093787086 6.9479086393178475 8.132233876094428 9.161780364136126 10.043923653678066 10.786497538474396 11.397302120578374 11.883678688937785 12.252135588319433 12.50802510224721 12.655280228841647 12.696222837428172 12.631453597252309 12.459831217441897 12.178544987361219 11.783280786891497 11.268476769623394 10.627660902222404 9.853858765202325 8.940057126296034 7.879707622277893 6.66725573472297 5.298681616291977 3.7720373280807253 2.087955118787945 0.2500830272494451 -1.734615046908702 
-1.6857830570090628 0.3015660669223306 2.1386720966173303 3.8185804212887824 5.337840176275635 6.696174466170617 7.895995883926894 8.941836530379941 9.83974643768086 10.596696002702979 11.220004792934397 11.716812614095678 12.093606627377504 12.355817559954227 12.507496916353094 12.551085198187932 12.487278755370115 12.315000347135861 12.031475893688544 11.632417126850939 11.112306624521594 10.464777699698665 9.683076498098776 8.76058725526828 7.6913941131869965 6.470845011717393 5.0960769270594 3.5664602573489868 1.883926600731612 0.053159097430347586 -1.9183561363736001 
-1.8878294837337084 0.08575375481671615 1.9171873988855057 3.598691482139384 5.125272875515812 6.494786433916632 7.7078207929683344 8.767383903252952 9.678415229670732 10.447186312374873 11.080659499828888 11.58586386700109 11.96932997415263 12.236609751122607 12.391897026127374 12.437757534992295 12.374973310114918 12.202504048101664 11.91756654131285 11.515831802408002 10.99173738247943 10.338908761255597 9.550677593145197 8.620674904222971 7.543463128686361 6.315152866612207 4.933933288406171 3.4004403567214996 1.71790805372834 -0.1079000026589627 -2.0689140646425472 
-2.054229584281521 -0.09144111405093622 1.7368545244322513 3.421870534264259 4.956890557143993 6.3378102572413475 7.563434588617894 8.63540214167781 9.557761763453739 10.336319939890934 10.977894190631748 11.489576723125149 11.87807259172601 12.14914574128964 12.307187769061807 12.354914470249843 12.2931908962453 12.120984381214516 11.835445183219285 11.432114859159578 10.905262190818586 10.248344213801785 9.45458410769954 8.517646197867105 7.432368226820833 6.195479703953471 4.806196873352294 3.2665587181078997 1.5813930933971165 -0.2420955643708806 -2.1949650109230867 
-2.1962305308545806 -0.24155520488819054 1.5871206984780537 3.2793859915328496 4.826063637281541 6.220547292490499 7.459654066300926 8.543753924848707 9.476284242317655 10.262922396048074 10.91065595096854 11.426899145329172 11.818725801560868 12.092245909742193 12.252131629343697 12.301289191985308 12.240670714251074 12.069221085241127 11.78395794119853 11.380185969079314 10.851849285719354 10.192026141478875 9.393566853960245 8.44986573688813 7.355735772604261 6.108312274111886 4.707835010396965 3.15807094213816 1.4661111420558133 -0.35855542470080254 -2.3054377212077717 
-2.3260923722420435 -0.37688776737209184 1.4574470668691364 3.16340193337133 4.727675527614313 6.140021006942097 7.394903588287654 8.49162731842511 9.433485534582124 10.226533203136142 10.878372197673032 11.397086714912884 11.79037054883908 12.064847772935709 12.22557295135655 12.275693190204573 12.21625651754185 12.04615626272296 11.762207582609081 11.359359038905211 10.83104839680378 10.169716615849355 9.367495724556647 8.417082094833724 7.3127911721926555 6.051750141165919 4.635090995159986 3.068755115342421 1.3633163440580525 -0.46772410314287155 -2.4108194899896365 
-2.459496359970724 -0.5125449264482679 1.3363302853703547 3.067118379382546 4.658836698730632 6.095781295668752 7.369850969209739 8.479975820776044 9.43015187888473 10.227568060087783 10.881035037442917 11.39973838437258 11.792284616366846 12.065997257593454 12.226420452554398 12.276993867144974 12.218871892005208 12.050870647950738 11.769536994003582 11.369344374106788 10.843030928181118 10.182105591362282 9.377556977734123 8.420805974397108 7.304943510512675 6.026283995862397 4.586212180424358 2.9931154496994705 1.262919869382651 -0.5832655031601469 -2.5254198516138553 
-2.620096520298693 -0.6702565291294912 1.2105404501412071 2.985942148412673 4.620695015152044 6.091158219136713 7.388151156564876 8.511908445347311 9.468524794954968 10.267364991873748 10.919180690002639 11.434744804746094 11.823879469407261 12.094782997576589 12.253581197278127 12.30404672445767 12.247447941058732 12.082505089668336 11.805446328919775 11.410170198218418 10.888535772365737 10.230818054660661 9.426383897394308 8.4646621176668 7.33650154940107 6.036040611037505 4.563277647830833 2.927601030045354 1.1528041117060066 -0.725784306683321 -2.6718256444043975 
-2.8529640104931846 -0.8842611920806475 1.0647094507096027 2.923212709512987 4.621523873278733 6.134806336740495 7.457111194332755 8.59289818921963 9.552281268640645 10.348061897737226 10.993732925988148 11.502132446378356 11.884559181960878 12.150211741196808 12.305847151355808 12.355584285667256 12.300804756987405 12.140125748800006 11.86943660789638 11.48200658508428 10.96868847470602 10.31826483672033 9.518010515314524 8.55457548702449 7.41532527972234 6.090327170429521 4.575302633756184 2.8763630158996687 1.018464228005562 -0.9286446824192115 -2.8942707957605487 
-3.2401793879995866 -1.2384743695573446 0.9101326180774122 2.8987841691129193 4.680139650739954 6.241835731930825 7.587908529869439 8.730612569313593 9.686216282413215 10.472249236613685 11.105683385333068 11.60179381382012 11.97350183334404 12.231030642896037 12.38174259192655 12.430070760353832 12.377495001692232 12.222538788573456 11.96077992572761 11.584881346389762 11.084664981368618 10.447277996987387 9.657538314430056 8.698590218551992 7.553039806676319 6.204767345547124 4.641670824822817 2.859858208898329 0.8718117289676909 -1.275054833460994 -3.274178617222715 
-4.444314447898969 -1.634125175220004 0.80516074888853 2.9554756075744697 4.826880047527162 6.433568975866974 7.794956517701039 8.934179205439817 9.8755357801197 10.642355888677253 11.255595938997738 11.733107615445162 12.089375690816583 12.33551216349694 12.479349020866781 12.52553920042801 12.475626178230767 12.328070075271365 12.078228095822674 11.718290775925011 11.237185503387764 10.62048640595995 9.850420905580515 8.906130956420114 7.764402532366987 6.401067034194777 4.793128590681497 2.9213181220211144 0.7715846735136751 -1.6659856257156167 -4.472958579292955 
-10.45221292255503 -3.6925630690621167 0.402452513108039 3.4659422399717434 5.830842424671809 7.660939888543037 9.070078494759716 10.149876867980792 10.974926648049449 11.603848057982178 12.080680221881302 12.437178094664038 12.69546262132802 12.87041941172759 12.971522090544436 13.00402528528025 12.969612214675506 12.8665979396385 12.689729731123352 12.429542178463375 12.071165004325694 11.592497968211381 10.961808653053001 10.135080643327706 9.053723447589409 7.643203324511469 5.812020592637392 3.446542697652841 0.3833126994909128 -3.7100553225532225 -10.464433151764643 
-11.449033878318957 -4.973465394838046 0.059268963605416614 3.7602985611005457 6.493878352671224 8.489079903175659 9.924467310755787 10.94579123936099 11.669117304541574 12.18205942203055 12.547028002857903 12.806208159312634 12.986901002881224 13.106119742968096 13.173953860335146 13.195706034575013 13.173026423097491 13.104262956144908 12.984113094180152 12.802490372338935 12.542385414025238 12.176495095490731 11.662615458099216 10.938291573647955 9.915848932067734 8.479193188911665 6.482666084691176 3.748009613246264 0.04670475766016654 -4.984710343493117 -11.457025031084626 
-11.739838700821068 -5.249628162767995 0.003187000513076128 4.003628052415194 6.9234699300061395 8.986043680016254 10.400339957567025 11.347771452930631 11.97383636204944 12.38645569252285 12.660061377856076 12.84281030116666 12.964246892632762 13.041713664084547 13.08490327380437 13.09866854701669 13.084479265339686 13.04086562413183 12.962976670151864 12.84112403216238 12.657968425654293 12.38395593943546 11.970884344526029 11.344210806339369 10.395828748030064 8.980047506655506 6.915439098570823 3.993419677644775 -0.008417118889397454 -5.2607143629559845 -11.747872550144143 
-11.616041600791295 -5.054697173191834 0.20461151737031355 4.2371044651461744 7.161820500452882 9.177260157453203 10.505301947310008 11.3486577694028 11.870594852176849 12.189958959110804 12.38606821782301 12.508053724271216 12.584515691724427 12.63128300938006 12.656692068111523 12.664712982005252 12.656514379961193 12.630930043117525 12.583995384136069 12.507384920351432 12.38528414671496 12.189096847581968 11.869648242940013 11.347461630599685 10.503341520642817 9.173496488953386 7.1548309630470035 4.225824646503041 0.1895786149189769 -5.070558312871024 -11.627919504016665 
-10.838284492832537 -4.596987920782833 0.5103829026672764 4.403850620503966 7.176278840634017 9.028215900527174 10.19480180319368 10.892746842594415 11.29368097078903 11.51839272151834 11.643798343577895 11.714838856117021 11.755944638928181 11.77965018889937 11.792070325405875 11.795933420176645 11.792012993022205 11.779539870892402 11.755795376806404 11.714686055767487 11.643715102630319 11.518498260748277 11.294105838709655 10.893488578639042 10.195388998722718 9.027144034866941 7.170594504585234 4.390226661079456 0.48787728076092907 -4.623734853793978 -10.85998959122995 
-10.377981992524942 -4.518791099079879 0.33135350087499843 3.979972102718718 6.52473312434605 8.178818199741784 9.182664174333874 9.753960695737806 10.061429390733156 10.220188135461179 10.300572867652294 10.341582562582465 10.363103830039485 10.374604710165128 10.380346321027956 10.382095434226915 10.380331251937251 10.374580180171504 10.363088804029896 10.341628380665616 10.300796681519394 10.220813101204365 10.062794642127619 9.756413466886183 9.186179614183454 8.182145979633287 6.523685179603668 3.9663478663674625 0.2997161877329543 -4.563787183541979 -10.4166159834617 
-10.830165250482374 -5.246641944316607 -0.8252319520304396 2.419221769916505 4.6506032626818525 6.075373892335364 6.918059655410758 7.380431408671303 7.616965724586975 7.730941368667496 7.783630795031775 7.807678948730316 7.818882674389651 7.824277063530446 7.826785361917539 7.827525014488109 7.8267834330972805 7.824280050715282 7.818914605764497 7.807808182541801 7.784023620560363 7.731944574063382 7.6191932124506465 7.384775556412502 6.925469867563969 6.086068664730122 4.662156845557251 2.4184835748746685 -0.8683329244262429 -5.325711315783801 -10.912498775709127 
-11.858158130457436 -6.772168993529148 -3.141508270503834 -0.4634357557941927 1.3824890860086116 2.5532265356177217 3.2354734825037488 3.601013072118592 3.7815314596631238 3.8641719232830494 3.899665891683819 3.9142973611996346 3.920297182207229 3.922828107675439 3.9238895981101867 3.9241869076188554 3.923891294541322 3.92283898505878 3.9203442120860794 3.914459812061837 3.9001445068435245 3.865408823917816 3.784377411453853 3.606903697493968 3.2465356429289374 2.572247568841625 1.412065340037787 -0.42131315302677513 -3.1414891024065525 -6.975180537912081 -12.014537958634119 
-12.12411627942354 -9.335281152832165 -6.799031683062824 -4.777918541828556 -3.3587959179496174 -2.456510740110147 -1.933970369854155 -1.6576565868240105 -1.5240500259031629 -1.4648241850578219 -1.4406077279984093 -1.4313467512943034 -1.4279419457934537 -1.4266901354339063 -1.4262293491966125 -1.4261095955148868 -1.4262270373300812 -1.4266784684759246 -1.4278951340739308 -1.4311875226257877 -1.4401357416305538 -1.463584218788803 -1.5211250381260977 -1.6513810370494684 -1.9215224613687547 -2.4331950425203392 -3.315626149042968 -4.699443013309142 -6.594891545368559 -9.333683600847197 -13.531876142702576 
-14.102322819554166 -13.4957944331912 -11.840861255781409 -10.456192346477238 -9.468100856598225 -8.837973482615611 -8.473556824567506 -8.28172782680501 -8.189690313288187 -8.149388015951482 -8.133224861930861 -8.127233752306264 -8.12513889181889 -8.124423287184621 -8.124181051536487 -8.124121515017452 -8.124179213533585 -8.12441427804558 -8.125103067781886 -8.12711183728525 -8.132861851694466 -8.148427705875198 -8.18740350162796 -8.276755711243538 -8.463507448901215 -8.818506311276751 -9.4308442349179 -10.374190878134588 -11.68347288292505 -12.081396758529277 -14.097281326072748 