Step: 2835.0
10.408639088839433 10.234924260753516 10.817751385484327 11.430847736962662 12.106533043055975 12.77277613440075 13.396189727307457 13.95982233584221 14.455810591984052 14.881111413239484 15.235239882599945 15.518966968546742 15.733522017377636 15.880075701227337 15.959392359059107 15.97159501820922 15.916013225306912 15.791097116306686 15.594387707634388 15.322536752883856 14.97137192297136 14.536006578832017 14.011001003314806 13.390599424184707 12.66910911352866 11.841574115729278 10.905242817877115 9.861500315447747 8.733396241038204 7.360394878615983 7.40791008992578 
9.758385103868326 9.250340230335729 9.737243196386771 10.470071908754855 11.23291395836715 11.972318549939207 12.657756763617073 13.274443913371103 13.815612334377546 14.27889171931353 14.664263291791466 14.972850991022996 15.206157691108018 15.365557059878599 15.451944845759286 15.465499796338682 15.405527614483495 15.270372904953152 15.057389648136885 14.762963427930464 14.38258039740496 13.910940548808913 13.342118690887446 12.669790316683134 11.88757018321068 10.989594495630602 9.971545599594162 8.833949471543555 7.577193176288084 6.3690130881754685 5.496217752090697 
6.787893641057538 7.594848964488998 8.497343945470393 9.43056104964944 10.333330662039078 11.172349317921109 11.933992190616127 12.611319041090855 13.201699822202654 13.705055646558236 14.122733621996417 14.4567268415064 14.709118105359995 14.881673389473205 14.975543317174253 14.991049155608518 14.927539907342869 14.783312074529922 14.555585702213872 14.240530685978483 13.833336981845763 13.32832203304769 12.719069166253044 11.99859254678083 11.159528860637316 10.194351886956207 9.095695692125169 7.856009395218267 6.476913639903489 4.935293309628484 2.7799066755662136 
3.6127353271620617 5.763821980617797 7.175675540225137 8.373059415544212 9.437610825742391 10.389503796352376 11.234799374515688 11.976875155681508 12.618609780668047 13.163065807474698 13.613478416559555 13.973034669737252 14.244603239201663 14.43047750595519 14.532156630867625 14.55017485286222 14.483983181823913 14.331884293026656 14.091018757515027 13.757398035075767 13.325976588686625 12.790751642067587 12.144873426843757 11.380738361838977 10.490013417610744 9.463486155918723 8.290405629427642 6.957065144287434 5.437083207287107 3.6459434730357168 1.504948863785358 
2.0751305479294335 4.225749056192007 5.954990159337436 7.36976437829729 8.584792450854465 9.645505399756457 10.57309703511272 11.379248821296583 12.071786615023342 12.656795231937199 13.13942378679323 13.524114085150487 13.814582034783273 14.013702299036511 14.123369676223755 14.144374850679421 14.076314190679453 13.917543103943187 13.665175672640197 13.315127785802476 12.862195564440997 12.30015438465876 11.621854322823062 10.819271096635859 9.883438077864737 8.80410416768245 7.56881123914025 6.160231342022019 4.549453995835662 2.699409950690779 0.5781781708291539 
0.980597470715665 3.1136250176409748 4.931606477171218 6.478789200123695 7.807823753694573 8.960377213288032 9.96136384067062 10.82648778183254 11.566613792637812 12.189992422295573 12.703293200280108 13.112032476389285 13.420694201270681 13.632704994983913 13.750352374835488 13.77469643965397 13.70550357784259 13.54121749339794 13.278973737306003 12.914656706984575 12.442991328144238 11.85765415034948 11.151378751958203 10.316015423088276 9.342479670429887 8.220483116708749 6.937853489322114 5.479302554085271 3.826444750271304 1.9611240601411362 -0.12595066821780046 
0.16265541577711057 2.2603694950778115 4.108045407205451 5.720804254949977 7.125163868737019 8.347480157095447 9.408891988499827 10.324982968127733 11.107513285148618 11.76576109841349 12.307307292786932 12.738413947705705 13.064155985665382 13.288419264497369 13.413840032376045 13.441733768515498 13.37204330391222 13.203323523797607 12.93277059471204 12.556296023280874 12.068638928229145 11.463502939968523 10.733696534373424 9.871247088776407 8.867451190549295 7.712824146433611 6.396969413714598 4.908709389024723 3.237152887839885 1.3744677694122196 -0.680055700560731 
-0.47154434971353715 1.5916781245539877 3.4441713186395964 5.089557476170699 6.540304398187532 7.812213149166783 8.920565891497198 9.878592742565797 10.697367261427148 11.386196875007766 11.952964906473465 12.404314384840543 12.745695761825996 12.981329785318273 13.114133262059234 13.145644560876429 13.075974617529983 12.903799602585522 12.626403305009816 12.23977026917888 11.738724432493072 11.117102305236811 10.367944978228017 9.483691021435058 8.456357207721497 7.277719163514111 5.939580830070522 4.434336064937088 2.756098358210888 0.9024931689191106 -1.1232304427516544 
-0.972412994857431 1.060102843821373 2.9076217406778477 4.568386536793093 6.04738955808215 7.353519641060419 8.497131781511463 9.488541586960283 10.337352543769736 11.05224926973926 11.640951458273479 12.110171862052916 12.46553708802996 12.71147937011791 12.851122852071144 12.886188580820962 12.816937707272963 12.642166184306816 12.359257981258335 11.964297947131358 11.452240107935332 10.817122664954107 10.052318102498331 9.150807593793191 8.105477421075694 6.909458110013902 5.556564960248383 4.041933391541121 2.3629233409306587 0.5202517965753527 -1.4808833062938123 
-1.3723082419562889 0.63400255335596 2.4730410311229174 4.140354742355103 5.636683993281401 6.9664585439517985 8.136303404692336 9.153879754404823 10.027126083311105 10.763799604782738 11.37118020625317 11.855839999845635 12.2234349485921 12.478511793310336 12.624340475939954 12.662787082602227 12.594241117176482 12.417607165080888 12.130366408451142 11.728708738942302 11.20773173452593 10.561698902655072 9.784347101880588 8.86923338930144 7.810116844213925 6.601382373903945 5.238527654910848 3.718738716477081 2.0415565075755437 0.20957700982928712 -1.770948954369717 
-1.6937812581419107 0.29065094434405553 2.120662935019811 3.7903137788859578 5.297735172190551 6.644357507860211 7.834027187933355 8.872190849370082 9.765223272730951 10.519895003075801 11.142940877174205 11.640692976796823 12.018759318397473 12.28174614946997 12.433031253852263 12.47459882965542 12.406945799744511 12.229066808341416 11.938521754597469 11.531586012475668 11.003479684374948 10.348668494972053 9.561225591581078 8.63524122832152 7.565266867919578 6.346781850196076 4.976672810304799 3.453714441441898 1.7790302930221735 -0.04350646735766116 -2.006992356660547 
-1.9537200189383994 0.012737071737908522 1.8346772562926115 3.505198631090307 5.020619368515841 6.380165951956494 7.585522601997475 8.640308672519469 9.549534258468954 10.319065233844432 10.955115634390962 11.463779344804962 11.850611807652747 12.120272665520728 12.276239936197708 12.320605030800216 12.253955917577137 12.07535337105777 11.782402705510965 11.371420638318805 10.837693777898775 10.17582142851626 9.380130706211208 8.445146215972349 7.366089865610456 6.139379495868796 4.763089665595111 3.237337009723635 1.5645589885632818 -0.2503309570436016 -2.1999107363239223 
-2.1656595209312863 -0.21373806925548824 1.6019762360099326 3.273761741038358 4.796389667755033 6.167201942870285 7.386031109460892 8.454935361285207 9.377771520717472 10.15966233300368 10.806422505054162 11.323997976212485 11.717956834526236 11.993056190253439 12.152899552093105 12.199693215773172 12.134106559016892 11.955238910364924 11.660694071369962 11.246761996739568 10.708704948412688 10.041141918277233 9.238519377927153 8.295647416889604 7.208267171512375 5.973598755467981 4.590803270964572 3.061288611316178 1.388809735916181 -0.4206349325760139 -2.35904432468287 
-2.3413281320325403 -0.40091614622398236 1.411163026918425 3.0861902156995917 4.6172122669682905 5.999596658274051 7.231362126122839 8.313155355112402 9.247893693866043 10.040185162711879 10.695654012590792 11.220270775211004 11.619747790920067 11.899032068050058 12.061909946208617 12.11072888359071 12.046237539394893 11.86754395109527 11.57219154362683 11.1563528830436 10.615140544554823 9.943032125109864 9.134400857686988 8.184132431925338 7.088289740486166 5.84475769770946 4.453764095371272 2.918148053356595 1.2432725405760388 -0.5634222130035142 -2.4930710183419422 
-2.4919658689438964 -0.5603292538314163 1.2516826355839705 2.9337450016998594 4.476452311351604 5.872658655976019 7.118361291402939 8.21288718658344 9.158482743724033 9.95956818847927 10.62188653998835 11.151689777861558 11.555029569087353 11.837179269985354 12.002193624488426 12.052603746557752 11.989242425197533 11.811195593321873 11.515878174134903 11.099235243740042 10.556071489050767 9.88051211000982 9.066594924523155 8.108983757112044 7.0037724202205 5.749308361157867 4.346891649731289 2.801121233182958 1.1196335985928776 -0.6878549967519065 -2.6109485044133063 
-2.6298488352311025 -0.7043029666842506 1.1129472102627036 2.8085199860514325 4.368916193984539 5.783346983930702 7.045416944766948 8.153319218395296 9.109078297399469 9.91741902883865 10.584639380112787 11.117618458761775 11.523000395654174 11.806556999429207 11.97271758850859 12.024250555676335 11.962082865948876 11.785248172689718 11.490960003410681 11.074812527134126 10.531116979904166 9.853385945396171 9.034978899979441 8.069918241684531 6.953870518834044 5.685250496153108 4.266316315855043 2.703880506976953 1.009063691556753 -0.8044366251521994 -2.723210211303195 
-2.770670894753395 -0.8479811161195332 0.9833590339013044 2.7035665603192505 4.291544062910545 5.73105751196232 7.013085689734648 8.135345998577852 9.10045670714361 9.914182495234064 10.583960663204559 11.11772776546151 11.52301776426112 11.806293324234433 11.972472319861769 12.02461688809154 11.963760382273763 11.788856960505845 11.496848360111274 11.082852267118158 10.540486405064163 9.86235167029019 9.04070548772905 8.068361747052693 6.939854296319354 5.652892036701432 4.210086016988411 2.6207528130443487 0.9013522358543482 -0.926894282799695 -2.8442018161311693 
-2.93802970855314 -1.0130918867634333 0.8495453059224727 2.6140288557155333 4.245178651948291 5.718852048656376 7.024827310068261 8.161960114574844 9.13480974042249 9.951194350360034 10.620412723401932 11.151947700441216 11.554535849781201 11.835517930900286 12.00040290617217 12.052594045557216 11.99324118945377 11.821198076571104 11.53307753807406 11.123410804722672 10.584931035379903 9.90901597113838 9.086340117376462 8.107802702754014 6.965816017008138 5.656069158801075 4.179951970710529 2.547902434506287 0.7842182358832472 -1.075849226753961 -2.9964702401920102 
-3.176651499767134 -1.233743206172129 0.6959317880152459 2.5427503929534474 4.237585575618285 5.754974844484505 7.0876682687523545 8.238472931525866 9.215741450152212 10.030574062410558 10.69492642151908 11.220317412295378 11.616966202715599 11.893236325791914 12.055292681733253 12.106902498169836 12.04933470221791 11.881332376854836 11.59915001182885 11.196662993941242 10.665573838560372 9.995759931320716 9.175831051424012 8.193990216808157 7.039319628763288 5.703662229029333 4.184404432219553 2.4889675137165663 0.6429366779516166 -1.2845454642330159 -3.2239119508797143 
-3.5676896772287985 -1.5929826737276291 0.5330362313209271 2.5086620340613446 4.286789898233199 5.853967685750559 7.212437367215619 8.372375935078573 9.347982007256975 10.154902234479305 10.808497337906582 11.322723172431765 11.709460921529075 11.978150180242444 12.13560677880968 12.185942093413354 12.130533178084852 11.968018040972325 11.694308190670789 11.302625557282962 10.783588754866658 10.125398773239025 9.314206976770587 8.334783397492522 7.171631523276538 5.810715372433842 4.242023196660683 2.463467757417624 0.4886272019807533 -1.6353196710992055 -3.607020351312104 
-4.763209520647902 -1.9941408680618185 0.417354655944567 2.553036658414662 4.422009396137011 6.036448449470461 7.413184412586882 8.572666375795793 9.536731889261867 10.326641892644398 10.961709691054475 11.458525928795867 11.83062863450217 12.088438163414583 12.239311399977048 12.287623155284628 12.23482825494866 12.079486020886499 11.817242590106614 11.440774865280984 10.939713711500763 10.30059242851778 9.506912459324994 8.539472315609807 7.377140476047095 5.998223435237567 4.382426402571988 2.513076852073772 0.37815593305277956 -2.031279174733853 -4.796574028097192 
-10.725082027877324 -4.086352084429156 -0.0507048680946926 2.989756639285438 5.359109122967703 7.212708900515587 8.656357436865623 9.774961893102857 10.638307815180902 11.302092676835464 11.808888996365626 12.18989254112796 12.467110520510145 12.655467840228013 12.764493365438774 12.799473988394448 12.762103938851476 12.650692872072767 12.459961595355402 12.180395530854423 11.797091376714247 11.288069008129414 10.622161883886951 9.756827978121033 8.636409784125204 7.19119377088714 5.33641069921646 2.966495524430403 -0.07354048141476571 -4.107144604595087 -10.739598853872698 
-11.743193179171893 -5.3995207930261575 -0.4460489996435772 3.226631744445143 5.970724067530206 8.002033465630003 9.486503216322674 10.559863790011875 11.331635584114652 11.886118636657363 12.284732412483175 12.569956386813676 12.76985757291623 12.902208726573718 12.977655102981554 13.001816953182812 12.976446394280368 12.899792302610543 12.76623757258909 12.565142952391984 12.278742095115293 11.878967752727458 11.323322889714337 10.550346063636434 9.475683576245856 7.989800738932688 5.957082517072762 3.211922674541033 -0.4608902814814464 -5.412691186010824 -11.75252206818955 
-12.064116135272332 -5.720197507178462 -0.5550035150155473 3.4161375039069934 6.35293442656309 8.461902791778085 9.935796563551719 10.943567893594818 11.623192053886356 12.07944706623888 12.386565677066194 12.593950399559157 12.732745026441238 12.82166298636435 12.871343170523977 12.88716544266218 12.870766419164465 12.820511306287738 12.731024042984847 12.591671741066504 12.383744841800855 12.076088617677184 11.619251732472492 10.938887902184629 9.930037702443126 8.454550053797217 6.343486239472797 3.4045308080566423 -0.5678825267332415 -5.73232466972415 -12.07285668439093 
-11.981746520947329 -5.583966384096779 -0.41699133801383387 3.5889874015230374 6.538366619009725 8.60940243104014 10.004640772003702 10.912684778362143 11.489127771749198 11.850480755554047 12.076995575057317 12.220068683394674 12.310627831383341 12.366313377502703 12.39664014165109 12.406210057752517 12.39638779030679 12.365812906189294 12.3098910858817 12.219120398801739 12.075875269730943 11.849228510421922 11.48773168291366 10.91096499523626 10.002068326188871 8.604947838893661 6.530661728476073 3.5770613345238673 -0.43251543335775067 -5.6001389346646695 -11.9938067008809 
-11.273331562637633 -5.20367214368253 -0.19061777865849222 3.682371301529948 6.489660910462491 8.406961908492589 9.646929606884987 10.41117569229976 10.864396034908884 11.126583499961423 11.277108002058403 11.364257543283331 11.41538126631927 11.44506384858596 11.4606530878584 11.46550070359197 11.460567465034329 11.444899226630442 11.415156987155383 11.36401789107194 11.27693692618324 11.126607079722078 10.864737693267122 10.41180487957363 9.64733684558217 8.405638127423684 6.483741141457105 3.668701810625299 -0.21283986934188004 -5.229881236745101 -11.29454249894468 
-10.870340739363634 -5.186689357038226 -0.43148542169886045 3.201102562466845 5.786753129773404 7.510497682990454 8.588713081078138 9.224051062791691 9.579380511726741 9.770362467509747 9.870844409999341 9.923765225234748 9.952133691447457 9.96745127635485 9.975121957603525 9.977458315275205 9.975098135952418 9.967412074692971 9.95210504284195 9.923811005132364 9.87109862013259 9.77106155626167 9.580857393291677 9.226610982401386 8.59225909879013 7.513735230723429 5.785611084656878 3.187766249349582 -0.4620988057656624 -5.230019049913616 -10.907491768332804 
-11.349444102781671 -5.948455075115152 -1.6207253296682627 1.6102217115303565 3.8823412149805745 5.373621966640106 6.285260572914356 6.805132271881381 7.08298057630954 7.223422340884558 7.2916158634469195 7.324179450265962 7.33987909987045 7.347581646350792 7.35118463735796 7.352247374580508 7.351181616710851 7.347585871638115 7.339923258400952 7.324348066600608 7.292098029087875 7.2245845530957675 7.085430863360758 6.809702840245598 6.292776572702944 5.384166628934707 3.893501290841654 1.6094567632649361 -1.6620014083011967 -6.023976970281928 -11.428060244850611 
-12.376896800968119 -7.470860663742768 -3.9194889677430327 -1.2510816857819123 0.6315971089083542 1.860556452686031 2.6020392552849954 3.015932166230695 3.2302475766038086 3.33375440945064 3.380877842834871 3.40148703746812 3.410391316465757 3.4142829613698646 3.415940142938518 3.4164057574088336 3.415943363375245 3.414300602257242 3.4104599047619257 3.4017040517713926 3.3814703584778942 3.3351881347643055 3.2333666585179004 3.0220947140554033 2.6131917465230456 1.879215982432675 0.6601131257070936 -1.2107837305409301 -3.9194383884269746 -7.664781909325689 -12.525968340807271 
-12.661677353906343 -9.969936322097567 -7.485139221911966 -5.4687965392699756 -4.019313806667481 -3.070330386187786 -2.5008651678572793 -2.1867488968163618 -2.0271738563307884 -1.9522953022457115 -1.9196468817225718 -1.906256958234559 -1.9009763775557995 -1.8989168863062895 -1.8981313769096808 -1.8979245496008916 -1.898127003757842 -1.8988976189642703 -1.900907401273385 -1.9060436081849514 -1.9190633513601303 -1.950863280766888 -2.0239834607714906 -2.1802170573837074 -2.488375848442831 -3.047545782702299 -3.977798475296093 -5.3938273107378025 -7.289960815039114 -9.968218787808901 -14.009266314449329 
-14.566497075759642 -13.972319342597467 -12.348735033601884 -10.966003154781628 -9.956036246064157 -9.29275999418205 -8.895206666165643 -8.67681801631179 -8.566656675539933 -8.515532335076156 -8.493618676048152 -8.48486834443693 -8.481557079855172 -8.48033896495651 -8.479903943677604 -8.479794327831447 -8.479900452448792 -8.480324021859582 -8.48150420050339 -8.484705017735942 -8.493170438269985 -8.514425290795732 -8.564167438558881 -8.671653429232814 -8.885142200520256 -9.273764744136601 -9.92023959417674 -10.88767430509388 -12.198537933883825 -12.617759305270463 -14.561232037183387 