Step: 1890.0
11.350252657441995 11.208473847507207 11.786266842225452 12.39909345013106 13.058175571209897 13.69146267114103 14.267640712849637 14.773222662856138 15.204527795756356 15.563021007411104 15.852732215262368 16.078686747526884 16.245884748440112 16.358603959320856 16.419913381755332 16.431338904194376 16.39264871971926 16.301740570155097 16.15462106423838 15.945472555266232 15.666806940019438 15.30970978150979 14.864185149413988 14.319627715436448 13.66549011875309 12.892305975564405 11.993593974360795 10.968548411287301 9.840360503301063 8.472646500038403 8.483549536215566 
10.71875612458246 10.273204166206874 10.786368072585509 11.5212314926329 12.267469198651241 12.971775371067006 13.606354704159223 14.16030446050159 14.631452794964357 15.022348534699061 15.33788690259727 15.583816900485255 15.765738301141864 15.888399410440142 15.955198646666451 15.967838069683186 15.926099900368113 15.827729515337976 15.66841574195856 15.441863969235754 15.139960887458285 14.753032734918003 14.270203898450209 13.679874513745387 12.970364497582285 12.130854944221552 11.15284539295704 10.033935828340857 8.774476590467676 7.535871845341406 6.590981178571452 
7.800848819500295 8.679547313223166 9.62111084788606 10.56436777469423 11.452396112773181 12.255426009066799 12.96344319650381 13.573992415035406 14.089525236361842 14.515326017014436 14.858068211142571 15.124744191529402 15.321858621819272 15.454816731745503 15.527466795825763 15.541771882162342 15.497595213251282 15.392589242561439 15.222182356840339 14.979659558295317 14.65633467593453 14.241811629391275 13.724331275851306 13.091198891185043 12.329286655837313 11.42559425223757 10.367916719453829 9.144803265767681 7.753989368414743 6.167558706503389 3.9298686384006265 
4.689530279799216 6.919628521915224 8.377999190148783 9.591051053403037 10.643449221395658 11.559182554119246 12.348738439877815 13.020552903823125 13.583081923814667 14.045201326725136 14.415885854971991 14.703693197863425 14.916234067569695 15.059700525026425 15.13847996523448 15.154864216020734 15.10885584843192 14.998071022203296 14.817737293781295 14.560784220314758 14.218023052551539 13.778408066681367 13.229364417914596 12.557152436029652 11.747206367255957 10.784318094496681 9.652284269755427 8.332604654854775 6.794730460034337 4.950802902703101 2.7205256211474174 
3.2227956503373276 5.458635761256407 7.240146178251999 8.674870250543115 9.879964056859931 10.904609524411521 11.77475137708777 12.50758374019615 13.116957880977683 13.615200901194314 14.013601391815936 14.322332337379216 14.550162310724104 14.704115900692354 14.789160467169392 14.8079563599353 14.760688204690373 14.64498519064137 14.455933319876685 14.186179268917998 13.826121649855223 13.364178959279943 12.787111714082641 12.080354424522262 11.22827121167329 10.214156226697352 9.019629778829096 7.622245306586436 5.989041786896283 4.08034835848169 1.8636159027839831 
2.2030472075659695 4.427457531969653 6.3027859388441545 7.873547480285056 9.194535488481499 10.311125459846343 11.253170738241948 12.042217535339981 12.695541903762617 13.228030040880835 13.652867597485223 13.981645205098287 14.22419606821109 14.388336752884113 14.47960341961828 14.501033074328591 14.453016073933236 14.33323337830533 14.136684863084625 13.85581012531594 13.480698144342465 12.999374711616817 12.398144379592718 11.66194373666562 10.77462993629811 9.719078626607525 8.476875403110956 7.027447209984464 5.348444874075105 3.4194429819207897 1.2309205504520746 
1.4619121884571837 3.657171494646779 5.567009873233907 7.206646480229782 8.604631656034584 9.79104819272081 10.792136608101476 11.629595473317568 12.32193181400258 12.885416630800002 13.334496573923596 13.681829809849637 13.938119800338235 14.111868590551719 14.209127080321355 14.233288966827004 14.184955412545536 14.061885567348236 13.859040844408161 13.568725785353964 13.180823315800707 12.683115427020592 12.061670538249897 11.301265567934655 10.38579633957945 9.29862375894282 8.022857319507576 6.541899032919105 4.840905695132367 2.9099130656746475 0.7481639024840152 
0.9049456567412474 3.0718365854029153 4.99114502043426 6.666505836007648 8.112395997097986 9.348412096812606 10.395105918996647 11.272073752143143 11.99744100232748 12.58783562915241 13.058330509171533 13.422264186725727 13.690975835091841 13.873513014957318 13.976361602783692 14.003232571347006 13.954927833985696 13.82929863686889 13.621304282069762 13.32317483197709 12.924677341219617 12.413479899732334 11.77560102598032 10.995925186921989 10.058763635741265 8.948457906288628 7.650094025219707 6.150505337895428 4.439810137971123 2.513543201382584 0.3749970821876584 
0.4803085300157408 2.6224953129124007 4.54131074085978 6.234963510082741 7.710476983869069 8.980636439844039 10.061245901331286 10.969231816245417 11.721537428275097 12.334474100880165 12.823252503469899 13.201558760084318 13.481148666030458 13.671475079270731 13.779372809034898 13.808822062863845 13.760805518708311 13.633269000994334 13.421192228544598 13.11677349293907 12.70972933639992 12.187706507785283 11.536798773245586 10.74215734426324 9.788685353778384 8.661821721211002 7.3484496927569065 5.837993069048933 4.12373853136914 2.204304183463089 0.08497923602448929 
0.15437616484323335 2.2761493992401935 4.19074057001342 5.893636406948429 7.387655332071655 8.68124552225248 9.78667164985559 10.718450785845953 11.492140595188344 12.123416686710316 12.627333164480062 13.017693556128531 13.306503846070335 13.503507554896995 13.615812945817087 13.647623081863596 13.600077027373741 13.471208159386988 13.256024157717945 12.946712299275362 12.532972220883963 12.002475519397183 11.34144734797618 10.53536070800484 9.569731940762184 8.431008172280865 7.107542122725534 5.590645837870149 3.8756862836054786 1.9631245625142106 -0.14067219269082007 
-0.09646967832584863 2.008920707438815 3.9184476783709226 5.626094268711643 7.132132874659056 8.442149516277452 9.565832217622848 10.515733792691348 11.306125988751464 11.951981183508904 12.468077900821532 12.868220022346584 13.164567068983452 13.367079692103507 13.48308642285681 13.51697642131236 13.470021176956159 13.340327340163347 13.122923230955523 12.809982264752916 12.391186337874327 11.854229989864688 11.185461279649061 10.37064799975414 9.39584916970672 8.248362944505681 6.91771323042376 5.396626516462899 3.6819351128988322 1.7753241310920114 -0.31617463720737843 
-0.2899366383938953 1.8026085336115114 3.7076645735792644 5.418244471818526 6.932879623702288 8.255102073241728 9.392653044725728 10.356519587860284 11.159892665976695 11.817122336566317 12.342726974911605 12.750497281316926 13.052722352266715 13.25955392631975 13.37851610416556 13.414161890887929 13.367875119751426 13.237816386925568 13.019013595458416 12.703600134274843 12.281204930385707 11.739496959245598 11.064880913757573 10.24332982842727 9.261324725691598 8.106852526184042 6.770395385368076 5.245833027446209 3.5311804092820567 1.629098568755811 -0.4528571090777936 
-0.4400923437279793 1.642632573586636 3.544647596089486 5.2581367646528525 6.780161216586382 8.11252976599643 9.26136547261764 10.23637640123109 11.04990127850452 11.715837790889205 12.248562865072197 12.66193111684139 12.968406256713168 13.178352662610587 13.299495194448607 13.336544727596449 13.290983138887015 13.161002571873517 12.941597678079866 12.624814097197754 12.200159580341314 11.655183709465618 10.976225946632672 10.149317749507464 9.161201471854746 8.000398101466708 6.658224474910026 5.129643168943091 3.41384258876712 1.5144992486958464 -0.5602477680420758 
-0.5588894518526326 1.516605702152059 3.41772520531415 5.135633683583661 6.665737335348444 8.008040573044648 9.16711268139985 10.151569024072463 10.973144490879582 11.645534954574012 12.183189561404866 12.60018778495039 12.909276670821606 13.12109839011299 13.243610997213139 13.28169236419291 13.236914250283787 13.10747668725489 12.888299398274809 12.571274363005761 12.145689587699952 11.59883617791527 10.916806067725547 10.085472758943068 9.09161827662537 7.924123364542574 6.575080811200444 5.040647495775162 3.321465557205216 1.4225902623031261 -0.6469577582507249 
-0.6574916773800134 1.4130862351038769 3.3164490777423485 5.0420911589431086 6.583000943189232 7.936840916507996 9.106461105141285 10.099541600654895 10.927545589515741 11.604336396975079 12.144758216142455 12.56336002715949 12.873338075976179 13.085713121213535 13.208729412039867 13.247451924794332 13.20353918264642 13.075176088678102 12.857161375218658 12.54115521891234 12.116102317048126 11.568852011619125 10.88499674514618 10.049938538095466 9.050163103316649 7.874642099957626 6.516181388664462 4.972416212279143 3.246104993035736 1.3445502013842943 -0.7216360196914241 
-0.7478549706079952 1.3201329682378264 3.2307208878377773 4.970161233953863 6.527282925944682 7.89626289065678 9.077938575593233 10.079362446900971 10.912287467694199 11.591307146769106 12.132118294212074 12.550066747737915 12.8590089878766 13.070466790208709 13.193032581228929 13.23198222757514 13.189060473766183 13.062417065846363 12.846686071090705 12.53321568380392 12.110469998406993 11.564636536675055 10.880481155638368 10.042490432907226 9.036321865922531 7.850526792021954 6.478384801422598 4.919382709410349 3.179618440036876 1.2704473534584093 -0.7943222338788126 
-0.8452670872578658 1.223164432365349 3.1498036584010927 4.913999148460499 6.4966506856652835 7.886624849873322 9.082682434801347 10.092143352857113 10.928054972410646 11.606579460647453 12.144872255534827 12.559470095774886 12.86512103118351 13.073968493829437 13.19500637406152 13.233738193488955 13.191993235135401 13.067872111240963 12.855812688275101 12.546785104520929 12.128642882791715 11.586676458079085 10.90443485765935 10.06489714774218 9.052080090038803 7.853148467514795 6.461009380982316 4.877119424097034 3.112792200749434 1.1872446378229708 -0.8788382193219683 
-0.9732175513660134 1.1008980020124775 3.061583950186351 4.870608121944117 6.493902149787456 7.912566022175704 9.125176856533113 10.141373425442941 10.977135066528712 11.651334286990211 12.18330780524977 12.59119570497095 12.890843533139254 13.095099518832205 13.213379393129658 13.25141034231495 13.211098707290404 13.090491810654397 12.883824582586206 12.58165993809789 12.171152051794422 11.63648728375592 10.959590423222064 10.121222871060844 9.102639741244245 7.888010482827559 6.46785329239921 4.843739208807856 3.0346875164618643 1.0748398081721449 -0.9975566314279181 
-1.1779351114699987 0.9190448419666035 2.9522662200643124 4.846181526412936 6.529966917344585 7.984671987331206 9.213858073401873 10.233009037430232 11.063275520974502 11.727583559073166 12.248180659934464 12.645146670178141 12.935534035701236 13.13289345008718 13.247020908993454 13.283827394519124 13.24527812776994 13.129376773434927 12.930187488774276 12.637901566988539 12.238972885767845 11.71637474720806 11.05007635734479 10.21790240358121 9.19701929849132 7.96638320994084 6.51062254289562 4.826281973072211 2.9323974134731254 0.8998329760648713 -1.1958636491640662 
-1.5454237124668555 0.5900736522216897 2.837886325023662 4.865702226669802 6.627684197040765 8.120592077979468 9.361148568983827 10.375079934343098 11.191177697120944 11.837696538119701 12.34032962200644 12.721213020280674 12.998525174545847 13.186376566090305 13.294811299768613 13.329835459497806 13.293440400744446 13.183612543465625 12.994328375430955 12.715535627359992 12.333128704556588 11.828949841033758 11.180900782077158 10.363343049473102 9.348091509792134 8.106435256750116 6.6127340832446775 4.850349361614613 2.822593968610459 0.5753571761359851 -1.5591423938891493 
-2.791590609088034 0.22500862062276286 2.78749797644862 4.980420210083496 6.822902683068476 8.344520051909454 9.58240568660643 10.576567924543543 11.365516364022987 11.983638391029675 12.46013059006541 12.818898652857667 13.078872559922194 13.254390738257927 13.355504289035123 13.388171869220862 13.354362676635331 13.25208927086881 13.075378746204686 12.814173434079807 12.454139068655415 11.976362623677927 11.356968989687036 10.56680540227039 9.571540225397937 8.3327296622417 6.81043868256104 4.9676108754008075 2.7747477380209142 0.21279617211291985 -2.8026199316232785 
-9.027629858544383 -1.6512195014938245 2.7091891617410466 5.8245518248195935 8.088413114490818 9.723530941961991 10.8958190195939 11.735179906589453 12.339049466755053 12.776436317209638 13.094097952875375 13.323045305557397 13.483814362743443 13.590008645680927 13.65035981898489 13.669791152300668 13.649895744977787 13.589071130521539 13.482386496186853 13.321106032937422 13.091626349946688 12.77341534143424 12.335467335088317 11.731028457444992 10.891092597016138 9.718235099730535 8.082593619984412 5.818345218741658 2.7028827819309935 -1.6571100281908546 -9.031754205630941 
-9.926186605355822 -2.7884229518083234 2.5902922783279703 6.341306156511349 8.914666687284662 10.631483273615935 11.74987682417986 12.469933138037815 12.93537266768594 13.24134655113869 13.446687670869558 13.58620177961534 13.680186376445606 13.74056344737039 13.774299980863706 13.785098200023036 13.77412447698755 13.740208235869748 13.67964390797265 13.585462671478039 13.445741970048712 13.240182195185128 12.933966490527686 12.468230724074239 11.747767974845525 10.628799979267184 8.91124403600747 6.337122517199716 2.585642294563483 -2.7928062941542193 -9.929362439348047 
-10.086079410395214 -2.8759300549592584 2.742874467503131 6.773263941623535 9.48020494730327 11.203031822395115 12.250048260538145 12.866502455431357 13.225674667989727 13.43778573749028 13.567009121376664 13.648346945487424 13.700251206917583 13.73243431943733 13.750043178841546 13.755632613877259 13.749981567194212 13.732309513948422 13.700060664264996 13.648088449264506 13.566681984539867 13.437388024239098 13.225185990493342 12.865836258842862 12.24897130298768 11.201105548461921 9.476869038002203 6.768165570795374 2.7363429291617654 -2.882612338621139 -10.091046172232588 
-9.77278080315627 -2.4189264005157645 3.2084060037683853 7.234645327948951 9.89349490637649 11.521525775042 12.454450352793696 12.961891152741092 13.229792026099354 13.37133366082762 13.44857517482451 13.492877429510148 13.51930146170701 13.534986157472515 13.543354283425733 13.545982723720535 13.543334539150118 13.534946269985394 13.519241398939037 13.492799790306451 13.448489600368909 13.371260088580168 13.229745891750339 12.961809178233183 12.454003761082276 11.519860316879326 9.889213628303127 7.226436467306883 3.1963575938675 -2.4323328299899534 -9.782997013842394 
-8.644853446753757 -1.5781321249475104 3.8867356744936212 7.721213840886688 10.164497019664516 11.583891539687084 12.340949543631377 12.716101976895434 12.892486529239955 12.973905809014255 13.012515434360903 13.032079838915667 13.042733223342422 13.048702525935598 13.051785619262477 13.052740732376167 13.051780927171468 13.04869317019616 13.042720186874996 13.03206877847038 13.012527335069496 12.973997521751432 12.892766235202629 12.716669869564397 12.34160866669347 11.583444844171417 10.15996772326037 7.708720384430244 3.864575340586926 -1.605458719143178 -8.66734180511526 
-7.869759916155748 -1.1606331898552873 4.044716994482709 7.604714812236136 9.789688184207352 10.999082045798007 11.603924374664624 11.879011046891689 11.994545409795146 12.04076533090292 12.05933835931483 12.067347075425824 12.07119563938843 12.073189186154861 12.074175695600161 12.074475784111108 12.074174831508488 12.07318755825188 12.071194504481978 12.067354089585168 12.059385911964432 12.040956610040153 11.995129944609161 11.880419026534167 11.606514729281761 11.002148149044631 9.788997639087022 7.590502213690033 4.009644338769012 -1.2120332712330555 -7.914261646243232 
-8.135903362494075 -1.648689687380605 3.1354772240354984 6.291820167943925 8.17935570659027 9.190802074941896 9.67430619511571 9.880557928832856 9.959588587568902 9.987324966666261 9.996654685168025 9.999922661471077 10.001228449113176 10.001829054139618 10.002108822975947 10.002191876452692 10.002108675147403 10.001828859232617 10.001229687022903 9.999935370513862 9.996725446725106 9.987617097436846 9.960549458132787 9.883142927151997 9.680022334379565 9.20089449106795 8.192045790430285 6.291312030621807 3.083620088023031 -1.7454693492381128 -8.23714237032858 
-9.10566376259201 -3.1037835640378737 0.8382428824710393 3.4338619277379974 4.979807528478049 5.796198769295381 6.176473066449624 6.332206200506805 6.388232050231594 6.40603615972784 6.41115331114253 6.412576572365853 6.413013996918598 6.413179672669163 6.413249880558842 6.413270019040711 6.413249840614092 6.413179677579273 6.413015633046816 6.412591488947292 6.4112387836767954 6.406404920635563 6.389509925602013 6.335883236123653 6.18543232647505 5.814956199840006 5.013129301671378 3.484967926251752 0.8381942465428919 -3.3561355154574035 -9.302055396823915 
-9.214974992141125 -5.9356621618242205 -3.209583588867372 -1.2661622215200241 -0.08799163933167262 0.5342586791778455 0.8209661915001093 0.935906576560999 0.9758030541750661 0.9877379585622562 0.9908198209694375 0.9915259207247705 0.9916855725747166 0.9917297364601114 0.9917455662784819 0.9917498731919795 0.9917455399553221 0.9917297488134873 0.991687100707774 0.9915403498941524 0.9909050576428561 0.9881163575019981 0.9771557588897773 0.93995073329573 0.8313700977838346 0.5578786366161844 -0.03832581599851127 -1.1699741862234547 -2.9566794578645235 -5.934744130837639 -10.950611538982063 
-11.571709672506536 -10.921708764398486 -9.158272211741236 -7.835110508254246 -7.018430355560565 -6.58586532837834 -6.387046577409155 -6.307891819421294 -6.2807589195068605 -6.272819258483033 -6.270852300405624 -6.270438615990347 -6.270360447827513 -6.270344063687941 -6.270339253975021 -6.270338024612466 -6.270339273513129 -6.27034405767503 -6.270359302205197 -6.270427587182768 -6.2707863632427925 -6.272523403648377 -6.279689324094832 -6.3046487505965025 -6.3785518819360005 -6.5659376270585685 -6.97529883474255 -7.734274662722489 -8.961426651342638 -9.181582952051036 -11.568184665182677 