Step: 3150.0
10.154902723734276 9.971659412059342 10.553067602922034 11.161637347625247 11.835561510476975 12.503090212347479 13.130634000399146 13.700717599478761 14.204785111741941 14.63901104402802 15.002101044530983 15.294044092067107 15.51536318251774 15.666639833930082 15.748200345214128 15.75990603376215 15.701016700832586 15.570110157440363 15.365047522159456 15.082977709257253 14.720377284248237 14.273125691706442 13.736623679207058 13.105980172579798 12.376334143879923 11.543461589673969 10.605158356844788 9.563005463752889 8.439719387828486 7.068235867452372 7.126303174831254 
9.49984515697242 8.973986297383833 9.45081174310409 10.178124661254733 10.938694078993713 11.67933102495442 12.369157022744456 12.992786296810369 13.542684561934896 14.01562530093883 14.410707515364164 14.728204319271734 14.968850692602729 15.133380069625034 15.222212243221279 15.235241546612661 15.171697725084114 15.030063787486338 14.808041077358956 14.502554877361886 14.109796004719668 13.625296806551212 13.044046096386792 12.36066146019301 11.569667624270695 10.666011349262554 9.646004854240376 8.510530684782601 7.259663060182767 6.062590758079041 5.2097010728020035 
6.515928121634949 7.302569628531353 8.191377444978503 9.116607281784816 10.01614558695134 10.85605919796568 11.6221674846133 12.30680110384257 12.906468933185065 13.420152300246441 13.84823878311898 14.19179986329556 14.452088213463814 14.630178354364046 14.726707029336094 14.741688265130342 14.674388526513953 14.523252790413814 14.285874819395376 13.959005729488693 13.538595048807133 13.019858596581361 12.39736840108881 11.665162139583803 10.816874617034435 9.845890421981641 8.74561120691017 7.509067550721731 6.1385529311692935 4.611990431515412 2.4792241219113826 
3.3248067158793932 5.45365901787349 6.8497062691283315 8.037323311066354 9.097541937985655 10.04985165553391 10.899566441070638 11.64921359860924 12.30071241736042 12.856099309567385 13.317571149815501 13.687322129725835 13.967328641138428 14.159141670190529 14.263708798548068 14.281234190141921 14.211079388884402 14.051704890777767 13.800650268987972 13.454548415763105 13.009166911412311 12.459466243414832 11.79965953162226 11.023248740294935 10.122989214877995 9.090682862131677 7.916475467293153 6.587448690864166 5.077948064975406 3.304105164980034 1.187577544424467 
1.769785523507253 3.8965732193642317 5.608387497521965 7.012023112833365 8.22176510485076 9.282396774255302 10.214304513553742 11.028228911276493 11.730949516028879 12.327442738897952 12.821742609057617 13.217228136116395 13.516661864054054 13.72212596462904 13.83492650145213 13.855501403797884 13.78335034331209 13.61699510672968 13.353972807892362 12.990859318702267 12.523315443083744 11.94614248715821 11.253325101576763 10.438023372928502 9.492443804541798 8.40743974021937 7.171544181688861 5.768278463899059 4.1694114309228665 2.338319498407054 0.2431823763980168 
0.657123668308729 2.7647687410198754 4.563919610409563 6.098807321242331 7.421735894167348 8.573755066831959 9.57894676124571 10.452015661134372 11.20270819885667 11.838091940655408 12.363648836499584 12.783765247733658 13.101912595575246 13.320676272516884 13.441718761188316 13.465725050687523 13.392357359246661 13.220233496203509 12.946934659222237 12.569041807635196 12.082193602316849 11.481152070947887 10.759853047729605 9.911404324646135 8.92796991096931 7.800438660856779 6.517687856496534 5.065300385137518 3.4255315317491384 1.580575578449201 -0.47886299674587096 
-0.1792768994902931 1.8915241411161197 3.719063070277253 5.318492120736877 6.716022859465023 7.937407367732293 9.00293301600706 9.92713892394739 10.720606483663552 11.391363773815813 11.945736489046572 12.388792867270345 12.724538523498135 12.955971048483377 13.085066439676133 13.112743178097402 13.03883227111122 12.862069591009767 12.580118059096698 12.189620167223717 11.686275008605689 11.064927676438518 10.319651986586809 9.443799684992168 8.429982172169733 7.269951379080569 5.954403437971559 4.473047697769363 2.815616102879026 0.9745824549583882 -1.0508166739826281 
-0.8319770482857325 1.2028222282603007 3.033932931508827 4.665033717844999 6.1083032011117515 7.378938251523213 8.491347898213261 9.457676945522872 10.287765732924896 10.989609895262404 11.569774124161212 12.033646927543035 12.385555090750223 12.628785847226439 12.765561726162623 12.797002764887205 12.723100301409312 12.542717555911857 12.25362466963911 11.852569421019034 11.335379141825028 10.697084290976072 9.932050068920821 9.034100904802365 7.996628057076599 6.812695951225363 5.475239420660181 3.9775579603699764 2.3143856105890332 0.4836345108730634 -1.5115259536789682 
-1.3511466573804314 0.6514662522942019 2.4764099562368456 4.1219991785287275 5.592942261001199 6.897514588014686 8.04517244473333 9.045105475572612 9.90563186735967 10.634065697124292 11.23674741531734 11.719077048729412 12.085505264817517 12.339487200366573 12.483419867677679 12.518585239682496 12.445117028526807 12.262003541584093 11.967133269694104 11.55738451018063 11.028755544855603 10.376527994869603 9.595453790606417 8.679957659693363 7.624356168078788 6.423117748248504 5.07122630335298 3.5647457280166113 1.9016635591033246 0.08297703861319765 -1.8862108268614088 
-1.7689340007356014 0.20603758397019425 2.021364922140671 3.6726783024501355 5.160433061308647 6.488430721418269 7.662368435786428 8.688739279214245 9.574144389285479 10.324912579219388 10.946885187833807 11.445264878578921 11.824480907728422 12.088060712124467 12.238515317944161 12.277251585910035 12.204523725296779 12.019433310371761 11.71998292857519 11.303184354176338 10.765218176913173 10.101638543869067 9.307614866273111 8.378203426275094 7.3086478637784404 6.094719616891259 4.733123980365934 3.2220020019249738 1.561535228701977 -0.24539975944148015 -2.1926571316559498 
-2.107712364063841 -0.15599923109795413 1.6492308355554015 3.3021285490304066 4.800536613664807 6.145239072352793 7.339122312698336 8.386420337851835 9.29211684104535 10.061495132784852 10.699791901726389 11.211913377428388 11.602190884547607 11.874170165555707 12.030439242276548 12.07250352762711 12.000716839091979 11.8142748685545 11.511274677567794 11.088840476361364 10.543312579993977 9.870493241052893 9.06594041306299 8.12529904861004 7.04466001546213 5.820939215456898 4.452272207720264 2.9384183525107086 1.2811583821147448 -0.5153502026474952 -2.444316662599126 
-2.38422813117968 -0.45180255260607916 1.3443587387732436 2.9974544209137357 4.503508988841793 5.8610828454951855 7.0708654384540095 8.135215666124575 9.057695357952863 9.842621322124753 10.494647754676834 11.018385286507144 11.418062674935442 11.697238505060325 11.858571048096458 11.903654017452007 11.832924594561913 11.645648162319358 11.339981937918004 10.913117197983915 10.361496950811414 9.681102571759764 8.867798905789897 7.9177225365474095 6.8276923997708225 5.595616244654064 4.2208621289079655 2.7045636861613023 1.049833926771371 -0.7381247661114668 -2.6520106053089436 
-2.611916372686623 -0.6952640098710106 1.093753839017437 2.7475275304746503 4.260532154896093 5.629424172812172 6.853004245672979 7.932017582941791 8.868809682961258 9.666886750528773 10.330437642127832 10.863865139279282 11.27135987018308 11.556537768309262 11.722153572877293 11.769897809224826 11.700281650899129 11.512612122794888 11.205058624412754 10.774810232129523 10.218321175036934 9.531638673193267 8.71080221390203 7.752295365519519 6.653519507532817 5.413243889883563 4.031972444870299 2.512164831151879 0.8582696838017968 -0.9234231504279543 -2.8250428681692865 
-2.8024500407842186 -0.8984675964788529 0.886075616185343 2.542590895932715 4.063833822508042 5.444470515708409 6.68144841163782 7.774041342005548 8.723582441561476 9.532986194264573 10.20617774685207 10.747520381646 11.161296828669679 11.451273367179553 11.620359965721942 11.670371528699157 11.601891582194263 11.414238402239251 11.105533365819456 10.672871261879306 10.112591611457425 9.420647776182031 8.59306551404702 7.626472806836882 6.518665629790786 5.269147216752216 3.8795449838844713 2.353786989150172 0.6979445577228093 -1.0802554917205809 -2.972095258457027 
-2.967054764070185 -1.0729362832415295 0.7107635523134852 2.373885660525113 3.906755819269796 5.301520000484004 6.553061666349551 7.6592623318975885 8.620694592368885 9.439992710098027 10.121116281696564 10.668640065387114 11.087132507839252 11.380648078925388 11.552340064962019 11.60419240760745 11.53686669107728 11.349660851120072 11.040578039190107 10.60650624272647 10.043510803166004 9.34724183553123 8.5134552612002 7.538637298233354 6.420703361894149 5.15970535690724 3.758412713539423 2.2225536773669674 0.5604786244968709 -1.2178322827854429 -3.102164272928872 
-3.1180167610566945 -1.2310229140861257 0.557161520957762 2.2333956713777696 3.78397407493591 5.197411922261709 6.466150132511298 7.586839419252827 8.559711998955956 9.387590146365854 10.074888423337484 10.626731704336386 11.048226890171039 11.343892206418898 11.517235055117036 11.570465724226107 11.504335341841735 11.318090086392896 11.009538510016547 10.575233977021629 10.010778874380236 9.31126053195271 8.47182946689916 7.488426596218148 6.358653165766765 5.082743809823269 3.664520473182316 2.1119728851045654 0.4369220504110406 -1.3467334861111273 -3.2258390825954817 
-3.271019272028582 -1.387901301189485 0.41354468067961825 2.1139472860710837 3.6921556298118814 5.131282156451605 6.421068620305118 7.55754262699613 8.541362758456238 9.376238589930294 10.067603899230404 10.62155751905379 11.044045043284644 11.340248404274666 11.514151344729285 11.568253061352399 11.503408745354516 11.318783590202342 11.01191536074836 10.578889299519306 10.01463757573292 9.313383170547878 8.469254384489474 7.477100355829583 6.333539173033523 5.03826453091238 3.5955966770858976 2.0161010791065634 0.31689394851356967 -1.4807563906344956 -3.3574915745531153 
-3.4495193908706554 -1.5652469564406424 0.2663519798357845 2.010288286384188 3.631659474564479 5.10574958290532 6.420937431022919 7.574143944911377 8.567723793595837 9.407238576347396 10.099841267888733 10.65309144351635 11.074096123730216 11.36890283862459 11.542088068333552 11.596496901229433 11.533102195039698 11.350964101033279 11.047283265755562 10.617553366230567 10.055831064448034 9.355154010306645 8.508149959815954 7.507892827062584 6.349078236212364 5.0296232570725845 3.5528708011641563 1.9306694756862819 0.18789136782467064 -1.640499248309235 -3.519554727570821 
-3.697613522939923 -1.7968820293847303 0.09974118750548557 1.9245048213852523 3.6094458427526352 5.12838293189959 6.472297443231006 7.641652392067729 8.642240933677169 9.482646746428967 10.172519895124772 10.721380007653105 11.137798528735956 11.428859097359203 11.59981759609061 11.653901998122869 11.592210421523772 11.413683173666401 11.115140613069887 10.691394090750403 10.135453305956108 9.438870847080274 8.592283071058985 7.586225179624436 6.412320994955655 5.0649953672035455 3.5439971850745273 1.858528757393103 0.03489687746967012 -1.8589382191788706 -3.7553076237995366 
-4.094854595713851 -2.164346832499765 -0.07692536831318518 1.8741009160546764 3.642279121435735 5.212781931708053 6.585364181495054 7.767217308874407 8.769488973114155 9.604992423466626 10.286623464699678 10.82629571274654 11.234268948093343 11.518758029564015 11.685725074431225 11.738780461305506 11.679143163196883 11.505633139618059 11.214686964043562 10.800404683126672 10.254654425240904 9.567283649170955 8.726511088567355 7.719596509139634 6.533900741597695 5.158461045471576 3.5862708308654243 1.8177456307581152 -0.1321518736344997 -2.216896569805187 -4.143638446908319 
-5.276261771139386 -2.5741827758707574 -0.2099889092229816 1.8979431405325315 3.7575807765492133 5.378375547662759 6.773516508952102 7.959539818788256 8.954594096042861 9.776757401994024 10.442760117092035 10.967182049938199 11.362042879448188 11.636655631571685 11.797621199957975 11.848875323768931 11.791735112941176 11.624919427081297 11.344535495315274 10.944038567896609 10.41418957890121 9.743063260882181 8.916195220842946 7.916990315900568 6.7275231548956915 5.329811797726284 3.7074958036353105 1.8475640102417092 -0.25925908059676184 -2.620756447697062 -5.318056931461707 
-11.163242114790489 -4.720342395821487 -0.7852158078796437 2.210046533108979 4.576652396911622 6.458002418762887 7.948259322944862 9.122233069679236 10.042077013123455 10.75848449033902 11.311214979084413 11.730148614265788 12.036818567663389 12.246051085344927 12.367393908314284 12.406164582184143 12.364072691656672 12.239425410531938 12.02692589822987 11.717053840696371 11.295017760394014 10.739324794156003 10.020137904490364 9.097744007259816 7.921509519355997 6.429378259073661 4.546709492196567 2.179616705286586 -0.8148715411589234 -4.747195739929045 -11.181971784622979 
-12.217130653223089 -6.0882974637220775 -1.2699601816452626 2.3454019342467456 5.092829201251583 7.16930399311338 8.72235497254757 9.872403619492992 10.718249158234975 11.338067260088298 11.79073917139818 12.118432053301719 12.34993353206417 12.503975205995863 12.5919954967366 12.620101968622434 12.590209892123188 12.500412392968032 12.344612423830354 12.111384621126367 11.78201003466846 11.327706074366375 10.70629349533037 9.858857944554583 8.707186793889171 7.152494210153779 5.074512378780145 2.326096915492225 -1.2890767259669869 -6.10505498361005 -12.228943640317393 
-12.588897840181206 -6.484706378320642 -1.4707434585480623 2.438404170123505 5.386060835019527 7.5549689062204495 9.114018066239352 10.21281475039873 10.976601412305007 11.503778908832773 11.866886311511156 12.116289186730477 12.285093949135902 12.393953566395266 12.45496244437365 12.474357275652823 12.45405445478054 12.392144218851255 12.282398347135102 12.112732318004268 11.862498930248803 11.498579905296666 10.970558543762191 10.205784127139994 9.105689263965878 7.544889329701562 5.373838518247341 2.4241295492952344 -1.4860033138215971 -6.498748280015013 -12.598930283510267 
-12.574742806845979 -6.4458466941389885 -1.440049974897729 2.5056665490560937 5.476126818660462 7.621033657383077 9.114274560706905 10.122106614091425 10.786533901858807 11.218419061105095 11.497791793753937 11.67853883988844 11.794766378233332 11.866868151792485 11.906287287433656 11.918714883917888 11.905863561898427 11.866029203477192 11.793532574729092 11.676946685073574 11.495892512954104 11.216258591848245 10.784095265333885 10.11919724920763 9.110365613659052 7.615144557123268 5.467011912023227 2.4925271035388548 -1.4564544360619105 -6.462551604719869 -12.58710543366282 
-11.97678838162227 -6.189213837627194 -1.3424440099094859 2.477427451163311 5.320326862625036 7.326926007342076 8.676224468906755 9.545283799132395 10.085563922722306 10.413244060031904 10.609646131810605 10.727328683037342 10.797962487576132 10.839475436035903 10.861382004939193 10.868192398931699 10.861226683855222 10.839176323427207 10.797549262767122 10.726860817043303 10.609223174846814 10.412997978585944 10.085601648766678 9.545533025557946 8.676135513793577 7.325021642434163 5.313926451549711 2.463677118753827 -1.3641385037984306 -6.214451249618025 -11.99711578080389 
-11.661958084787152 -6.265505665455096 -1.6777822239614752 1.9081094989786254 4.538773401346415 6.359432492640073 7.5501807449609855 8.288683702481267 8.725725675673846 8.974954399605283 9.113821457799256 9.190644938788385 9.233298576135812 9.256779839534675 9.26862603230625 9.272236963416155 9.2685785855754 9.256699322408185 9.233223998240607 9.190660560340504 9.114083856252302 8.97571033385355 8.72728410627638 8.291277177041502 7.553614808264976 6.362387139680027 4.537416561433477 1.8952634412705174 -1.7066622890611767 -6.30606136491973 -11.696652353011535 
-12.177683317217367 -7.072671599362412 -2.9085541532395474 0.2813639925881481 2.600016502756488 4.185044311116005 5.202270866361505 5.816117215570696 6.16587278477686 6.355446058466437 6.454372338052415 6.5049174615567775 6.530643968161111 6.543700258290179 6.549897314785919 6.55173140951578 6.549890586492256 6.543704099556164 6.530706942255399 6.505149672540694 6.454992445660682 6.356835401773507 6.168607083164031 5.820917801003644 5.209778507318477 4.195178311815548 2.610450170299831 0.28054969432654864 -2.946907046014412 -7.142563740033732 -12.250422590890087 
-13.197028306073786 -8.579836370758056 -5.166404386346346 -2.529850360659838 -0.6040250382936246 0.707835206015689 1.540858143024216 2.034626098137035 2.308591908021743 2.4515916751758833 2.5224191783504244 2.5561768810498187 2.571949172590774 2.579255080147371 2.5824651211977603 2.5833768766836096 2.582472136645654 2.5792878488867594 2.572061473968069 2.556494496083019 2.523202592524934 2.453323669405009 2.312076798148321 2.0410765011347425 1.5519434518165942 0.7256997850208459 -0.5773393405913098 -2.4924701374953258 -5.166298183619861 -8.759556389331111 -13.334731948400286 
-13.50532622477881 -10.969840140042947 -8.575989319688 -6.580049990521016 -5.094126209975251 -4.0781629549281755 -3.435726229709184 -3.0587219112371615 -2.852902085472832 -2.748032814515334 -2.6978864295335154 -2.6751603030076856 -2.665248429749627 -2.661026279831559 -2.6593162989833865 -2.6588535800304607 -2.6593063440421543 -2.660988850351566 -2.665132574115659 -2.674844632691413 -2.6971132968127924 -2.746307833633389 -2.8493567522152543 -3.0519283172459355 -3.4233883276399713 -4.056454776404948 -5.055392180121608 -6.510637765304154 -8.394808609485334 -10.9679465615012 -14.758745306116396 
-15.29299215787373 -14.720793658546885 -13.153463941700574 -11.78279251445464 -10.746305925346377 -10.035337832935555 -9.586123187391637 -9.323426372225951 -9.180877790764207 -9.108920319095636 -9.074990039790684 -9.05993158714972 -9.053561583209314 -9.050956847060778 -9.049947703518791 -9.049682415574459 -9.049939660651841 -9.050927529778049 -9.05347232190246 -9.059689625325 -9.074396723953694 -9.107589657228921 -9.178119043889081 -9.318069808368952 -9.576205488865215 -10.017275962235829 -10.712947457672072 -11.710264402595433 -13.014452417554374 -13.459944505031698 -15.287427853535657 