Step: 4185.0
9.444873865047766 9.233267874039447 9.8055822442085 10.392951830712503 11.050287652048414 11.707066090373747 12.32973112511309 12.900068217936166 13.408397804166773 13.849562981317188 14.220860812535722 14.52090286719964 14.748960108776561 14.904568139060219 14.98727919778935 14.99650107102704 14.931390312033656 14.790781351283217 14.57314071263753 14.27654007810794 13.898645478713274 13.436724329028793 12.887680085838385 12.248141183308595 11.51466981873117 10.684231811657332 9.755392325974686 8.72966454134552 7.628407886516527 6.26638957201018 6.355116434337427 
8.776719421383604 8.199210531847712 8.64229261385705 9.34495188635339 10.086544132303015 10.815091818252604 11.499388457672758 12.123154634835617 12.677594319932119 13.158015947852784 13.561978917673757 13.888255043929686 14.136216432523103 14.305458700141223 14.395559732090662 14.405920437117777 14.335657797575143 14.183533094660042 13.947905000385187 13.626701217832814 13.21740537457056 12.717059558930755 12.122289439094875 11.429372578414712 10.634399214700142 9.733652379717611 8.724377460070139 7.607777910571709 6.382586154390198 5.221685365647439 4.425191060156751 
5.75626291086127 6.484221347790698 7.328877649840699 8.221947079294488 9.09896996492642 9.92476297633351 10.68428969250812 11.36868857623013 11.973009129713814 12.494603796556131 12.932173917115207 13.285157398872812 13.553328569937614 13.736529544395703 13.834485572166617 13.846676028613532 13.772243897777319 13.609932938703476 13.35804519519856 13.01441338183563 12.576383819576888 12.040806686545313 11.404032053718918 10.661913067848843 9.80982329548885 8.842692924394816 7.75517522910488 6.541188686847908 5.204351316447479 3.725128338168575 1.656282345387988 
2.5222233689192977 4.587048718519892 5.932782114939767 7.082757529093709 8.116619192585969 9.052484181501486 9.894321284016256 10.643183176164237 11.299318334987962 11.862959393690575 12.334462906031213 12.714252630726047 13.002708367754103 13.200052348206047 13.30624979446112 13.3209278513074 13.243312678956935 13.072182787858525 12.805835698594795 12.44206400853304 11.978135608700427 11.410770711877865 10.736104509912623 9.949616023810927 9.045982767461348 8.018774795843754 6.859688569184262 5.557215980786081 4.087145758271386 2.367073361896605 0.31958094409662385 
0.9208971742194264 2.979282195075869 4.636084290736108 5.9978165117456586 7.17786301780175 8.219765847656221 9.142439920171906 9.954950939745702 10.662224348151234 11.26726569560879 11.772116470876508 12.178248488973976 12.48670909931074 12.698154878970037 12.812838040383012 12.830576288096145 12.750720893018768 12.572129481829007 12.293145123898665 11.911579684641302 11.424695923411042 10.829178332862732 10.121075411098778 9.295681889359667 8.347299586978135 7.268740432713602 6.0502965843454115 4.677026523310528 3.121985623849156 1.3494501440548898 -0.6721665861315728 
-0.23948794186742314 1.7955576788512808 3.5356649065731824 5.025059425909601 6.315406223189169 7.446625785133789 8.441298769696699 9.312340973200435 10.067499562031145 10.711721724285896 11.248352589471471 11.679738214201768 12.007517874592773 12.232755150495155 12.355987155092777 12.377234904926961 12.295998179053523 12.1112469622576 11.821414461580902 11.42439147680974 10.917517217130937 10.297556306862539 9.56064413599874 8.70217020911232 7.716546301910199 6.596767655029278 5.333584998404211 3.9141416810416088 2.321849679284156 0.5395308368500914 -1.4421630263393916 
-1.1241091659245883 0.8699957657170224 2.634780994120617 4.1855254764488805 5.547927529554429 6.746674176469106 7.800535992369 8.72218430432072 9.520084833243663 10.200012676031262 10.766021795878432 11.221012028457347 11.567042483923911 11.805493917846361 11.937145744423793 11.962208363395645 11.880335366754998 11.690629647757898 11.391650131746363 10.98142028677329 10.457434758143878 9.816655659493573 9.055484615045275 8.169690188771913 7.154264166790136 6.003180479869854 4.709084792070127 3.263256271806278 1.656511424742856 -0.11818178290900902 -2.061774646879794 
-1.8249034084296678 0.12918576588590744 1.8940373648194826 3.4735278931518407 4.879384217744154 6.125763312774085 7.225533672201399 8.188902807927718 9.023492664040228 9.73492438759928 10.327363241882958 10.803905477016773 11.16681930410194 11.417681159902642 11.557446024692936 11.58648138587295 11.50458530593912 11.3110014863518 11.00443816224107 10.58309271868184 10.044679732494707 9.38645656736078 8.605237978342759 7.697390806603155 6.658805912311602 5.484869602945812 4.170531915167178 2.7106810954840816 1.101105485457514 -0.6598539968231739 -2.5692884364401394 
-2.391564135622876 -0.4735820055677619 1.2817621611272092 2.8730256494093376 4.304494198931154 5.583403849851182 6.717634928697131 7.714369044707421 8.579606982874877 9.318171305081021 9.933878707640227 10.429715092676611 10.807961417914239 11.070268306142166 11.21769404579604 11.250723036458547 11.16927898715155 10.972742972920306 10.659982186356222 10.229391343777133 9.678945407955371 9.006259863903788 8.2086539992853 7.283215299291111 6.226872984576826 5.036512302139152 3.7091989066408573 2.242616769262054 0.6358037432899225 -1.109845276317445 -2.9895322223990455 
-2.8558544715909617 -0.9693226695309214 0.773222027858166 2.3676855536153343 3.8141138229630553 5.115255083789662 6.275185297020402 7.2983136251976655 8.188822602421036 8.950431437456567 9.586332437600896 10.099191158531497 10.491154822196647 10.763851511605079 10.918381350764284 10.955307688524913 10.874657120967441 10.675935402865594 10.358163597276631 9.919935979133754 9.359498669814169 8.674846164782998 7.86383256369034 6.924296751998733 5.854207933322722 4.651850692426471 3.3160835376150266 1.846709154469252 0.24497085081499695 -1.4858710940544706 -3.3400074644335063 
-3.2398380247798886 -1.3802433312323394 0.349182267701021 1.9428945019920705 3.398333516561225 4.715208921366567 5.894733632650128 6.938975308190831 7.850391653296535 8.631532386614387 9.284854409698491 9.812599079147368 10.21669950311807 10.498704352675402 10.659716550024092 10.700350685991065 10.620714444726673 10.420418592977995 10.098618394751181 9.654087264375404 9.085321416309643 8.39067249217264 7.568504039469182 6.617367877231209 5.536198405143945 4.324526656761608 2.9827192723004083 1.5122460971033636 -0.08403114228703733 -1.8015781319104194 -3.633967923505162 
-3.560025709460813 -1.7232522574057645 -0.005751680963225335 1.5860115485561117 3.047667797667419 4.376681073609918 5.572010925461507 6.633759953075056 7.5628466147329485 8.360719100274732 9.029110461861942 9.569829638470546 9.984584030288344 10.27483258200875 10.441671173668363 10.485753573402278 10.407251393322948 10.205855825102734 9.880822764269036 9.431061451462805 8.855265019346698 8.152079302743651 7.320303865650241 6.3591163187835855 5.268307604685097 4.048512264018048 2.701414727402643 1.229912232484409 -0.3617808742734633 -2.0680934277430523 -3.8821165833798834 
-3.829692686929018 -2.0120740659545695 -0.3044119037845785 1.286063164046749 2.7534520120200425 4.09329982510704 5.302620051180033 6.3798024157870294 7.32441639806192 8.13694676990291 8.81850283206542 9.370534688695551 9.794578062213292 10.092039862084395 10.264031161140153 10.311251352181738 10.233925761252213 10.031798081589898 9.704178228570004 9.250045313086135 8.66820410166139 7.957491191741942 7.117023607339798 6.146476791273232 5.046370141913598 3.818326490752703 2.465260632681263 0.9914498774730913 -0.5975424512772198 -2.2950770950536037 -4.093715461897488 
-4.06042251030986 -2.258707617258011 -0.5580775661408884 1.0333244017290748 2.5079278527332316 3.859292129458307 5.082523103509699 6.1744265833242125 7.1334028574395845 7.959164284027341 8.65237227624213 9.21426611232069 9.646326078807885 9.94999168092402 10.126443654969846 10.176452736387706 10.100295729420026 9.897738668880384 9.568086784031676 9.110300939902633 8.52317970234678 7.805604509655024 6.956841686510623 5.976887658379956 4.866830339421295 3.62917758173523 2.2680755550424054 0.7893210199120055 -0.7999061652088291 -2.4915776057033967 -4.27747128684172 
-4.263399347218444 -2.474655925138876 -0.77735065350207 0.818922497956015 2.3042724464029805 3.6697831235767504 4.908448463815457 6.015545719593024 6.988517325779122 7.826571046337315 8.530180932958526 9.100598922532736 9.53942637147862 9.848264453681674 10.028448286824238 10.08086386287467 10.005845134546744 9.803148885829172 9.472006179735708 9.011250500973548 8.41952357128796 7.695559510468357 6.838545523274116 5.848550748471497 4.727000469399706 3.4771430493435016 2.1043984463443057 0.6164081827090436 -0.977415649500344 -2.666900742642839 -4.442445660014203 
-4.450856172273975 -2.6722688870050213 -0.9730205399546621 0.6345522095156105 2.1367637907574055 3.5211873250406107 4.778329141976119 5.902050269896818 6.889184815100508 7.738836365906849 8.451659159751609 9.02922168314482 9.473480619653404 9.786367605158505 9.969482702015172 10.023886330244544 9.949982119275724 9.747485402096169 9.41547511206268 8.952530067739296 8.356953489931007 7.627091531532077 6.761751950477466 5.760726612414562 4.625413036218752 3.359505455191329 1.969657760757697 0.46581457405479687 -1.139264284246255 -2.831726626640419 -4.599269499051281 
-4.638269615054118 -2.8666240113142587 -1.1570103575377442 0.47251919782170454 2.0013454962148125 3.4118779599428084 4.6918504639367535 5.834204434521282 6.8358105517063406 7.696265931309158 8.41689882258717 8.999978269583627 9.448100765893749 9.763727953606024 9.948853574356162 10.004781816444277 9.932003401571588 9.730160601785126 9.398097779252925 8.933999624998576 8.335624588854941 7.600645697554501 6.727115021772159 5.7140719597815 4.562319868343504 3.275398161081058 1.8607526287066076 0.33097378892629536 -1.296126572185078 -2.999843304929819 -4.762187384722542 
-4.848414591649035 -3.0789493477884418 -1.343129065469016 0.32667907634466786 1.8971450407678327 3.3432495498096806 4.651103722383352 5.8140191604141425 6.829976318336193 7.6998884372032474 8.426372052503169 9.012845180373336 9.462861647373257 9.77962806647243 9.965666878257583 10.022597956051497 9.951018527860063 9.750468661011679 9.419477609649478 8.95569461016298 8.356115744321439 7.617425959164766 6.736482590270764 5.710975889109939 4.540319162589254 3.2268594919197984 1.7775876962568584 0.20663654312119425 -1.4608317496045997 -3.191467590054946 -4.953008153085717 
-5.123216206781936 -3.341822614073018 -1.5475347420019299 0.1973564471568273 1.8290806273154692 3.3210326338288234 4.661192600086277 5.845500550828212 6.8745049480359155 7.751424782662266 8.480852126615888 9.06782989653148 9.517190695357927 9.833093747067961 10.018714867747448 10.076053788255113 10.00583184895994 9.807462989371611 9.479091890768458 9.017704438997958 8.419326640911862 7.679338093714451 6.7929349075873064 5.755786477030054 4.564948564533407 3.2201464310735943 1.7256928085223857 0.09381213253180146 -1.6487736232328907 -3.4383702910438814 -5.212861757671089 
-5.537212159170092 -3.731994366253868 -1.7633967851585062 0.09861330084199156 1.810693364713122 3.3562486147476327 4.730491901002445 5.934625815353493 6.9733187783926605 7.85310098184733 8.581215728652047 9.16477984470348 9.610190685773583 9.922730737103649 10.106322202575344 10.163388021096269 10.09478473962615 9.899785187558765 9.57610314535019 9.119966949471033 8.526263301990644 7.788785216856556 6.900627219208688 5.854775136812695 4.64493932649591 3.2666936555648123 1.719066330423167 0.007046597431054251 -1.8526239821046573 -3.8165551638251713 -5.615595038835366 
-6.678067628265459 -4.163779202448852 -1.9438609901061588 0.06338866685497965 1.864758436543368 3.4649958358931934 4.870248050373819 6.0889229249080925 7.131037658922499 8.007279120466388 8.728115043933634 9.30309891154434 9.74039822567985 10.046517162185406 10.226159974833992 10.282179590517467 10.215566778956818 10.025451901638107 9.709109540216076 9.26197487083629 8.677699073751988 7.948287940461373 7.064379127919219 6.0157119049365235 4.791818743291994 3.382909205432687 1.7808033462556798 -0.02042356352161825 -2.0253006755927507 -4.240378129411785 -6.746639251538576 
-12.352228098266757 -6.449826279408186 -2.8160789777678206 0.00981595410775555 2.310421373286003 4.2047348438571 5.762591673640551 7.036207344442458 8.068948843026563 8.897552548227667 9.552507176023862 10.058203370349657 10.433302227398782 10.691326792538996 10.841332295481298 10.888498968585361 10.834531840086203 10.67780206570155 10.413208880362792 10.031782036457553 9.52008951351563 8.859566367583565 8.025922662297274 6.988778395278505 5.711526122198773 4.150972109395097 2.2551531959939624 -0.045388845243615354 -2.869051674538414 -6.497204518503651 -12.385191690885408 
-13.507397428254713 -7.976017364684081 -3.566227128829111 -0.17248673117716815 2.503919291575188 4.621716825358905 6.289381833512781 7.592113396012935 8.600917214963811 9.374937867907985 9.962027336121615 10.399344588872841 10.714424454244538 10.926586569459015 11.04838673484333 11.08683485748869 11.044191635693284 10.918244588540123 10.702033038744943 10.383050917626678 9.942025813216905 9.351462503624827 8.574229792192009 7.562495445521245 6.25714997085715 4.587291616670198 2.4679763883893484 -0.2087749532176506 -3.6008661353263967 -8.005638955180116 -13.52806982531558 
-14.023628510978188 -8.590847248055933 -4.041731693340186 -0.383910586067435 2.4958471157086803 4.732979095202042 6.445402522435212 7.7370956875135 8.698596222953558 9.406102034003291 9.920896097140087 10.289875509212603 10.547117406622318 10.716013697423701 10.81144344248305 10.841566360232507 10.808980901419506 10.71112226093997 10.539864328437476 10.280359309902096 9.909237846009814 9.392425715104991 8.682996224858789 7.719598006011445 6.425945840925813 4.711473651145402 2.4723834957297113 -0.40867753055146405 -4.066140129455795 -8.61213536929211 -14.038521940998745 
-14.193885881339305 -8.818681247814862 -4.315083357071562 -0.6305536578079753 2.285958848517968 4.528476950199289 6.209239445980059 7.440295009412242 8.324213467001947 8.948621495855244 9.383794002024 9.682820455727024 9.883555829997148 10.01141957008756 10.082226662122714 10.10449088074881 10.08089277486563 10.008780658075741 9.879670205536396 9.67777395321297 9.377689412165234 8.941550872881859 8.316204568077199 7.431228232725283 6.198749407499364 4.515911145108601 2.2705802559063875 -0.6489700334005172 -4.335385943262001 -8.8379012099346 -14.207752890837035 
-13.877914228235115 -8.876730188389462 -4.553232369579326 -0.9881809086086032 1.8281362314989595 3.968783460369529 5.539752287942932 6.656464575209651 7.428346533569929 7.949628980729919 8.29528480539143 8.520942436053764 8.665303842092996 8.753630626511036 8.80119496129191 8.816021489956901 8.80060188258088 8.752474481477096 8.663647867111266 8.518885844655202 8.292957232223236 7.94716405938216 7.425817370174214 6.653759795540352 5.536371709919627 3.9635476463485952 1.8190395240954256 -1.0031262474480334 -4.5741293368874665 -8.89973787696788 -13.89610319319275 
-13.77164595939492 -9.16651460552449 -5.104194107440298 -1.7590214824207167 0.867893458546137 2.8449639583008763 4.273003306917073 5.265192387212561 5.930646993350673 6.363570778510229 6.638342892550395 6.809326072476342 6.913571801556656 6.974684099686739 7.006575473907762 7.016396359800199 7.006339625286245 6.974246333934655 6.913006575248999 6.80875803492215 6.637951715981695 6.363577659766433 5.931262457745067 5.266494902940756 4.274693514427116 2.8458951774095134 0.8650682435710642 -1.771086588272646 -5.12879126657027 -9.199990149124021 -13.800048353267995 
-14.346808991516427 -10.042274400796705 -6.3825822220800905 -3.4093096337798547 -1.0808842200401065 0.6624839510321353 1.9089172161202552 2.7610538780039873 3.319717088859232 3.672432126676021 3.8880684226437316 4.016467806892181 4.091099069660954 4.1328894141400045 4.153923040205473 4.160296181373481 4.153859540513667 4.132801024622189 4.091073144158165 4.01665805686487 3.888713890853799 3.673867103593546 3.322356990636765 2.7653350155422296 1.9151462928256737 0.670427097199227 -1.073069721740945 -3.410595320674063 -6.413678293314773 -10.09810810714779 -14.404867939979248 
-15.306429209743781 -11.45498706560895 -8.464158501842837 -6.003576242298962 -4.059898859383474 -2.6033128674143953 -1.567139799337885 -0.8660778934268825 -0.41374567340097884 -0.13444698933730007 0.03136957183792868 0.1265442506894287 0.17954838203368784 0.20794123033896764 0.22170359841060702 0.2257967185973629 0.2217150404708391 0.20800463482339482 0.1797573321189684 0.12706903760341895 0.03248865753497328 -0.13231242367511664 -0.40999729300884163 -0.859900808745943 -1.557442692619384 -2.5886124854506307 -4.038613733920189 -5.973851928810876 -8.464027231508991 -11.599316986543654 -15.416084472715468 
-15.64329599401748 -13.524261371483718 -11.416244184168528 -9.546211442598388 -8.039282133631795 -6.903649808024325 -6.096782335621291 -5.5539867131441625 -5.207215064966151 -4.99617308464606 -4.8733480545787735 -4.8046675029830395 -4.767632278754872 -4.748490876119468 -4.739509887035061 -4.736884472545317 -4.739474508719556 -4.748382902388707 -4.7673646786296136 -4.8040786758766 -4.872165771030776 -4.993966875537653 -5.203329631059054 -5.547426371424695 -6.085952868956818 -6.885746060818522 -8.008278848591525 -9.490950567888849 -11.27014978758368 -13.522078747444626 -16.659524218683476 
-17.12406666609903 -16.621329674456142 -15.234964476027923 -13.946843468466126 -12.893146718372565 -12.096146082158066 -11.529793650718924 -11.149547756179505 -10.907531390251908 -10.761075374206111 -10.67651737652965 -10.629742389891053 -10.604865477024616 -10.592212166437157 -10.58636514084076 -10.584670210747557 -10.586333709980941 -10.59212137857275 -10.604649724547052 -10.629278936111794 -10.675597194944809 -10.759362621336935 -10.90450257631208 -11.144378422034528 -11.521101205752599 -12.081268664172526 -12.86646998328575 -13.888993685086156 -15.123700148375807 -15.597039171655547 -17.1181280108536 