Step: 2565.0
10.646005023768344 10.480867344285123 11.064007783718889 11.679652516488233 12.3546875001402 13.016910166227584 13.633244901532855 14.187375834324383 14.672247391447856 15.085713587303866 15.428208380373029 15.701384603988812 15.907264727486202 16.047679578675325 16.12388486502223 16.1362996547608 16.084337638376038 15.966315078361687 15.779425694534982 15.519775875325307 15.18247577624292 14.761785109859419 14.251319779008572 13.644342884007418 12.934206033770685 12.11509547409129 11.183589687628443 10.14075941216675 9.009872034625857 7.636504347279073 7.6743899993174285 
10.000324073802668 9.508587817676162 10.003821358482039 10.739988775428545 11.502470584765476 12.237671066441706 12.915521302741647 13.52195697863285 14.051101168473652 14.501563755043113 14.874326664689399 15.171472849503255 15.39536709095114 15.548100217562677 15.631101707055372 15.644871907315599 15.588808067405965 15.461109663782024 15.258753848272121 14.977534288084025 14.61215814960922 14.156398246699657 13.60330288658826 12.945479497479482 12.175498912513143 11.286551236918017 10.273558093210053 9.136568195187886 7.8761583767186725 6.658626137123598 5.767374050016069 
7.042628131884931 7.868225578164374 8.782368828748716 9.721121201248176 10.624259725584524 11.459177030991619 12.212911406541417 12.879374790851593 13.456929426369026 13.946568358432343 14.350724929126363 14.67242969111908 14.914696283535148 15.080064542149287 15.17026083944642 15.185953483928389 15.126590679111795 14.99031322468716 14.773935882725304 14.472991423250582 14.081830691019741 13.593771318258643 13.001287673077236 12.296235928188025 11.470112065498862 10.514335768312101 9.42063795844164 8.180767353562524 6.795594442516942 5.240953050892895 3.064557592492531 
3.8828005743890657 6.0543359812099675 7.479777286802697 8.684264378337973 9.750067174489715 10.698113761964061 11.53531675223428 12.266030798159651 12.894231392616813 13.424146782294057 13.860184675162479 14.206647874369164 14.46740417592755 14.645576754973982 14.743281933252282 14.761426177214746 14.699567574914937 14.555843277298894 14.326961378223093 14.008252669409186 13.593774260461535 13.076452738921697 12.448248247207458 11.700309614673515 10.823065274097779 9.806138524222584 8.637741871348132 7.303263139861192 5.775512934137522 3.969290800004757 1.8055490436597164 
2.3620342520651674 4.534618252692456 6.278934782504422 7.7020151101096275 8.919056705345344 9.97621635284185 10.895604797060132 11.689976158087848 12.36834644806801 12.938055391343731 13.405508340118553 13.776339169029066 14.055329530966809 14.246238448450814 14.351618324771163 14.372656811316782 14.309065397701994 14.159024968823728 13.919191406407068 13.584758444667553 13.149569148358028 12.606260353960783 11.946414219761309 11.160673323781953 10.23874091155848 9.169105211601025 7.938172065751628 6.527642056415254 4.907836310934262 3.041190430174952 0.8956735815664983 
1.2851267660348529 3.441605901778891 5.275960399086319 6.832465217461239 8.16416717733313 9.313436574831096 10.306136316037941 11.159108215824368 11.884485777741979 12.491855704624108 12.989222642470752 13.383367963307965 13.679905419957095 13.88319860878836 13.996231763004076 14.020486034280637 13.955851068897571 13.800587928860317 13.551349905529241 13.203260169160547 12.750038012547275 12.184157402824418 11.497010986882172 10.679036841603498 9.719738748239314 8.60748870390239 7.328913950752614 5.867726610713183 4.204803930956083 2.321582436393515 0.20876071026065823 
0.48520239699138806 2.607842668118515 4.473108260354136 6.0961036730433324 7.503708349034897 8.722974520217758 9.77601561605884 10.679604628436227 11.44683753435151 12.088402033272569 12.613287516300048 13.029089981010458 13.342075087529517 13.55711591779567 13.677582914362484 13.70523585441886 13.640148978067911 13.480687317190226 13.22354251999171 12.863828456976497 12.395229537116037 11.810187141326669 11.100101261777004 10.255515072769583 9.266241544339769 8.121391129234938 6.809317717627942 5.31782219767748 3.635288020418648 1.7535149182432561 -0.3281706909423374 
-0.13090004991116735 1.9587087793677451 3.8299582854520544 5.486430833746553 6.940943021694423 8.209998244053123 9.309881142669346 10.255058466321433 11.058000191212718 11.729490725316063 12.278890374242811 12.714240960353454 13.042241329111057 13.268147120871047 13.395644986386364 13.426739849940502 13.361682143922748 13.198951877275343 12.935307922631363 12.565903545381314 12.084462502124593 11.483503799703026 10.754597766392543 9.888633065463594 8.876078370062663 7.70724703704298 6.372649764848972 4.863634827326423 3.1735880392751112 1.2997822341269571 -0.7544732949800087 
-0.6138629070720742 1.4464717678449763 3.31386759230828 4.986513662235971 6.469749549190846 7.7731807464791505 8.908196116009446 9.88639450202699 10.718833521714203 11.415738500581233 11.986370843833317 12.438903481452957 12.780265961500046 13.01597048174248 13.149944753165062 13.184397540611148 13.119737438497083 12.954558797792588 12.685702123282597 12.308390074949465 11.816434500147249 11.202504906695248 10.458445258800705 9.575625944449394 8.545325432308003 7.359158359461846 6.009604217995012 4.490725186858569 2.7991421853716245 0.9352228043468176 -1.0957611045458728 
-0.996283835051171 1.0392345634200568 2.899217116408197 4.579148371514595 6.0801203823051475 7.407299202241824 8.56837835667894 9.572349901608614 10.428663477821932 11.146678942848684 11.735280219346405 12.202558282370159 12.555523855848854 12.799846229691948 12.939630673793426 12.977250971946962 12.913251797914445 12.746331508687105 12.473411069186717 12.089789883572966 11.589384535310343 10.965042119671145 10.20891669434323 9.312896836888678 8.269076601216971 7.070272625026275 5.710603442723912 4.186150838260172 2.4956996855296323 0.6414931489449632 -1.3701355581515156 
-1.3009195866731518 0.7140495528746645 2.5660076370861717 4.248943688208589 5.7613489369380195 7.1054131836178245 8.286088959209724 9.31020347358341 10.185700681617936 10.921015665144013 11.524548620376981 12.004207408746948 12.367004383404149 12.618708593507463 12.76356291151859 12.804077924396967 12.74091313769372 12.572853099958124 12.296882486138262 11.90836036166978 11.401289852811484 10.768675319051008 10.00295512166139 9.096494841856456 8.042124179507356 6.833701121879989 5.466687893285243 3.93872089053351 2.2501467949564455 0.4044788910319887 -1.5912910610193707 
-1.5448220655215075 0.45342846276346355 2.2982397842056477 3.982633457098658 5.503296325276511 6.86023962204679 8.056294242026066 9.096512987859866 9.987535965490071 10.736957347308948 11.352718429079895 11.842545055890623 12.213444833962491 12.471278219898075 12.62041595279209 12.663493053643744 12.60126704922793 12.432585481817862 12.154465201982372 11.762283228512661 11.250075759503083 10.610937834906167 9.837510825434263 8.922538148037159 7.859461534608891 6.643021683269152 5.2698202935748535 3.7387986169975727 2.0515940387208897 0.21275147818307552 -1.7702135643446568 
-1.7416411853495117 0.2432478888083991 2.082672463124873 3.7688263218119973 5.296857562955028 6.66491912738691 7.874033999387831 8.927751620316585 9.83162499145928 10.59257329619759 11.2182029136319 11.716148323924143 12.093476255266163 12.356180293203176 12.508781827536291 12.554046174639481 12.49281862978981 12.323982915133561 12.044543081853613 11.649828604535452 11.1338203751374 10.489591676557023 9.709851951310501 8.787571110305391 7.716647310875632 6.4925623389046745 5.112950955164471 3.578005218542812 1.8906557358004272 0.05652457321380334 -1.9162872162627156 
-1.9031667332332958 0.07130079250542104 1.9078409495312185 3.5976365500978185 5.134114455890574 6.513478186459588 7.73498465600281 8.800837596061257 9.715726061970711 10.48613068026322 11.119536797085852 11.623661646010401 12.005761443008986 12.272052446559119 12.427260817660043 12.474306020186487 12.414118099399754 12.245588011274117 11.965650569397116 11.56950028063399 11.050940234722878 10.402862040934776 9.617848924970108 8.688882241138982 7.610110878758388 6.3776106624831845 4.990021344016723 3.448921605021992 1.758826897990732 -0.07320171982861295 -2.038187046700116 
-2.0406483737300616 -0.07395079130951503 1.7631940372445547 3.4603357613066095 5.008438118570702 6.401210939720178 7.635943256016242 8.713598824491951 9.63828750780539 10.416391820063998 11.055593473930402 11.56395187319465 11.949106004739836 12.217627051653759 12.374526887954154 12.422918146253938 12.363819162942681 12.19609850908346 11.916556982508805 11.520148502971463 11.000344170002096 10.349644480757872 9.560241431442114 8.62482185854367 7.537480677700193 6.294668896739721 4.89602258173634 3.344829549307421 1.6478608490314748 -0.18553531258347147 -2.1448246065143723 
-2.1663339759801206 -0.2047886205781357 1.6382213960010394 3.3491261842715105 4.914751848835768 6.325172277147923 7.575349136056498 8.665218245131873 9.59878745758341 10.382855062672265 11.0257470552121 11.536213391682788 11.922525297626335 12.191774167570424 12.349356701304142 12.398627189074713 12.340700382315593 12.17439400056431 11.896306836769014 11.501035604937302 10.981540368943334 10.329673613476583 9.536890070912566 8.595150304055704 7.4980150986282705 6.241886771866115 4.827256897144506 3.259564184366333 1.549058566965173 -0.2908858920443332 -2.246658950375836 
-2.2958915929516883 -0.3362924674276691 1.521474598981526 3.257289119600636 4.850256170996343 6.284991023766873 7.553924526795153 8.656675107248255 9.598011749315617 10.385915505630214 11.029955595327383 11.540003536852442 11.925252200189519 12.193494126555773 12.350613929419515 12.400256436723547 12.343642246520284 12.179513497278803 11.904203856513014 11.51183780700978 10.994675396255202 10.343629545981509 9.548992823302994 8.601417313433826 7.493191833137611 6.219848701943564 4.782076717082992 3.187725824651663 1.452400347648709 -0.4028777043340155 -2.3579741599462354 
-2.452994818284916 -0.4901830071870138 1.3998071227232838 3.1803745440836155 4.816260544613456 6.2841358065116575 7.575421865938902 8.6911332034979 9.638221566111545 10.42690669102481 11.068737159523204 11.575189129473765 11.956673654194503 12.221852663222576 12.377184747871855 12.426641772430498 12.371556399879383 12.210577789059238 11.939727884592331 11.55256503030074 11.040476756443237 10.39314069233464 9.599211576977225 8.647312246327656 7.527427707011988 6.232831124672564 4.762734038145419 3.1259177609924778 1.3458622458696021 -0.542097069685582 -2.501368336228258 
-2.682881395529703 -0.700752812840066 1.2579713218639124 3.1219898491628366 4.821306576925744 6.331472834437315 7.6472881637325445 8.774141711776629 9.72312407778132 10.507969818394624 11.14300752421634 11.641787618981606 12.016188872744145 12.27585714684428 12.42786607887558 12.476522571379206 12.423268844756494 12.266655552446286 12.002377890881696 11.623382016213789 11.120066520044757 10.480626480408004 9.691616565308742 8.738842928179366 7.608729963776074 6.290360682084722 4.778520477666419 3.0785672184268433 1.2150665957959015 -0.7419570730853059 -2.7212384217460457 
-3.0680979738851333 -1.0523520285784247 1.1076891100746962 3.102484370383526 4.884627018375341 6.442403399428203 7.780872152730211 8.913447999984012 9.8575377550971 10.631693370588948 11.253752547144337 11.739693778877838 12.10299032864815 12.354280303382021 12.501215331314432 12.548398972621445 12.497365908651432 12.346579582615908 12.091441935863951 11.72432090769791 11.234617378375226 10.60891996467977 9.831336167220794 8.88413720710299 7.748899354885955 6.408357190993677 4.8492417017332645 3.066632496782258 1.0723580455392303 -1.0861027339114067 -3.0994754406078733 
-4.276710492330512 -1.4450722453473936 1.0083136741855163 3.165503277280725 5.037145849831778 6.638606158578421 7.990758638991252 9.118229598813805 10.046657825509127 10.800480900901507 11.401523350625624 11.868297144415676 12.215780957337426 12.455447870636563 12.595378677471222 12.640372542881467 12.592019940157716 12.44872937091877 12.20570701604683 11.854889495856089 11.384837606535488 10.780625640199634 10.02381439319155 9.092670996109446 7.962866479432022 6.60888499794949 5.006233702292152 3.134176208147539 0.9774848139534758 -1.4743507325093081 -4.303044000590146 
-10.308628231161904 -3.485684780012022 0.6395312838575339 3.7135121867740795 6.074150914239401 7.890000254615309 9.279386503108409 10.337575588208434 11.141679073207419 11.751771127456347 12.212558602425908 12.556003580363809 12.804230035987054 12.972073263708692 13.06896576912091 13.100141766740906 13.067278355721832 12.968694447014224 12.799155321166953 12.54923408599065 12.204108018370695 11.741671004674537 11.12998053009404 10.32434898744183 9.264727234588587 7.874054762230018 6.057174896916181 3.695959449795079 0.6221659335656933 -3.5015876124995122 -10.319741626325301 
-11.29458542630313 -4.75023739422902 0.3226202412892414 4.036227654672153 6.761655373779904 8.735467574462568 10.14322521711828 11.136069829044274 11.833426076276817 12.32446027453547 12.671902865133879 12.917630267716406 13.088448976736824 13.200930611483193 13.264859239309377 13.285369269927195 13.264057992257426 13.1993251246579 13.086035233840578 12.914406061547027 12.667868790568093 12.319614342290182 11.827747320845589 11.129492287297909 10.135619795375034 8.726669883171317 6.751581756610229 4.025083895824842 0.3111422559375255 -4.760558856146787 -11.301933537740279 
-11.570112501679999 -5.003935909663764 0.29284714270761986 4.305744342498679 7.213518799244854 9.249005402159886 10.630147735165703 11.544988880367923 12.142798119480677 12.532851066065803 12.78940504914331 12.959768869107945 13.072545221695956 13.144320458251563 13.18428735399463 13.197028492756433 13.183929547118032 13.143604144581138 13.071470809018713 12.95834031954691 12.787629309099326 12.530726510718297 12.140280073091285 11.54192421922603 10.626197211757976 9.243630137323347 7.206150034969084 4.2962021726065505 0.2818607329892572 -5.014511634560138 -11.57779806757447 
-11.424990068627036 -4.778937126914645 0.5263110365729824 4.569250463941346 7.477455527447666 9.460865486890562 10.751949276944808 11.560820318199074 12.054462038603369 12.35254071245042 12.533549310937138 12.645228411419884 12.714874019121888 12.757353776619196 12.780403356649082 12.787680024110447 12.780256920935742 12.757062585640428 12.71444434642964 12.644676414966959 12.532905153755157 12.351840156221765 12.053701742640186 11.559844525008268 10.750254554974488 9.45741430771078 7.470803854162571 4.558289510717798 0.5115322901624155 -4.794628134252022 -11.436764928936038 
-10.610761700674576 -4.280626688338179 0.8732936054909761 4.773516831647395 7.523742135412392 9.338531202136782 10.46524836314902 11.128370919293845 11.502678819851209 11.708856900672565 11.822166638519468 11.885618415168953 11.922076769165345 11.943032686122216 11.95399942401139 11.95741079789658 11.95395344645296 11.942944117425522 11.921957254390957 11.88549899535074 11.822114515299758 11.708986705586574 11.503123480731285 11.129142589548481 10.465898948624773 9.337566205992266 7.518171021152273 4.759926943058874 0.8506671596080005 -4.307620705229707 -10.63269777327616 
-10.119685964175046 -4.169421858708047 0.7275250050443928 4.380407734963314 6.899764103873807 8.51462438821002 9.478431166867821 10.016482344824967 10.299962560887579 10.443126613876993 10.514108869112494 10.549710121692875 10.568191533469369 10.578020150351538 10.58292094636881 10.58441424014554 10.582909217706828 10.578001091932988 10.568180908648772 10.549752986067256 10.514313009904473 10.44370624023627 10.301256955700277 10.018858688903736 9.481904896584167 8.517977273474306 6.898758331387524 4.366645799767792 0.6953791512277375 -4.215260451404006 -10.159073061493796 
-10.55646391216782 -4.877723394911155 -0.4098163482349443 2.8378974957041314 5.044310439330037 6.431885523861708 7.237707537403364 7.670493695511159 7.886570419589026 7.987954063117518 8.033562689579773 8.053871262510036 8.063164375560067 8.06759908192989 8.069656812770486 8.07026382818709 8.069655271354124 8.067601371060404 8.06319050154435 8.0539813764701 8.03391023677136 7.9888724721482856 7.888671681373371 7.67469748874028 7.245029795756031 6.442625933857086 5.05605177900622 2.8371744863026205 -0.4538704949702977 -4.958659808050132 -10.640760097462335 
-11.583279866318323 -6.402824938310395 -2.7327031816125 -0.052783935177853326 1.770853152587499 2.9092052586282375 3.5599512781606544 3.9007717186094184 4.0646984038578795 4.137531485540697 4.167808804414959 4.179884791654997 4.184697751783999 4.186691914491446 4.187523136938744 4.187755871161826 4.18752427395925 4.186700063827572 4.184735411467793 4.18002189935078 4.168231115136651 4.138664943447467 4.067390839867345 3.90649343130586 3.5709241251075 2.928369937156629 1.8009554315928817 -0.009704015422199338 -2.7326985020075605 -6.61068482812878 -11.743567091697871 
-11.837972119818927 -8.99825124836018 -6.436683374254615 -4.4155765377375165 -3.0147016745145847 -2.138291241969524 -1.640614963714337 -1.3835457696842355 -1.2626189684840574 -1.2106946077778966 -1.1902177389832882 -1.18269026559825 -1.1800298441822943 -1.1790825794424777 -1.178739843662852 -1.1786511994036855 -1.1787382703766918 -1.179073902171568 -1.1799925208460602 -1.1825559915677613 -1.189800775055322 -1.2095557375443304 -1.2598440032071843 -1.3774323155206272 -1.628233450179703 -2.114746886778533 -2.9706960844595125 -4.335251743898771 -6.227761402621533 -8.996719234015478 -13.277814061500507 
-13.854827972381447 -13.242258960371474 -11.572069341979184 -10.188144363956862 -9.213147948273143 -8.601357928028426 -8.254473825125933 -8.076143700616326 -7.992937294339729 -7.95766869698875 -7.9440448703277795 -7.939203943781769 -7.937585813831628 -7.937055648003373 -7.936881207470924 -7.936838829319703 -7.936879958116814 -7.937048960743237 -7.937557271045639 -7.9391011099289654 -7.943723931397001 -7.956785770275569 -7.990765300269481 -8.071294474566876 -8.244467828285902 -8.581682928828423 -9.175150431788618 -10.104201053211256 -11.410834935576032 -11.79596755824004 -13.849914634194999 