Step: 2520.0
10.687640704528212 10.523972481464863 11.107062396876756 11.722979026094183 12.397661906037566 13.058888407237774 13.673650719862898 14.22575981121127 14.708318367282246 15.119354558152311 15.45947966110832 15.7305159391039 15.934637757116679 16.073802137640143 16.149358721701326 16.161783411445686 16.110506600104543 15.993819958234578 15.808852067200878 15.55160631757665 15.217056636915304 14.79929981766513 14.291770518026599 13.687542358398344 12.979780988243517 12.162503957003944 11.232155295225718 10.189736243618134 9.058541853774477 7.685220858958187 7.721443254811905 
10.042770898106365 9.553858272724911 10.050438995014344 10.787002922807035 11.549163991012172 12.283311962302944 12.959472863863207 13.563725401547092 14.090366873781564 14.538197327413544 14.908391735449944 15.203217265320095 15.425203743240099 15.576579071597273 15.658874745664159 15.672652843068883 15.617328775835253 15.491075358579911 15.290799067080039 15.012181785788526 14.64978279627727 14.197197983495908 13.647278690789733 12.992426149775424 12.225008201000517 11.338029210181388 10.326258946815331 9.189646683236077 7.928791012178467 6.709728044981186 5.81525652151936 
7.087346110494447 7.916176128241887 8.832242450056388 9.771764671179962 10.674692976167723 11.508553771774523 12.26051701838065 12.924662075950373 13.499544601100387 13.986365285728384 14.387766850211456 14.706979029287885 14.94719363649289 15.111098365823347 15.200529597102227 15.21622221861304 15.157644088125645 15.022907393720226 14.808750889008058 14.510587044196203 14.122607446662958 13.637939010503848 13.048843434721359 12.346953532654624 11.523543842096569 10.569827870778274 9.477358254575247 8.237743753224464 6.851709853842162 5.294896998770275 3.114833142888194 
3.9302523995868466 6.1053385602024335 7.533038814563642 8.738560792543442 9.80429282725331 10.75130769536803 11.586683771356466 12.314966264876347 12.940343750068456 13.467269902007068 13.90037821646049 14.244185560595607 14.502750867727704 14.67935577336999 14.776234450000668 14.794364720746273 14.733325843745822 14.59122454220242 14.364687809501909 14.048917950375712 13.637801829992314 13.124061916775403 12.499430295494722 11.754815424030372 10.880405751393713 9.86559768115526 8.698400693010829 7.364025438091042 5.835126607574149 4.026374872741989 1.8586586022185434 
2.412500617803635 4.588904147820741 6.335737822162432 7.760055766795266 8.977146844776483 10.033308256179994 10.950828952328465 11.742671546384956 12.418082759915732 12.984644665344492 13.449004290896903 13.817024046790634 14.093689330122396 14.282927928543801 14.387417723035394 14.408422387400682 14.345676110339852 14.197327680504976 13.959947068884395 13.628591740663595 13.196924038930167 12.657363874752745 12.001250636240902 11.218970335672841 10.299968907318041 9.232489505966466 8.002716307716353 6.592160173829715 4.97099267316438 3.1015536107826485 0.9517907748617705 
1.3387586187933462 3.499321881012604 5.3364197158403694 6.894333618191687 8.226188032629574 9.37449038180447 10.365288266090383 11.21564449969761 11.937938270174705 12.542014070692762 13.036133182523301 13.427319311519527 13.72140203470256 13.922923608238232 14.035001080846657 14.059196139591975 13.995422657625415 13.8419080916877 13.595215333217743 13.250323977803149 12.800762742678257 12.238776634609579 11.55550177200097 10.74110472869354 9.784816528627688 8.674749115718914 7.397295722082089 5.935972967980528 4.271513478934197 2.3852731740890927 0.2679468181099609 
0.5420769780522997 2.6690647969339203 4.537286759787356 6.1618461877789885 7.569694430847339 8.788020286944166 9.839127308789058 10.74001959836339 11.504051686467465 12.142183037848941 12.663673580141307 13.076374635067896 13.38677912763443 13.599948197271887 13.719392088235068 13.746955434323821 13.68273821341304 13.525070510069119 13.270549434845204 12.914138507607792 12.449322408363937 11.86830239670992 11.16220925700968 10.321301095722562 9.335104515489016 8.19245747465558 6.881470322695784 5.389743852613903 3.7055184447882703 1.820519871487835 -0.2659211168609798 
-0.07076532597037614 2.023452366935741 3.8978631939139383 5.556044323221017 7.010882381264635 8.279019021647589 9.376934753949318 10.319336702968116 11.118965062593142 11.78688884016857 12.332751808926849 12.764863288498931 13.090160146795256 13.31409493090137 13.440500681861767 13.471471277119427 13.4072843649633 13.246383834040168 12.985430251058887 12.619420313344968 12.141869626914554 11.545046809558324 10.820241358952886 9.958044544203439 8.948626492464708 7.782017113944967 6.448475077822174 4.9391436373371125 3.247264616656682 1.370039322811809 -0.6892144354918528 
-0.5505033459279953 1.5146966473669086 3.3854509743247867 5.059941189176626 6.543577005430221 7.846105324453691 8.97911720114413 9.95446095426192 10.783475488927074 11.476682807577552 12.043639935655653 12.492798732633476 12.8313368556063 13.064971690229354 13.197783498487404 13.232073843173424 13.168279963994024 13.004959084950391 12.73885001276992 12.365013187064806 11.87704460576331 11.267353965506206 10.527493712038776 9.648525499469498 8.621418036390725 7.437492333020691 6.0889676340273535 4.56969558341936 2.8761506091646956 1.0086290325477436 -1.02758645655327 
-0.9297816791123636 1.1108504004509816 2.9743791652187426 4.656280116521832 6.15771665087062 7.484000321435951 8.643033729931053 9.644067641017333 10.49684385215295 11.211030550547743 11.795818875486669 12.259589543904717 12.609610851176347 12.851764988591121 12.990315488232886 13.02773249985506 12.964590706241495 12.799550491505789 12.529428107085728 12.149355642885753 11.653026822456052 11.033020265163781 10.281188585685802 9.389100991245432 8.348531123989698 7.151992124353787 5.793333982486284 4.2684218657803354 2.57589064285346 0.7179112689116376 -1.299170832476567 
-1.2313972955607249 0.7889226627188382 2.6446027605675497 4.329621902739274 5.84254448661557 7.18571054878072 8.364289108781513 9.385375650831083 10.257217258752826 10.988568874599325 11.588149184511314 12.064166126861839 12.423898525800466 12.673335482112723 12.816883367370476 12.85715239568609 12.794833359888722 12.62867214562796 12.355546078945437 11.970642369625164 11.467734921225087 10.839551605726882 10.078219987548374 9.175776055016808 8.124718646101698 6.9185923335517225 5.552582192759918 4.024101379541562 2.3333423641597695 0.4837445935453621 -1.5176870899685426 
-1.472434007153819 0.5313905896924749 2.3800853666033697 4.066660851856387 5.587879194838285 6.9439070657115325 8.137799819583767 9.17488865569224 10.062128215783193 10.807444274403704 11.419107828129887 11.905154812892679 12.272867700602589 12.528333575221064 12.676091393170775 12.71887871133588 12.657485510672437 12.49072013696679 12.21548985486427 11.826995852160037 11.319039364629768 10.684431486873649 9.915493806865646 9.004630029515358 7.944940393614705 6.73084184563235 5.3586497706929075 3.8270749721000614 2.1375959171589862 0.29468170225565427 -1.6941384142417995 
-1.6665638161625718 0.3241067884970915 2.167559969255934 3.855977391003428 5.384584559456939 6.751695346440172 7.95856583584623 9.009034893016814 9.908982359873558 10.665671414096238 11.28704960290946 11.781071356383023 12.155086190960722 12.415320266851982 12.566467303282323 12.611397632521653 12.550990022940084 12.38408863518659 12.107586146010533 11.71663284786228 11.204969574466928 10.565378688732915 9.790241024610431 8.872176402961559 7.804730195064708 6.583049178941831 5.204471700933422 3.6689514632925437 1.9792551210750073 0.1409269418892632 -1.8379174255623496 
-1.8255878473953369 0.15485203108698212 1.9955488465624218 3.6876713820835323 5.224725319172079 6.603080605811076 7.822236778294296 8.884699527952735 9.795498690711623 10.561472566138907 11.190459799592384 11.690507439591714 12.069161910360666 12.33287722619304 12.486555219798296 12.533222294782705 12.473842786502159 12.307267924464426 12.030319911467672 11.6380114826831 11.12390132554732 10.480583635321409 9.700304166672874 8.77568310244465 7.700503918811101 6.470494488796152 5.083986489084174 3.5423114075938584 1.8498156759927191 0.0134812526211396 -1.9576984026775779 
-1.9607565606109714 0.012088134285169805 1.853501863502774 3.553016056442651 5.1016725524704505 6.493352526222119 7.725598496737486 8.799691359520024 9.72009857625813 10.493576248003905 11.128172685076441 11.632287080504991 12.013855382522893 12.279690659523308 12.434982743610032 12.482952369759769 12.424652700177766 12.258912674367538 11.982419979638316 11.589945199718091 11.074711700214449 10.428916687683484 9.644405655103768 8.71349194786187 7.62989012759258 6.389687347465078 4.992197221072123 3.4404501348565537 1.7410436012985053 -0.09675244106177795 -2.062383436281832 
-2.084310424141633 -0.11645654742484374 1.7309242271991647 3.4442337097534974 5.010370014732875 6.41958161818694 7.667097105541421 8.753189531605022 9.682246180229129 10.461458433609778 11.099533884530032 11.605572281974874 11.988147476619247 12.254595298946626 12.410491170375545 12.4592975729697 12.402164225127107 12.237869666808301 11.962900112510978 11.57166884996651 11.056886397393637 10.41009709057257 9.622400013625105 8.685368120764522 7.592163205482608 6.338802705945251 4.9254363493396225 3.357232544384432 1.6442648198178345 -0.200164797548716 -2.1624159201074957 
-2.2119088239689844 -0.2458463730316114 1.6163972489810183 3.3546483190010425 4.948064690314558 6.381436767166976 7.647481782925678 8.746185226305766 9.682725777257865 10.465502390820284 11.104482920998024 11.609898196224535 11.991247408450294 12.25656761441233 12.411920680621606 12.46105820087866 12.405235334406306 12.243155989056397 11.971043247143644 11.582840244763458 11.070558069776265 10.424798517309451 9.63548974664161 8.6928799659981 7.588834931205794 6.318472489123859 4.882110334042007 3.2873091096642844 1.549496548620096 -0.3103579159695099 -2.2720650635913238 
-2.367232596296481 -0.3977945163092213 1.4968194960002363 3.2798847447769686 4.9161493185495795 6.382457071924359 7.670553653770798 8.781868674939485 9.723806981275136 10.50703794749101 11.143527479730944 11.645118699624433 12.02252910253569 12.284661350018675 12.43814659464695 12.487059955120564 12.432767516798634 12.27388183092572 12.00631827232464 11.623459069382008 11.116447159327679 10.474649548655448 9.686349563433518 8.739748116858605 7.624376019423522 6.333049072671143 4.864560034111563 3.2273634620676948 1.4447650195410011 -0.4479060607455901 -2.413932091779347 
-2.595600967844814 -0.6066172326191632 1.3570084153456212 3.2236897824411987 4.923303413675877 6.431616169486337 7.7438294480444245 8.865825747477066 9.809210268866858 10.588206326093802 11.217578150100092 11.711246037271803 12.081389069522556 12.337884208150118 12.48796849855127 12.536045865919005 12.483589889557823 12.32911709825688 12.068222785191765 11.693686606918867 11.195672690049362 10.56207214573589 9.779065858924696 8.832020265303695 7.706866901473254 6.392170252316731 4.8822188825909265 3.181966135493695 1.3157608727395893 -0.6462435950770066 -2.6324937401601116 
-2.9797940650917165 -0.9568819885299155 1.2089096088547922 3.206669444630872 4.988973277570255 6.544462500928899 7.87874234426311 9.005841232182117 9.943763257269612 10.71159306214648 11.327616827465869 11.808175857984336 12.167027312732323 12.415022395745057 12.559961239276102 12.606534951076478 12.556306453563309 12.40770853477456 12.156053070213682 11.793556785610447 11.309404506488276 10.689897728312083 9.918777667142528 8.977863396598417 7.848194728160851 6.511905228189651 4.955108665235516 3.1723350121527405 1.1750555100853017 -0.9892340446140535 -3.0098754258477274 
-4.190690135642532 -1.3480876371998092 1.112398038418337 3.272896157493177 5.14438264985531 6.742853091600571 8.089959435105499 9.211113018912464 10.132651919771293 10.87958669947081 11.474187504798195 11.935303563204751 12.278165291043583 12.51442984277941 12.652305016183917 12.696664748493342 12.649123638942408 12.50806393247491 12.268614807935808 11.922583471216367 11.458344005507488 10.860716075208792 10.110920094380814 9.186774231450675 8.063373010833603 6.714497640831222 5.114866546733739 3.2429622099081956 1.082922550541225 -1.3760932984538654 -4.215884212316389 
-10.234884549139732 -3.3795262860021937 0.7609155057316309 3.8398418054159453 6.197775898625443 8.005810834737344 9.384642712386944 10.431438877752928 11.22459835828436 11.824915708989987 12.277410550958372 12.614127193260211 12.85717598993732 13.021358721253314 13.116083709460188 13.146573794323887 13.114502832933427 13.018191982064945 12.852416824756157 12.60777346538037 12.269471411128205 11.815416835899004 11.213583609269039 10.418969737673292 9.370803461953992 7.9907334639282785 6.181696779673914 3.823188661387075 0.7444163875393118 -3.3946519229701773 -10.24545651714514 
-11.215354943905357 -4.635854383581197 0.45717483095174766 4.176605001985593 6.897142684541835 8.8593429185266 10.252454900707937 11.230414783179791 11.914342260484881 12.394144035362418 12.73265844166899 12.971562250335214 13.13738471387126 13.246460803637918 13.30841514695996 13.328295818784298 13.307673260797195 13.244973590662749 13.135147212229288 12.96857077454498 12.728911654172306 12.389637802471672 11.909053533102005 11.224275481778351 10.245332810544854 8.851067453955777 6.887618153796453 4.1660165290409505 0.4462259924071961 -4.645724568153499 -11.222388424587955 
-11.483200267710444 -4.878290515096425 0.44048535751236867 4.458974660349664 7.359711274512106 9.380591956672578 10.744264710995557 11.64218833480958 12.225508754218046 12.604110869215091 12.852085990578212 13.01625757486437 13.124720747697134 13.193666638377882 13.232032212145988 13.244263786949041 13.231704977066963 13.193011189458758 13.123736880958598 13.014948303979896 12.850457205603442 12.602160377715379 12.223192589266242 11.639355602665974 10.740578548582734 9.375512656554427 7.352661958136635 4.449757763078592 0.4298036065440866 -4.888612641864933 -11.490712291746869 
-11.327274101214313 -4.638101311356284 0.6900092414887531 4.737361665829264 7.636148459958993 9.602397521219785 10.8741209799752 11.66521381560755 12.144469834209495 12.431861871968898 12.605370575830287 12.71197351867118 12.778280195241617 12.818665605654337 12.840563697829936 12.847476883829351 12.840431429196697 12.818402429483179 12.777891628793613 12.71147444560787 12.604789644550802 12.431234079958458 12.14379344899612 11.664338138822789 10.872549328907988 9.599094785418366 7.6296616219954005 4.726560558970691 0.6753617514793979 -4.653701473518798 -11.338992831381315 
-10.494348040136709 -4.119015151846975 1.057955189440109 4.960554899725123 7.698357345814989 9.493374507457224 10.599339932700959 11.244652773823763 11.605563350560935 11.802559931065858 11.909961433808537 11.96974877751877 12.003980391421559 12.023624158111263 12.03389822759842 12.0370942409682 12.03385728559464 12.023545227826762 12.003873994195965 11.969643812167591 11.909922055457121 11.802698169914636 11.60601294907219 11.24543322888253 10.600015871510653 9.492458611054873 7.692842718498194 4.946986796685153 1.0352763539167031 -4.146124206207199 -10.516393198351855 
-9.987324077621352 -3.9906728341799504 0.9294274195698504 4.583365166329034 7.0886506418933815 8.682728879001004 9.625795308312913 10.1469505689912 10.418465053087035 10.553994853742024 10.620456734284051 10.653498534231455 10.670557891115697 10.679609162879975 10.684119956201139 10.685494590392734 10.684109672205485 10.67959244621545 10.6705489938046 10.653539403059598 10.620650276739521 10.554550211957952 10.419720714187445 10.149283219336194 9.629241500216137 8.686089191903948 7.087665154237433 4.569537347495793 0.8970304198766157 -4.036932543789172 -10.027088678241721 
-10.415865286738876 -4.688487475824111 -0.19748790448242026 3.050854036713852 5.24351800524612 6.611453713686843 7.39825067665715 7.816072537069458 8.022011841140673 8.117288513837515 8.159537940741153 8.178109257279894 8.186529903519135 8.190531091907847 8.19238617829656 8.192933584496561 8.192384802304424 8.190533042528507 8.186553279067194 8.178210125276854 8.159863011994478 8.118163625924225 8.024046610682586 7.820199256441791 7.405519437447053 6.622208478081723 5.255350315277913 3.0501393616626244 -0.24202842253992937 -4.770380884012538 -10.501169415255568 
-11.441676680090797 -6.212803552611442 -2.523052904795791 0.15693543008730357 1.9683569432709747 3.0896556359313827 3.7241894149516894 4.052549860637396 4.208292816148021 4.2764008436879735 4.304227654516545 4.315134092964903 4.319416845487706 4.3211755450977725 4.3219067122148225 4.322111469565342 4.321907618427155 4.321182499462241 4.319450215642596 4.315259152464047 4.304622258958917 4.277481695762655 4.210904441477173 4.058178414951926 3.7351051397305115 3.108880792718243 1.9987196082455898 0.20050531814087433 -2.5230550246380554 -6.4231691535365085 -11.603985791948798 
-11.69020784094474 -8.824428884103467 -6.250350853104098 -4.2299288119308045 -2.8390161599689794 -1.9762043583057258 -1.4913006736680596 -1.2439106361605878 -1.1292201364266607 -1.0807993022116946 -1.0620682735956215 -1.0553262502719667 -1.0529929104983606 -1.0521758419608793 -1.0518826422373098 -1.0518069460436306 -1.0518813717930298 -1.0521684609756923 -1.052959904978853 -1.0552038122038974 -1.061678387404601 -1.0797119380558033 -1.1265244370804814 -1.2378873702386113 -1.4789655119519083 -1.9525573729691699 -2.7945924040064325 -4.148654830747217 -6.038956837903004 -8.822931062745496 -13.146631335151335 
-13.726907130101024 -13.111365347592118 -11.433687079615149 -10.050621052366312 -9.082760995050068 -8.480600444308077 -8.14271597671222 -7.971169363236034 -7.892301653036 -7.859444754814817 -7.847003659450147 -7.842681830565445 -7.841271696108369 -7.840819817245885 -7.840673271773813 -7.840637860510219 -7.84067226318992 -7.84081413452486 -7.841246463589766 -7.842588046999639 -7.846703438576557 -7.858601300384128 -7.890190440298964 -7.966388803557935 -8.132742055021776 -8.460830591528804 -9.044391837633652 -9.965679540152925 -11.270462091839267 -11.648592349753661 -13.722062273069843 