Step: 1665.0
11.632856414545683 11.499494499859875 12.072281397709412 12.679297417096308 13.325756763546488 13.940047740408891 14.492009283242814 14.969753765957613 15.37139139641636 15.70021008730975 15.961974120358617 16.163266927179297 16.310411958333848 16.408740876141376 16.462089748378382 16.472456881196436 16.43978355690577 16.361835417462913 16.234173665028912 16.05021402987491 15.801378500407747 15.477351003282667 15.066455892588543 14.556193347575265 13.934005227733087 13.188436128553231 12.311221396584443 11.300274241281194 10.17831936381808 8.816079435311389 8.816921172538532 
11.007414601460287 10.57939176849378 11.096659854830632 11.82594471490828 12.558928615594501 13.242833784892447 13.851262186316095 14.375084600003214 14.81409083870819 15.17281716896445 15.45804609485886 15.677220515837554 15.837378033544196 15.944411606288082 16.002552428447526 16.014015183944135 15.978769628496414 15.894417334568393 15.756163250912966 15.556880250828025 15.287271563458788 14.936141354806656 14.490789366113397 13.93755616810316 13.262571761353684 12.452840578250392 11.497885477978066 10.393746859938027 9.14020859075496 7.896324785082631 6.93045705149968 
8.106541802601477 9.005557011301677 9.954877056396251 10.894564087581786 11.769327501160552 12.550979255204282 13.231212152450901 13.809574773550956 14.290673511017317 14.681955095135923 14.992137653361665 15.230044642324817 15.403732823597036 15.519841713502025 15.583116637033411 15.596072083402884 15.558772163365353 15.468713285736618 15.32080168371742 15.107424960521177 14.818621664728246 14.44235529238438 13.964898690784757 13.371331759796938 12.646150847537772 11.773971173487134 10.740357996790216 9.531951447869933 8.144689858563991 6.548755368161239 4.286969541314365 
5.016429022962252 7.269106006242017 8.737340984392903 9.948181133293994 10.987578491354801 11.881225050734834 12.64160593725813 13.279382342589443 13.805361274665092 14.230757781087126 14.566749034433073 14.82386012398834 15.011366502749896 15.136782176301915 15.205453875869816 15.22026193775112 15.181422005039913 15.086381554802342 14.929808278629624 14.70367109289895 14.397416868858235 13.998244736494238 13.491472617172171 12.86097366205579 12.089623640685822 11.159624842661254 10.05230828123246 8.74694474807199 7.211066574795845 5.355346929705375 3.098819848334153 
3.5736723808227033 5.834091600315976 7.627119842481012 9.060640437477579 10.252940500362238 11.25492159469262 12.094668405458576 12.791784858795022 13.362654452710236 13.822113448798813 14.183806072463126 14.460005209139052 14.661253307868215 14.795981356895805 14.870175585015458 14.887119834965835 14.847222752209847 14.74793204912124 14.58373726694026 14.346263737082317 14.024460647871356 13.604882249093366 13.072049879537223 12.408858447798586 11.596944127239805 10.616829747616478 9.44748335839911 8.064090391582896 6.431777097200353 4.509616497816279 2.2646868677100103 
2.5795344455094598 4.830550706862052 6.7188909801770285 8.289307302173084 9.597658298180031 10.691061292734316 11.601609493506507 12.353404536172615 12.966415691050894 13.458196072696902 13.844431793042743 14.138939341070492 14.353429484809357 14.49720509238314 14.576877107572248 14.596138469766553 14.555613214573022 14.452788186316695 14.282031981187755 14.034705701272156 13.699369326672317 13.26208284738768 12.706789640243157 12.015747435730853 11.16993448505306 10.149301893157675 8.932647026949349 7.4969432809251915 5.817928549428604 3.874007368782411 1.6554045267203867 
1.8648293457273262 4.088743844606218 6.013038531459633 7.65312574501368 9.03861003606731 10.201355572772389 11.169933278191898 11.968723655843812 12.619070453271828 13.14005608275092 13.54876205907259 13.860189819701814 14.087016946312891 14.23930584717974 14.32423362854681 14.345879365392895 14.305086228055655 14.199407115132386 14.023139820854686 13.767457810960256 13.420642188995103 12.968416641923787 12.394377999105657 11.680499701222407 10.807666372095875 9.756185140568258 8.506267042233686 7.038788249083452 5.336971532725108 3.3897091220296587 1.1960405593728647 
1.3343769561360657 3.531962472161596 5.467136761439212 7.143709741931086 8.577227275389374 9.78912075384749 10.802362487296376 11.639347975515859 12.321170543005856 12.867401879779406 13.295873092080999 13.622373631643258 13.860304894035439 14.020341872575697 14.110142745804268 14.134129862914811 14.093354106357575 13.985449194745998 13.804681647424124 13.542103385278972 13.185814637930337 12.721342742070288 12.132136427974178 11.400166369003546 10.506616457568962 9.432661768727984 8.160392477528674 6.674045762546201 4.96177001489277 3.0179541610235616 0.8457099892196553 
0.9356712718315656 3.1105386809799125 5.046577139471043 6.742164307187499 8.205420366664395 9.451027217217762 10.497300690619891 11.364078614140457 12.07139440962644 12.638624873549025 13.083851327356173 13.423307952471587 13.670891380284667 13.837740947180457 13.931903719636171 13.958093372612698 13.91754709489358 13.807983117634915 13.623663071911185 13.355566440177343 12.991686643109569 12.517457902062269 11.91631819525369 11.170407750407296 10.261399271551392 9.171463886923727 7.884398508868827 6.3869599681285525 4.670420138976782 2.732234215200128 0.5775193450968255 
0.6345107122261242 2.790854042288621 4.7239434912665 6.429435452957263 7.911280628203003 9.17989093066511 10.250135318816037 11.139551213931664 11.866901898499961 12.451040832759828 12.90999457885381 13.260200923038319 13.515874909266865 13.688496548350045 13.786419321332364 13.81459742517504 13.774428469841732 13.663709729982278 13.47671004885878 13.20436450843449 12.83460286028634 12.352823529661118 11.742521802691481 10.986074264038391 10.06567421606711 8.964407473526169 7.667453697859588 6.163385911476691 4.445505422119354 2.51308482003197 0.37232014880924796 
0.4068187383967744 2.5485346698017497 4.477721153429117 6.188536317649405 7.682425676731749 8.967010424891988 10.054677168389283 10.961106537403674 11.703886371727274 12.30127131873647 12.77110395021622 13.129897242534238 13.39207666085519 13.569379193431518 13.670403556164224 13.70030264785664 13.6606088815325 13.549186207346667 13.360308686867313 13.084872431995002 12.710753158119216 12.223323240306355 11.606138453235197 10.841795190126 9.912944922798044 8.803435822543381 7.49953311443288 5.991149700565254 4.272996181704187 2.345537318677634 0.21562947324605797 
0.23457148515936863 2.365035227648882 4.2907682777956735 6.004968159155832 7.507385294861431 8.803663409501718 9.904340323913573 10.823639415668419 11.57817566400571 12.185679419529622 12.663814976715903 13.029145080105257 13.296269121288054 13.477143421923254 13.580577959161678 13.611896178889925 13.572743316855531 13.46103297072644 13.271029617475916 12.993573764553927 12.616463578806473 12.125009350932267 11.50277268919255 10.732489463959562 9.797154294175165 8.681217025474174 7.371813314501856 5.859929791634997 4.141397443467932 2.21761919165526 0.0959662580661216 
0.10354085540236281 2.2255974764669344 4.149138736489298 5.866546147989415 7.376151335874726 8.681958460238526 9.7929924854773 10.722311558118252 11.485787469870862 12.100792122158804 12.58492112728777 12.95485138498565 13.225387009766926 13.408711630515834 13.513840666329287 13.546255091642209 13.507696401367722 13.39610819590976 13.205719972175428 12.92728013113661 12.54845461539168 12.054411680689386 11.428608903911467 10.65378286178344 9.713113383835994 8.591494569576515 7.276801997380148 5.761016716733184 4.041072376796517 2.1193431626153036 0.0037714995570411708 
0.0017719634928942743 2.1178266413712956 4.041136328359604 5.763077876544433 7.280384986955511 8.595351321153265 9.715566542872365 10.653121980836104 11.423401552091779 12.043668476122084 12.531654840574687 12.904298428959024 13.176699929165737 13.361319015072244 13.467395591078176 13.50056870507813 13.462665174256413 13.3516382488169 13.161649754122307 12.883303626287164 12.50405125116277 12.008796050292727 11.380722462507634 10.602358460365243 9.65684642245046 8.529341460874857 7.208386149559416 5.687052335101247 3.9636448590622195 2.0418659668800996 -0.06947485674441188 
-0.08175226748262769 2.030435476654632 3.9564615752529386 5.686043253786873 7.213556026868168 8.539059510167235 9.66856548366226 10.613379657500039 11.388746299991151 12.012192957644316 12.50190255338876 12.875301252644874 13.147931123266202 13.332608160316813 13.438833135039328 13.472412694464412 13.435252414119816 13.325296153877153 13.13660297321532 12.859570927721093 12.48133352327697 11.986366383426889 11.357344776726153 10.576281338420921 9.625939227090317 8.491447372676959 7.161926417344516 5.6317981129899595 3.901385481102387 1.9765838360610866 -0.13221635122727401 
-0.15871634529628675 1.9517782753188402 3.8853275467205464 5.6283948235915995 7.171246392807672 8.510582668864842 9.650585411812543 10.602126888380427 11.380903797807635 12.005279791814782 12.494335807763662 12.866290825927921 13.137311583777139 13.320666498675779 13.426158392327098 13.459772282121786 13.423487717141736 13.315223884912209 13.128906771481748 12.854669232612748 12.47921558748611 11.986400533751018 11.358084679924808 10.575329974394053 9.619977254679046 8.476585064287818 7.134565875682717 5.59002126613985 3.846495605793244 1.9138913574008207 -0.19419266129192256 
-0.24406280314206172 1.8676703343036685 3.8174589537521717 5.5847749015499435 7.151959114481321 8.510558741087396 9.66294179868282 10.620526285727811 11.400517434631919 12.022966110398476 12.508439857762022 12.876310662505517 13.143563144460854 13.324004633713058 13.427767511222182 13.461016291114776 13.425797755542426 13.319997961063946 13.137394232324885 12.867813951199304 12.497436056261659 12.009296335280261 11.38408302002001 10.601330942792334 9.641131321346917 8.486452236243144 7.126065271398714 5.557787563641921 3.7902287624558815 1.841153036457762 -0.26887608988197115 
-0.3609743834852758 1.757240694911911 3.7413612924648856 5.552912739730419 7.159157858339535 8.544099281492592 9.71037441795255 10.672147860569446 11.449845693373565 12.066355147825313 12.544417596576473 12.90491715054138 13.165808949612401 13.34147865611672 13.442377760571816 13.47482844992987 13.44093160173021 13.338542053802174 13.161299834198307 12.898728503109288 12.536436180983898 12.056485229257454 11.438036147427868 10.658420234610947 9.694848657802432 8.527013208192987 7.1408763235732975 5.533922902781679 3.722251405876025 1.7386641386788586 -0.37834604218600004 
-0.5557991714822872 1.586489477871177 3.64406423008955 5.540188306066882 7.2047574121403715 8.622407589959593 9.801594299059404 10.762988238748624 11.532560176697437 12.137355968015319 12.602946546103446 12.951979414914955 13.203416354625723 13.372165591700382 13.468921941028121 13.500106954855903 13.467851784911126 13.36999569054457 13.200092234760989 12.947430940572257 12.597101225384655 12.130155554798892 11.523979329736187 10.753053499722151 9.790401192606915 8.610133340546481 7.191666728266887 5.526629925350323 3.6304563690319247 1.5732874137451063 -0.5681342152608988 
-0.9155864874150105 1.2669472167240217 3.5436814481023 5.573607518155196 7.312994818753257 8.763835219713462 9.949202100006488 10.900966588857978 11.653161069297768 12.23816798336364 12.684777978978715 13.017386935696281 13.255787360015015 13.415208236456978 13.506422783623686 13.535847496815665 13.505606563501724 13.413554901127169 13.253258642166807 13.013934060400228 12.680351468852331 12.232729730682982 11.646697704254665 10.893502910240935 9.940813155542273 8.75465553138734 7.30322322363212 5.563506227065159 3.5335680546607 1.2571803443199245 -0.9247028215194545 
-2.175635646372857 0.9148406944295971 3.513730042810873 5.7076529583083655 7.5214957124384965 8.993165004008286 10.168414984814536 11.094636642882799 11.815906797195751 12.370490757339137 12.790196795390496 13.100694945623843 13.322125328497837 13.46965313406336 13.553866914728406 13.581027730987575 13.553202755369808 13.468308023231815 13.32006855357358 13.097887449665759 12.786599084769191 12.36607251656106 11.810657351964291 11.088575315949445 10.16160051149381 8.985703387536265 7.51354589244312 5.69942932609243 3.505501410421568 0.9069281510076087 -2.1827956867946305 
-8.488164273860185 -0.8854209121785864 3.553889437933084 6.657011163531593 8.848871232488387 10.38227903712453 11.446854772769838 12.186918492029083 12.705985302470276 13.073874131787816 13.335911165813581 13.521329813873056 13.649300055073038 13.732563903886257 13.779363995562651 13.794376729805494 13.779120268131765 13.732068995531105 13.648540232290275 13.5202873053982 13.334567118136047 13.072211422542315 12.703989856678866 12.184578263666623 11.444158307036638 10.379219949582883 8.84546654837167 6.653335324236144 3.5501148114895993 -0.8889760650724212 -8.49065217804207 
-9.353111938271086 -1.9764979230414954 3.5009044383619 7.225759943041567 9.693818011291286 11.272378482635665 12.254455982950654 12.858912793222727 13.234644776064991 13.474194015702254 13.631244325173476 13.735898891095774 13.80515990980732 13.848947183850056 13.87311375845996 13.880808620744473 13.873031211136277 13.848779157440678 13.804901023050093 13.735542227612813 13.630782366254675 13.473618024003798 13.233939065371711 12.858039892445456 12.253335741763514 11.270880599254868 9.69180155564836 7.223177343101435 3.4979362955829036 -1.9793520671345464 -9.35519488707756 
-9.475924383696208 -2.0132007943264485 3.7013383120239345 7.687929195177794 10.263632968903863 11.824893750354686 12.721604519035145 13.218916821364298 13.492779423404174 13.647230702555985 13.738290456544615 13.794318570699241 13.829430849871807 13.850854854595053 13.86242629553984 13.866076460160656 13.86240053776998 13.850802331271307 13.829349831978417 13.794207315573834 13.738148187430987 13.647056717555815 13.492562561833875 13.218599914632847 12.721015173999836 11.823681269493504 10.261316824072278 7.684165546193349 3.6963331870318297 -2.018428637699659 -9.479840231362283 
-9.107110184463107 -1.482922327508936 4.2303233856538975 8.190750786534942 10.695715246146598 12.147842261793802 12.927554385718503 13.322130394137835 13.515798656137587 13.611767918798359 13.661746016138714 13.689591437375459 13.705891550335615 13.715420603897513 13.720440601908003 13.72200683496894 13.720433297329654 13.715405708159278 13.705868773347092 13.689561592083908 13.661713969543412 13.61174670211478 13.515803756383313 13.322127735782813 12.927299920476942 12.146622119040064 10.692273618300954 8.183816771721746 4.219845801849144 -1.4947790744087242 -9.116193814711137 
-7.859535843772892 -0.5172322471538084 5.018420171127039 8.758379165791549 11.022577993227424 12.255423003054743 12.863830562157084 13.139881152387906 13.258176010286379 13.30828053761564 13.330553505370604 13.341436252229478 13.347259674914502 13.350483393288865 13.35212995104949 13.352636617345896 13.35212844536705 13.35048032150863 13.347255164250114 13.34143215453475 13.330559597581546 13.308330972107129 13.258352143751125 13.140287496231455 12.86436434651616 12.255089053199294 11.018600857362287 8.746907170608443 4.997526400606178 -0.5433685259769944 -7.881170166866196 
-6.966110350621858 0.026924482248257994 5.297911221070341 8.749488845299004 10.746001267629962 11.770735499696915 12.23820734653084 12.429146079252789 12.50034466419251 12.525631517560102 12.534852345611705 12.53861932393775 12.540398574215404 12.541313824525593 12.541762650899528 12.541898227969284 12.54176242912807 12.541313353357099 12.540397988983369 12.538620809777093 12.5348700612301 12.52572566258996 12.500697788556428 12.430144682125086 12.240295130769972 11.773486379279325 10.745446627685014 8.735622648664501 5.2627985275356375 -0.02526463229790902 -7.011455406414463 
-7.147172979471565 -0.34988554238120495 4.508399081026596 7.562794992660763 9.274820714062946 10.119415060412969 10.48390879503488 10.62136080628575 10.66696164812987 10.680617730255825 10.684569378033844 10.68582447793219 10.686314377232698 10.686541250872663 10.686646812513722 10.686677973076927 10.686646783366495 10.68654115455815 10.686314300562087 10.685827026622977 10.684594401376138 10.680760270451746 10.667549761581546 10.62323886766169 10.48865249103959 10.12868998909573 9.287433303306518 7.562408139172067 4.453917440622859 -0.4523443599279869 -7.254708199718581 
-8.06820491016718 -1.740084289550181 2.2681241255386384 4.775581342076438 6.17170095216915 6.8480556263854515 7.130892427339354 7.2323043405860075 7.26333040753516 7.271453503215795 7.273333257738121 7.273765654057776 7.273889852875866 7.273938642852198 7.273959838309996 7.273965917542327 7.273959832204426 7.273938580910085 7.273889768477516 7.273768379638442 7.2733628380088255 7.271633806192573 7.264122611023874 7.235025551640968 7.1384831990436615 6.8656589880765715 6.2052925101704846 4.82948032729499 2.268083877263343 -2.0113197793206448 -8.279997092375638 
-8.090814916563287 -4.638727403965089 -1.8799062081186482 -0.009326568299409655 1.0506661959463401 1.5638629862804034 1.7757282112119923 1.849773804756584 1.87142591405441 1.8766459972221299 1.8776730325066506 1.8778440683256274 1.8778747125128683 1.8778836931350313 1.8778872964722166 1.877888298719596 1.8778872930460089 1.877883634917184 1.8778745949443627 1.8778465422967412 1.8777021727871133 1.8768313058361787 1.8722711599217197 1.8528001190813441 1.7846561158765488 1.586298366814964 1.1012904834494992 0.09263692517992882 -1.6082774518353922 -4.638054088415646 -9.954144746202408 
-10.584527977548033 -9.928896276157438 -8.151460479513734 -6.881689632125362 -6.14838084997264 -5.7922866709745024 -5.645683861939188 -5.594859060274662 -5.580225386654662 -5.576801225067491 -5.576169731970092 -5.5760804583479056 -5.5760697159804025 -5.576067593635452 -5.576066786402772 -5.576066564957565 -5.576066788766686 -5.576067638472077 -5.576069817096741 -5.5760786144862005 -5.576147296099008 -5.576656263055761 -5.5795551582140845 -5.592422123509169 -5.6383621265479675 -5.773266711601278 -6.104291427541912 -6.774505514607965 -7.939373940773513 -8.061962157139229 -10.581655674372605 