Step: 1935.0
11.29710378304673 11.153677577374372 11.732220034067476 12.345827458663885 13.006873340598215 13.64325334521372 14.223469361432189 14.73376620404841 15.170155218592136 15.533780993296174 15.82836227229036 16.058639070988797 16.229364565982774 16.3446166565162 16.407317442867154 16.418902540877465 16.3791088143452 16.28586305003518 16.135261922766862 15.921638405477832 15.63771328000667 15.274834209695053 14.823311785404217 14.272878251999673 13.613336352053658 12.835558073830068 11.933357502541703 10.906130299513512 9.77712159115785 8.408598453805293 8.421446735398046 
10.664496157131435 10.215580070866755 10.727764614202492 11.463340104306104 12.21162617888832 12.91924901854924 13.55818617063861 14.117236880474115 14.59389182310789 14.990350603344803 15.311169862980384 15.561788463894757 15.747537868768855 15.872949351188462 15.941261838532304 15.9540794117487 15.911150313693957 15.810251480350425 15.647169528862118 15.41577336203995 15.108176441495404 14.714989596865585 14.225670174772432 13.628985326810211 12.913636372290382 12.069175018642007 11.087429112751602 9.966248750109033 8.706053933752843 7.4686604389955935 6.527752850818777 
7.743466268429284 8.618277755034816 9.55816472190677 10.501734265346293 11.391781822547891 12.198273810523617 12.910913505862961 13.526907289748022 14.048335592418926 14.480102766447642 14.82851553713932 15.100231132709027 15.301464670824256 15.437387392170509 15.511675752108756 15.526187353732592 15.480748920760998 15.37304697936871 15.198615278553042 14.950914927754495 14.621503996779511 14.200293040686534 13.675882013281983 13.03597283258426 12.26785174559352 11.358925194096944 10.29736075310324 9.072019900369973 7.680934567791273 6.096514710974989 3.8633907819946547 
4.6282906591353745 6.854082106009364 8.310373132816057 9.523463779799693 10.577802961968354 11.497095498564546 12.291494619935829 12.96905939685977 13.537840502268061 14.006302696090502 14.38302585140998 14.676207736422118 14.89314863196553 15.039790042694117 15.120335576475762 15.136964384793304 15.089640162171275 14.976015629704255 14.79143106296622 14.529004307278562 14.179807731846672 13.733123570165107 13.176761446232852 12.497407279243404 11.680941566298266 10.712598784172751 9.576589367857787 8.254782277283512 6.7169456158087755 4.875464776628319 2.6501547952489015 
3.157217787879491 5.388383834896407 7.167500021169586 8.602057644155394 9.809027534825235 10.837306938082305 11.712482615887646 12.451340038594507 13.067293841221778 13.57223032028584 13.977015943973072 14.291439745444391 14.523939659361346 14.681273754959008 14.768214132992822 14.787301603196111 14.73867969708827 14.620016593010654 14.426518062949455 14.151030688709131 13.78423025701831 13.314883472655717 12.730159370200939 12.015945346878594 11.157081667925965 10.13733677477569 8.938777102193928 7.539348809483047 5.906404651099609 4.000477201396402 1.789072999331128 
2.132849756982279 4.35221603351285 6.224867876275053 7.795288258107363 9.118099253116162 10.238389923687228 11.185639742002804 11.980961836837611 12.641168048859964 13.180676282611069 13.612224360578335 13.94699614453794 14.194475002211231 14.36219585172451 14.455488770297876 14.477264790017188 14.4278711337777 14.305030073650054 14.103867895857464 13.817034990238023 13.43491250946513 12.945893305099256 12.336712708637908 11.592785171005238 10.698470628357947 9.637145652611734 8.39086514945285 6.9394626126082235 5.260900914876109 3.334940865033814 1.1520946395394431 
1.3869498705437588 3.5767918985083402 5.48368208350368 7.122816355888895 8.522577483618425 9.712756736538187 10.719206503760002 11.56317131570558 12.262669570157158 12.833478869792135 13.289574197699363 13.643185664593245 13.904648979607268 14.08217046155398 14.181584901245321 14.20615410224118 14.156434248512241 14.030227973919184 13.82262922694312 13.52616334102517 13.13101915107273 12.625362917032993 11.995714042329931 11.227349721215042 10.304691944466638 9.211624969440802 7.93174626593716 6.448876005108023 4.748485369274338 2.820790305814914 0.6650567830545704 
0.8251944490858566 2.9862963844857893 4.9023920119461675 6.5770970105445 8.024719562234365 9.264556934649464 10.316758452303379 11.200446958732861 11.933236939320691 12.531239957199677 13.009035296989369 13.379513866141023 13.65363065426857 13.840124651647816 13.945256539108465 13.972600072335304 13.922910554684751 13.794084690998371 13.581219826331624 13.276775783976426 12.870837841180197 12.351473775396462 11.705171158760288 10.917334679468327 9.972822380536108 8.85651876315129 7.554014375224158 6.052572200712965 4.342630184156871 2.4199027154577113 0.2877009399838662 
0.3958546913323581 2.5318892800677784 4.447236729464797 6.140088308589001 7.617294837553745 8.891332758665524 9.977588901001596 10.8924975956344 11.652470303096612 12.273280739057094 12.769625885165501 13.154726424381504 13.439939166413264 13.6343969473656 13.744701366195528 13.77469076855558 13.725299823366198 13.594521547348412 13.377478496770516 13.066606537306651 12.651951202412537 12.121572486049438 11.46204918572692 10.659070463328707 9.698104687817663 8.565151521286861 7.247614246050406 5.7353580827937565 4.021996458812854 2.106329339127604 -0.006337529823714579 
0.06540276153515596 2.1806763082688745 4.091558607120369 5.793519474095649 7.289199561931333 8.58672758412498 9.69793586394704 10.636831029651125 11.41841908902139 12.057818190980786 12.56955035955992 12.966937678419184 13.26157408909424 13.462873180986108 13.577703200552042 13.610121472122517 13.56121790855434 13.429074528398848 13.20884583266671 12.892963206430373 12.47146439498792 11.932445900520477 11.262631889614518 10.448049115264535 9.474795931722106 8.329896797331376 7.002239517173476 5.483589748651641 3.7696495160504235 1.8610656635483718 -0.23577877374020523 
-0.18970062966142362 1.9088647084495827 3.81446166663944 5.5210560420450205 7.028736217534152 8.34275722625498 9.472359076821366 10.429565844243431 11.228078359034098 11.882292876739823 12.406439015141975 12.813825023035841 13.11618718468475 13.323148019303225 13.441790601068684 13.476355350210937 13.428063751941512 13.295072216717955 13.072558948210329 12.752946583706256 12.326262472004114 11.780635779291016 11.102925663921997 10.27946782488521 9.296918857539119 8.143170193595411 6.8082958618796985 5.2854887390160625 3.571925516436139 1.6694820714162002 -0.41479360007597155 
-0.3871060510954245 1.6983159064386213 3.5992457280006014 5.308678197655223 6.824953577247557 8.151260453343266 9.294875570551628 10.266238529121756 11.077950271623711 11.743766877795322 12.277642398575763 12.692859551315035 13.001275022154346 13.212696140626527 13.33439768165561 13.37078192653552 13.323182188220363 13.189809556389314 12.965843818892141 12.643671093165487 12.213271155589036 11.662755303228574 10.97904959027481 10.148707744728753 9.158823190291198 7.9979920136645815 6.657262073726044 5.1309932029834835 3.417555153639373 1.5198057449456381 -0.5546824279599661 
-0.5408486775774045 1.5344853580148232 3.432207189938973 5.144481222674543 6.668169514191749 8.004723764533612 9.159784747091196 10.142493237402649 10.964578312284177 11.63932615674308 12.180535169567348 12.601541538267451 12.914369649034672 13.129035426615392 13.253012392435448 13.29085992562532 13.244009270542533 13.110703343039855 12.886089429709928 12.562467531894423 12.129699427741324 11.575782507200909 10.887586043334442 10.051733894070779 9.055595480329139 7.888317571614378 6.541799633049552 5.011499620384322 3.29697250892885 1.402098550260459 -0.6649644625443667 
-0.6628743488347135 1.404994031805128 3.3016854761476013 5.018343538265122 6.550166787404548 7.896787343699109 9.062272152827596 10.054647139327638 10.885016317173363 11.566446180160527 12.112794138637964 12.537612863985949 12.853205817749863 13.069865367927976 13.195298477867375 13.234232230718307 13.188188138162385 13.055416736735555 12.830989622510886 12.50705250881346 12.073247955478996 11.517317803732587 10.825890328149352 9.985442346119214 8.983398217074686 7.809282953333819 6.455791484890788 4.919593839375801 3.201712220042788 1.3074133068257834 -0.7542620398831897 
-0.7643645644913842 1.2983813870220897 3.1972139647969864 4.921606284960378 6.464330941499214 7.822661098585607 8.99892061290597 10.00017364290528 10.837227950429646 11.523298284168424 12.072624716156165 12.499223515007522 12.815846403295557 13.033166376207893 13.159179667364057 13.19880301221361 13.15364569205908 13.021942181446809 12.798640457635736 12.475650987767654 12.04227022493861 11.48579798093521 10.792367294959648 9.947993846489286 8.93982256784121 7.757491519674763 6.394432881114529 4.848816873151323 3.1237975389610964 1.226896242103623 -0.8312544414715936 
-0.8573138115775402 1.2026635833054236 3.1086478424522626 4.846875242702152 6.4059536425936505 7.779651495954391 8.968249476511449 9.978149567020923 10.820418645822137 11.50897990825085 12.058914578121295 12.485033201446406 12.800751234009228 13.017249143917583 13.142878013356166 13.182770315846712 13.138623333093898 13.008634636613678 12.787582593228947 12.46705867232984 12.035871590104824 11.480654780429143 10.786715838702232 9.939164702715981 8.924337840596865 7.731481588701326 6.3545344359063405 4.793547079856848 3.0550309575226153 1.1505648503583636 -0.9060274566740596 
-0.9570599262637459 1.1031997250748684 3.0251770026971507 4.78822488227676 6.373027778927894 7.768021152935029 8.971364954151293 9.989678773506377 10.835282978092188 11.523644036514028 12.071292148187121 12.494231270783066 12.806778179228932 13.020747316619259 13.144902461435214 13.184611417958697 13.14165872579158 13.014190103059997 12.796779931255449 12.480630077924852 12.05392577916694 11.50239272787018 10.810117964095092 9.960712089642355 8.938894574301843 7.732564422132754 6.335335869184897 4.749272079359121 2.986121769785102 1.065318995935268 -0.9924563240832961 
-1.0871328466643109 0.9786472343254019 2.9345866828892753 4.74253244440675 6.3682313580277405 7.792321295792914 9.012701472257431 10.038233054711489 10.88411222645843 11.568486895644785 12.110063413535187 12.526459988050101 12.833109666054652 13.042551745542015 13.16398870634082 13.203023022731319 13.161520095178588 13.0375685212457 12.825528626062729 12.516177914877995 12.096981718246997 11.552542129581747 10.86531005099053 10.01668235210646 8.988644440443302 7.766154814645169 6.340514876654541 4.713978290232682 2.9060296177454332 0.9509964198974464 -1.1129540943535907 
-1.2937187463056725 0.794683579792943 2.822943233700407 4.715778232447002 6.4023100843770475 7.863016056306444 9.100635431546078 10.129753657544128 10.970663524173851 11.645537828371687 12.17599931525314 12.581630908834871 12.879104228969956 13.08169094138844 13.198997170826472 13.236823793597303 13.197100024230037 13.077865816995704 12.873296000535607 12.57377283616633 12.166031043857435 11.633427383182912 10.956431432489005 10.113496810349336 9.082547857185892 7.843403516557115 6.381595390301247 4.694494370540326 2.8017116102076383 0.7741660681312069 -1.3128616382213145 
-1.6626005612474055 0.4639777891915344 2.705915466655432 4.732574614385962 6.497834940208653 7.997607385621755 9.247537983884502 10.27227647519983 11.099666921278079 11.757193949186018 12.269954353136738 12.65963497806185 12.944082677829986 13.13717034904868 13.248782280999626 13.284832362734186 13.247281850782077 13.134147473947236 12.9394983619968 12.65344295334117 12.262114727867365 11.74768967562557 11.088521618362577 10.259571912362723 9.233429430316887 7.9823349896129985 6.48172923867374 4.716054293437119 2.6894752856285566 0.44816663154613595 -1.6773363331286482 
-2.906052236224787 0.09662794217137732 2.651756761318384 4.843573042040496 6.690302320769205 8.220145939700165 9.468760851440358 10.474840930013901 11.275863298736361 11.905466001587538 12.392321009919876 12.759966805591711 13.0270726576083 13.207792287747814 13.312052226935297 13.345738856940798 13.310797677708154 13.205265060753128 13.02324070227217 12.754792227303776 12.385771325330527 11.897527519025264 11.266555326421278 10.46422954260336 9.456971287201943 8.207373065603925 6.6768184793059895 4.829731898817008 2.6379925314439823 0.08345360635429418 -2.917946108348641 
-9.12718538846536 -1.7930118039245648 2.5514581710714324 5.667096074972298 7.942246400646984 9.594622158927224 10.785971997452094 11.643466550549821 12.263205898094458 12.713832770458023 13.042219917793702 13.279627163093567 13.446805872845246 13.55749918480837 13.620515209472085 13.640813018255326 13.61999593487142 13.556451048005725 13.445211655911987 13.277465647523874 13.039470410989626 12.710479021018301 12.259237476069496 11.63887713743515 10.780758478106128 9.588794352027666 7.9358582727232365 5.660299492376942 2.5445667315676026 -1.7994386459383922 -9.131685101143493 
-10.03205287425496 -2.9390837849959532 2.419387890746543 6.172457392385288 8.7626563622968 10.503288934543145 11.646255700317326 12.387956066469377 12.87075067016501 13.189916380792807 13.405026737463574 13.551674406382189 13.650753196402775 13.714563607015757 13.750286008756476 13.761727534499851 13.750085773802233 13.714158727860191 13.650135795822933 13.550834774416684 13.403954640780613 13.188599296988606 12.869164137539483 12.386042636221713 11.643900074246387 10.500317490527351 8.75890240528253 6.167907865953963 2.414362893845781 -2.943802703824887 -10.03546709277764 
-10.19952826118942 -3.0371902337004806 2.5613000127624606 6.596451933520055 9.324760937787824 11.075824412904078 12.150396313812458 12.789648085598651 13.1658056336022 13.389799895542913 13.527097993337469 13.613882334605243 13.669434589441545 13.703967405443546 13.722898770555254 13.728912999986118 13.722827007230645 13.703822199020582 13.669213282243618 13.61358270162297 13.526719448337099 13.389340233696618 13.165242446892673 12.788888910371067 12.149196709524771 11.07373127632122 9.321203111637777 6.591079906640125 2.554469161534773 -3.044149619750305 -10.204692996223907 
-9.897565887626039 -2.5954304705074462 3.012766308440399 7.047402413402162 9.731769642535445 11.39103117540242 12.352570117980704 12.882118303539878 13.16524801383127 13.316543630021648 13.399823431066908 13.44785471660337 13.476601233343164 13.493706461357132 13.502849553010183 13.505723968561242 13.502826060866028 13.493659078544418 13.476530054984359 13.447762854826081 13.399721659370758 13.316453237686899 13.165183947152729 12.88201087592192 12.352074590385616 11.389270121291501 9.727327187789621 7.038968028188983 3.0004570829454615 -2.6090827227407836 -9.907958531076751 
-8.792739830105205 -1.77924085384381 3.6685634344592017 7.516258984815364 9.989769233510595 11.442879776453573 12.228357501265378 12.623541178808523 12.812345441476594 12.90082741008479 12.94328953913458 12.964962915228519 12.976806578014155 12.983455969619046 12.986895601535755 12.98796206267995 12.986889880539517 12.983444608491876 12.976790859901426 12.964949569253234 12.94330224480112 12.900927702741974 12.81264589253849 12.624139010232499 12.22903641863652 11.442408677031352 9.985146493845729 7.503614577564251 3.6462433562710683 -1.8066927405417204 -8.815307896046505 
-8.039820485823977 -1.3856155888573958 3.8033023230131424 7.378938582535072 9.596077339300894 10.839288992099599 11.470896137808726 11.763465324624157 11.888858135938063 11.940063101832491 11.96100428750086 11.970134337017617 11.974540636674046 11.976825952494053 11.977957961323689 11.978302566054566 11.977956872061863 11.976823943433926 11.974539369705521 11.970143043726734 11.961059776243449 11.940277469702272 11.889492438218502 11.764953519700168 11.473575941496977 10.842403505521553 9.595362181124212 7.364699054247412 3.7683243324409754 -1.436751960855142 -8.084065536831826 
-8.321025769206882 -1.893292537027733 2.873186195672625 6.044355486150398 7.962081511691894 9.004377106333473 9.511376256879325 9.732198071271462 9.81887844163753 9.850117743157346 9.860901515184683 9.864751675310684 9.86630153335315 9.867014274955217 9.867346040088313 9.867444544675926 9.867345852299538 9.867014082030657 9.866303332284424 9.864767653811086 9.860984683898495 9.85044538269595 9.819918332522347 9.734918270180266 9.517259349618286 9.01458747602662 7.974752172767796 6.043825893418449 2.8218669607233795 -1.9889373061679294 -8.421026479494428 
-9.298227655456309 -3.358124755303054 0.5683968284859718 3.176995999622497 4.74888218240398 5.5913435976726085 5.991021221109383 6.158396691951308 6.22024691215094 6.24053079539812 6.246568199781684 6.248303206973699 6.248846174840831 6.249051680736626 6.249138313542318 6.2491631173970585 6.249138268142112 6.249051761959713 6.248848555930138 6.248322086352732 6.24666877802219 6.240943747313357 6.221625862147242 6.162252025921832 6.000206786577777 5.610250180555767 4.782073558810126 3.2275359191429382 0.5683479988602897 -3.6069798641971906 -9.49176963418744 
-9.421852822857481 -6.175391303933026 -3.457827179780048 -1.5034511408841316 -0.30470995294279657 0.33793693571688926 0.6396258177329067 0.763388818512769 0.8075762775274152 0.8212583739849384 0.8249420041890292 0.8258271612925092 0.8260357706457472 0.8260940516822818 0.8261146470589328 0.8261202041393304 0.8261146198499695 0.8260941430475262 0.8260380237998688 0.8258454854175915 0.8250423277874719 0.8216816338408233 0.809033249470576 0.7676196202989002 0.6502672048664442 0.3616934345751584 -0.2553304482602176 -1.4084111874117689 -3.2083868131058706 -6.174426009537961 -11.13404918821104 
-11.75278005339228 -11.104517836673697 -9.345365216417047 -8.014066629608411 -7.182838924343401 -6.735944182760049 -6.526652671490077 -6.441371810420165 -6.411289783309024 -6.402169030960221 -6.399806861010657 -6.3992818641735205 -6.399176409997281 -6.399153508312005 -6.399146889526803 -6.399145227613639 -6.399146909559696 -6.399153442476384 -6.399174711494267 -6.399267841567926 -6.399729248218297 -6.401838244736407 -6.4101385326174585 -6.437981894535777 -6.517971315892765 -6.715918304090682 -7.139977826890191 -7.914474532359124 -9.151336193655052 -9.387668793399387 -11.749136162427963 