Step: 135.0
14.673763296070428 14.519456210285945 14.7305639597702 14.85166293978364 14.927471752644323 14.9650653653371 14.981804826904154 14.988722881641532 14.99143872024777 14.992464773888292 14.992841129113865 14.992975957465601 14.993023319245493 14.993039622899671 14.993044943264637 14.993045992445229 14.993044079344884 14.993036634417166 14.993013889667889 14.992946649750703 14.99275084870222 14.992189331474234 14.990607828355607 14.986250470595774 14.974570828511231 14.944342644511543 14.86974281806691 14.696609322449856 14.338899047223572 13.588423987111709 13.648654225371255 
14.312287847233234 13.950831913667638 14.151443315231832 14.333412587087665 14.430122279009117 14.475793212358386 14.495449474360406 14.50341334949818 14.506497927962867 14.507652461498907 14.508073070085956 14.50822298525252 14.508275440582391 14.508293443364636 14.508299307605174 14.508300472453575 14.508298402787812 14.508290318379235 14.508265600435976 14.508192473232013 14.507979329723302 14.50736732702808 14.505640764767767 14.500872866255406 14.488049712746758 14.454705697372457 14.371672036026025 14.177424017701972 13.753530792034375 13.02786944233321 11.980863173573823 
12.11763777254968 13.102151758187894 13.684393470605496 13.989015653350654 14.132435034440935 14.194073593365248 14.219167969549444 14.228951700402758 14.232640581308047 14.233994318628682 14.234480227243877 14.23465144184348 14.234710812328075 14.234731045409966 14.234737608358529 14.234738935807233 14.23473672840868 14.234728020173932 14.23470134225539 14.234622275916736 14.234391310403364 14.23372622299843 14.231842733408739 14.226614406443405 14.212451594907247 14.175228768811541 14.081134412862244 13.854426309933807 13.347830237114135 12.281488057459185 9.908533737992103 
9.927571844362225 12.283512947002912 13.306625370360823 13.769970832304585 13.968609886945387 14.049727928698786 14.081459361437757 14.093469978062865 14.097895237938063 14.099490047239529 14.100054246065353 14.100250726256096 14.100318206694432 14.10034102635133 14.100348394361486 14.100349919229126 14.10034759473993 14.10033829757807 14.100309746136693 14.100224956377625 14.099976668614403 14.099259505492675 14.097220557840014 14.091531916099937 14.076018064827407 14.034882485227204 13.929549304408418 13.671951279084345 13.075283812996608 11.77989248038173 9.387874626387443 
9.384949726910982 11.771498257041511 13.053647209837617 13.635421612000375 13.881631027272148 13.98034256754991 14.018360158780895 14.032543416948394 14.037703345916395 14.039542383481145 14.040186742626819 14.040409270889768 14.040485147362205 14.040510651104789 14.040518857418968 14.040520595597162 14.040518175964985 14.040508349207354 14.040478104359627 14.04038814627748 14.040124261052634 14.039360446288853 14.037183430362157 14.03109152037941 14.014421020090477 13.970044322992747 13.85600928900721 13.576030362743099 12.93058134520785 11.58962250852067 9.182035066888131 
9.17788257669792 11.583639880688661 12.92043314641003 13.560948569684674 13.836722156565019 13.947957893781247 13.990802493327129 14.006751805887044 14.012534016613726 14.014586582808993 14.015302759836116 14.015549075710496 14.015632735452321 14.01566075720356 14.015669758601561 14.015671705458093 14.015669212735151 14.015658937132061 14.015627260430092 14.015532975835375 14.01525621344088 14.014454589495264 14.01216841906332 14.005768439342884 13.98825502848075 13.941679973741794 13.82230066122599 13.53116457108356 12.870326078773711 11.51574859102591 9.10714343422651 
9.104725381751082 11.51269893443846 12.865954388674668 13.52518204425315 13.814850010408595 13.933152743883166 13.979069339637826 13.996236039036994 14.002473709282947 14.004689892468676 14.00546313583965 14.005728913393558 14.005819094361462 14.005849267621587 14.005858960121175 14.00586109377732 14.005858548544385 14.005847916811383 14.005815114330767 14.005717490267534 14.005431024217199 14.004601766615956 14.002238910829739 13.995633440125264 13.97759647724199 13.929783618404036 13.807835043518761 13.512551360739142 12.846728909848697 11.48856346223141 9.08000542028186 
9.078875216657902 11.48721381603525 12.84495653476874 13.510258399049796 13.805045474649445 13.926604158699854 13.97415726303009 13.992044139194034 13.998572708683133 14.000899793819531 14.001713585668526 14.00199373182354 14.002088881779569 14.002120738074646 14.002130983512945 14.002133271186404 14.002130691128796 14.002119796086724 14.002086173410543 14.001986178651622 14.001693047997595 14.00084558133788 13.998434774177339 13.991709254536975 13.973392584770545 13.924996018052413 13.802025140486 13.505297635825821 12.837955279982783 11.478808200937676 9.070419060519333 
9.069944052510419 11.478256958703913 12.837268376297361 13.504443538893115 13.801006577126305 13.923841633163633 13.972141600370335 13.9903980590364 13.997090173592014 13.999484206436698 14.000323913378285 14.0006136796179 14.000712286582763 14.000745351787401 14.000756005283371 14.00075841031066 14.000755809427147 14.000744734012471 14.000710559593324 14.000609019805543 14.000311718006973 13.999453415268857 13.997015819674088 13.990228368162542 13.97178140178768 13.923145022620231 13.799800055979592 13.502598011476397 12.834798177422378 11.475390197455363 9.067091980123509 
9.066904433503689 11.475176312210747 12.834540739696482 13.502287231318462 13.799435696410317 13.92273469094822 13.971336638155847 13.98976076718095 13.996534641585647 13.998964913454179 13.999819583778752 14.000115205629648 14.000216009885984 14.000249871301254 14.000260801664703 14.000263289151224 14.000260677856742 14.000249489898009 14.000214976688962 14.000112518887555 13.999812844646982 13.998948710498901 13.996497659254848 13.989681627972361 13.971180215170218 13.92245300886133 13.798978831011656 13.501625378637042 12.833690306216514 11.474213913476806 9.065955490910094 
9.065883432967189 11.474132857936159 12.83359554997536 13.501514083304835 13.798850668237913 13.922309868021735 13.971025290439906 13.989518391308689 13.996329115445015 13.998777071548009 13.999639541502559 13.99993838246096 14.000040446947544 14.000074780555684 14.000085879748417 14.000088419668707 14.000085805819987 14.000074558596356 14.000039865977314 13.99993693113814 13.999636063652646 13.998769130019763 13.996312003134712 13.989483989067057 13.970961469834446 13.922201654318817 13.798684205184514 13.501283153312032 12.833308165425453 11.47381405837156 9.065571245544339 
9.065540496188158 11.473780434098432 12.833271317083273 13.501242706458283 13.798639872414471 13.922153389667 13.970909566170528 13.989429043276827 13.996254771277115 13.998710352305919 13.999576340914794 13.999876681714346 13.99997934566634 14.000013906623268 14.000025088137727 14.000027655635227 14.000025046384353 14.000013784650205 13.999979037870766 13.999875944711478 13.999574656532605 13.998706701115697 13.99624733009646 13.98941491148995 13.970884756811111 13.922113391712335 13.798580965515796 13.501163808166371 12.833175642816446 11.473675992769111 9.065438792586225 
9.065413097326209 11.473650171655105 12.833153208680779 13.501146146078955 13.798567137927511 13.922101170462344 13.970871963938665 13.989400285519638 13.996230620028932 13.99868828929692 13.999555109345147 13.999855743208423 13.999958498196065 13.999993083686096 14.000004271879826 14.000006845160138 14.000004249536588 13.999993020244508 13.999958344058788 13.999855389806521 13.999554339068752 13.998686701619384 13.996227547086956 13.989394738105903 13.970862677407851 13.922086822993732 13.79854676072928 13.501119636779107 12.833121743314038 11.47361627609692 9.06538024227623 
9.06532218547769 11.473561839604377 12.833085090651496 13.501105517099756 13.798550449722605 13.922098831165542 13.970874568102108 13.98940203052088 13.996229533846746 13.998684606389812 13.999549735986912 13.999849455645206 13.999951772123131 13.999986165463646 13.999997278554305 13.999999835077588 13.999997267200033 13.999986134138526 13.999951698871502 13.999849294783095 13.999549401107313 13.998683947950155 13.996228317692362 13.989399931022524 13.970871194974691 13.922093805560785 13.798543527739318 13.50109673019509 12.833074846979283 11.473550927232433 9.06531164912204 
9.065127279566527 11.473384132990807 12.83297698916468 13.501081058871414 13.798585760770125 13.922156863879335 13.970926638444677 13.989436909506697 13.996248261091486 13.998692718937155 13.9995521112398 13.99984909284602 13.999950210956964 13.999984114254355 13.99999504387093 13.99999755568808 13.999995038376108 13.999984099518976 13.999950177769572 13.99984902294098 13.999551971881305 13.998692456551716 13.996247796373122 13.98943613818708 13.970925442646571 13.922155137070014 13.79858344402829 13.501078178887534 12.832973682853865 11.473380644227761 9.065123922172281 
9.064509103518695 11.4728389476997 12.832702612379448 13.501095903367647 13.79877795270104 13.922379898320653 13.971097069650101 13.989537601733673 13.996298738071815 13.998715220646593 13.99956114455717 13.999852226633832 13.99995092758929 13.999983892074507 13.999994483006473 13.999996912241656 13.999994480465705 13.999983885444493 13.999950913185174 13.999852197465671 13.999561088698183 13.998715119537001 13.996298565583961 13.989537325206815 13.97109665410207 13.92237931430925 13.798777186789335 13.501094968319952 12.832701553053674 11.472837839075448 9.064508039694186 
9.062389657801667 11.4710933188199 12.831985880321534 13.501424899858712 13.799559363291296 13.923114336455587 13.971560653741637 13.989775598762284 13.996406676606831 13.998760281979004 13.9995788158776 13.999858768609094 13.99995316857721 13.99998453808402 13.999994573329287 13.999996869026816 13.999994572202548 13.999984535218465 13.999953162558782 13.999858756860785 13.999578794192981 13.998760244102154 13.996406614120566 13.989775501617425 13.971560511708226 13.923114141533347 13.799559112688891 13.50142459871215 12.831985543077502 11.471092968408096 9.062389322393589 
9.055234469547036 11.46516047655493 12.830688887289757 13.503382587733215 13.802565064291038 13.925192557210169 13.972645129338835 13.990265435321799 13.996609512235375 13.99883946770651 13.999608424363242 13.999869460972088 13.999956904022397 13.999985793965823 13.999994991348677 13.999997089005936 13.999994990867298 13.999985792770374 13.99995690158923 13.999869456380509 13.999608416168924 13.998839453847767 13.996609490048888 13.990265401761047 13.972645081451356 13.925192492854872 13.802564982996019 13.503382491393952 12.830688780499942 11.465160366309181 9.055234364244852 
9.026076266458672 11.4482134423871 12.828843842379358 13.514971416789356 13.81175476774583 13.93004148694486 13.974807904056291 13.991147031693057 13.996948522248703 13.998964633188576 13.999653255827665 13.999885139682213 13.999962280219531 13.999987614732898 13.99999564062523 13.999997465447965 13.99999564042546 13.99998761424756 13.999962279259938 13.999885137927084 13.99965325279094 13.99896462820053 13.996948514480792 13.991147020223464 13.97480788804733 13.930041465853407 13.811754741465693 13.514971386077798 12.828843808650047 11.448213407738296 9.026076233520296 
8.94315997976797 11.362642693106164 12.870347460931 13.555460572404819 13.832995057298428 13.939271186688302 13.978489529605616 13.992537266018331 13.997454184564585 13.999143542988076 13.999715218093787 13.999906236402811 13.999969366938082 13.999989984903541 13.999996486833782 13.999997960913845 13.999996486750621 13.999989984705508 13.99996936655686 13.999906235725312 13.999715216954284 13.999143541168943 13.997454181789342 13.992537262051721 13.978489524102349 13.939271179595016 13.832995048867952 13.555460561936886 12.870347450082555 11.362642682319533 8.943159969040792 
7.931633721504686 11.507202916814984 13.052603466612517 13.646188385501553 13.870427281285089 13.953792820403999 13.983868561710256 13.994466524195275 13.99812958855456 13.999375506627649 13.999793667965665 13.999932433463533 13.999978028592503 13.999992845941323 13.999997499688345 13.999998552052755 13.999997499647566 13.99999284584545 13.999978028410855 13.999932433147041 13.99979366744242 13.99937550580257 13.99812958735333 13.994466522331399 13.98386855970155 13.953792816824096 13.870427277394151 13.646188384655284 13.052603455984544 11.50720291302091 7.9316337254544305 
3.243347545106541 12.591452222422214 13.887494542817288 13.96653719352127 13.98834314651197 13.99654742840946 13.998914495856543 13.999666962481005 13.999897247145226 13.99996849376419 13.99999035207483 13.999997056995923 13.999999105877498 13.999999729660562 13.999999914739275 13.999999955052205 13.999999914739293 13.99999972966017 13.9999991058791 13.999997056990821 13.999990352089949 13.999968493762514 13.999897246947105 13.999666963889803 13.998914490189584 13.996547443004133 13.988343129457961 13.966537171581072 13.887494642562222 12.591452138938571 3.243347513939304 
3.4951591182017 12.383869706476425 13.982646679357416 14.004726835135418 13.998808854101904 13.999892468435426 13.999954331629223 13.999988148755996 13.999996477453303 13.999998906722936 13.999999606100483 13.999999804120593 13.999999862062701 13.999999878625587 13.999999883356645 13.999999884350755 13.999999883356502 13.99999987862658 13.999999862057551 13.999999804143965 13.999999606015905 13.999998906934103 13.999996477437197 13.999988145265784 13.999954354536515 13.999892381385326 13.998809045363009 14.004726728992301 13.982646179508372 12.383870488664856 3.495159255119907 
3.4757493465181035 12.400348561290057 13.971576122701366 14.008551454355128 13.999417314826111 14.000002798417889 14.000004683141514 14.00000119503503 14.000001979611513 14.000001991508483 14.000002001894547 14.0000020074079 14.000002008006486 14.000002008378415 14.000002008442012 14.000002008461239 14.000002008442225 14.000002008376429 14.000002008019852 14.000002007333798 14.000002002240183 14.000001990206403 14.000001982967602 14.000001194608435 14.000004627024428 14.000003163894068 13.999416012324106 14.008553733949544 13.971576797877875 12.40034231108379 3.47574863215855 
3.528140239720763 12.530868924316463 14.000019797705471 14.007341315136877 13.999164447605262 14.000033671407138 13.999973500903305 13.999975278884786 13.999975684262246 13.999975567952822 13.999975590541236 13.999975586914623 13.999975587505812 13.99997558742492 13.999975587438575 13.999975587436735 13.999975587438634 13.999975587427105 13.999975587481282 13.999975587093338 13.999975589492555 13.999975573078267 13.999975664115844 13.999975333066136 13.999973490023889 14.000032757835891 13.999170347348883 14.007322162491231 14.00004144183031 12.530904278839145 3.5281366565769536 
5.446953065582078 13.1935657470702 14.051854933943714 13.999699322371427 13.999668905729125 14.000225387394337 14.000111046086191 14.000128467793777 14.000126154678448 14.000126436260402 14.000126404267338 14.000126407646286 14.000126407331258 14.00012640735213 14.000126407352859 14.000126407352521 14.000126407351129 14.000126407355584 14.000126407350011 14.000126407356154 14.000126406609834 14.000126421578418 14.000126230415221 14.0001281550742 14.000111929717454 14.000225138239339 13.999653747816527 13.999795839656631 14.051586110251703 13.193623770015481 5.4471920931643005 
6.902174943475175 13.6160895571575 14.068630279739288 13.99474922343594 13.999988573240348 14.000066394511318 13.999966105886877 13.99998822381794 13.999984524628843 13.999985077001165 13.999984998329193 13.99998500947323 13.999985007853118 13.999985008099756 13.999985008060309 13.999985008066341 13.999985008067284 13.999985008069775 13.999985007943085 13.999985009465194 13.99998499564777 13.999985104527148 13.999984329843059 13.99998931788584 13.99996129606962 14.000080338554314 13.999989179350669 13.994465778084564 14.070147774355183 13.613946980782732 6.901034857536616 
6.865228988623887 13.629972960847823 14.073491668202518 13.98739205807119 13.994052972676991 13.994140548311977 13.99400524086687 13.994035925861859 13.994030799582047 13.994031531757665 13.994031439098118 13.994031449337614 13.99403144844248 13.994031448473942 13.994031448484789 13.994031448482637 13.994031448469476 13.99403144856224 13.994031448004185 13.994031451140646 13.994031434327725 13.994031522143274 13.994031064363885 13.994033458062288 13.99402183995822 13.99405580106455 13.994333738758543 13.98739244015099 14.067204335696907 13.65390225755047 6.865915397535902 
6.742253466238127 13.842803183431647 14.14427739934817 14.067984231976043 14.07534299859994 14.07508722028306 14.075019904356763 14.075040804768067 14.07503670736354 14.075037396601424 14.07503728847319 14.075037304875677 14.075037302425933 14.07503730278934 14.07503730273533 14.075037302743517 14.075037302749797 14.075037302668028 14.075037303263935 14.075037299819684 14.07503731505593 14.07503728276791 14.075036992757374 14.07504198991041 14.074995024731574 14.075318728084929 14.073829224561543 14.074271469109116 14.144277352745188 13.680211436873087 6.881146749589428 
9.887577176629144 13.496393887238488 13.680862359885998 13.6463971885129 13.648505638358102 13.648633439799523 13.648575003241884 13.648585781607226 13.648584237839753 13.64858443373985 13.648584409796987 13.648584412918204 13.64858441243594 13.648584412525606 13.648584412508516 13.648584412505997 13.648584412525574 13.648584412503148 13.648584412119089 13.648584417042448 13.648584375104909 13.648584676754856 13.648582762814726 13.648593202356224 13.648551056491073 13.648567009593053 13.65065649553138 13.622466000678749 13.843454341851906 13.496395103607464 6.614993717941622 
7.0922527516865355 6.614856333515091 6.882246566628752 6.861601662378935 6.8609933045023785 6.861443724973155 6.861358069400218 6.861369372972344 6.861368332157872 6.86136835252674 6.8613683730069575 6.86136836610739 6.861368367755437 6.8613683674096215 6.861368367474938 6.8613683674761825 6.861368367413392 6.861368367701094 6.861368366482841 6.861368371348523 6.861368353453988 6.861368409896917 6.86136830562362 6.861367708571475 6.861379033521527 6.861260608474295 6.862129706217784 6.860914960260259 6.743354359594374 9.887437437777708 7.092250677442127 