Step: 720.0
13.269256051270819 13.168701259057983 13.665945752794277 14.166704392097865 14.650558155548271 15.059193258292854 15.379583593757493 15.617458205744008 15.786421013499828 15.901873567235837 15.977993115218363 16.02644293880564 16.056068797046112 16.073094651197568 16.08149823695982 16.083364630440173 16.07909814362191 16.067426857416088 16.04516931974607 16.00676187055957 15.943581174133897 15.843151245986398 15.68840337431371 15.457258484029454 15.122918418192503 14.655383581512206 14.025051841998128 13.208909678065957 12.213329894280132 10.941811347979666 10.899264789151163 
12.689452649373191 12.346407445322093 12.83700180873024 13.455210847550992 14.01403886372217 14.475539086229855 14.832843302113941 15.096239116928235 15.2824955205472 15.409385767230459 15.492870851684392 15.54592780775725 15.578335648222355 15.59694949035462 15.60614240548921 15.60820859078035 15.60360445282704 15.590959734198824 15.566827357571425 15.525170909180815 15.45662674779233 15.347635443233733 15.179619903458617 14.928490300638034 14.564863554790138 14.055496771084853 13.36649025491665 12.47011271429824 11.348001464202039 10.132289227072828 9.055947346457966 
9.917744726983729 10.91870739334661 11.85969848916396 12.693972273468813 13.386343980211263 13.930678977288842 14.341123327124476 14.638899641982462 14.847312278119977 14.988300251126391 15.080593358645672 15.139030245509193 15.174629200586502 15.195047156571876 15.205147712385081 15.207488284314758 15.202610379484295 15.189069048186031 15.163172549830737 15.118432789339579 15.044765094111238 14.92753382633167 14.746621493214846 14.475792540851002 14.08269985496283 13.52988387706513 12.77704769247547 11.783801261490678 10.519176226112648 8.928332122391103 6.536861595284487 
6.997799541684019 9.367619963799354 10.837654976745299 11.945247698192077 12.795461736959998 13.437992699358691 13.9106996974376 14.248224358186407 14.481889914779575 14.638729159035046 14.740803982300974 14.805151089811353 14.844225611989188 14.86660070958871 14.877696639902178 14.880373635893358 14.875285075126714 14.860934218619914 14.833409950367095 14.78580474204442 14.707355081516742 14.582401698843801 14.3893454542839 14.099858626974283 13.678657447836988 13.084075462096742 12.269289949846538 11.183534909968394 9.765662122007692 7.903252473937735 5.503135971353372 
5.752416301604323 8.144479269543252 9.947361929521403 11.27806597334094 12.274126714966068 13.011836314301405 13.54676786224654 13.924650309502628 14.184160214281398 14.357274777644015 14.469399116846157 14.539813763110821 14.582453154839568 14.606838009535359 14.61896722946416 14.622020753199243 14.616780199314427 14.601717575769442 14.572732330970089 14.522543356899217 14.439778857051516 14.307864085826504 14.10388549220855 13.797691676693356 13.351531991050718 12.720448695600632 11.853337721756404 10.69355724056518 9.176672236768203 7.23926183722074 4.8376747639128785 
4.969153682170729 7.3668238933032555 9.272500844842522 10.740006806069662 11.845090074219883 12.661659433333531 13.251149316945455 13.665696797854645 13.949225572179898 14.137693382558002 14.259393035550705 14.335628697891112 14.38170578050873 14.408039243438223 14.421181933613164 14.424625529522425 14.419284283867604 14.403615881146457 14.373363597763323 14.320930035290678 14.234429406125459 14.096524236278672 13.883234768979014 13.562998777306797 13.096315858971648 12.436277008180786 11.53009126237791 10.32155335860726 8.756018230473618 6.789275799124405 4.401204102917559 
4.467080443671503 6.852664452562708 8.801641624985756 10.338754317766835 11.514388972397358 12.388619919680607 13.02107650029921 13.46590847519744 13.76993204482479 13.971804437943183 14.102004488947058 14.183472326158702 14.23266952126499 14.260787196010034 14.274869493439084 14.278690586512818 14.273290773516692 14.257126045921902 14.225817535759957 14.171514575780511 14.081923494264476 13.939116511380218 13.718324018192975 13.38701508995143 12.904651942630721 12.223520544899397 11.290989142398107 10.053604855339097 8.463367854769235 6.4861465096596405 4.110635303278484 
4.1409407377782115 6.514629199615789 8.481605447040002 10.05536280225579 11.27316511403121 12.186020691198062 12.849541549393809 13.317459862139772 13.637708901431735 13.850493143958941 13.987759711058532 14.073648159622348 14.125515680226975 14.155177547411265 14.170083973631016 14.174248393113697 14.168822429387557 14.152268633526736 14.12011787381731 14.06432800137063 13.972301361640648 13.825684956863189 13.599172656376451 13.259641303242026 12.766050150864176 12.07057379256121 11.121395421364113 9.86741182172277 8.264738376199942 6.284244029540341 3.918565562613438 
3.9304961674248204 6.2947956491648975 8.269301414922024 9.86243293974591 11.104914351089809 12.04225855219753 12.726843546436562 13.21123768571015 13.54352429972403 13.764647893769284 13.907440686604795 13.99684914146581 14.05087392761733 14.08179886774198 14.097388815191746 14.101847598767339 14.096418951391223 14.079576338584094 14.046787738668273 13.989874133528705 13.896024245176168 13.746597965090823 13.51595161907988 13.170636989342277 12.669429000748408 11.964672876603382 11.005349727200786 9.741988493035212 8.133082175682762 6.1520707325577435 3.7934270397371295 
3.796515512725461 6.154141680969814 8.131667362298625 9.735124885777283 10.991869939783014 11.944263247019107 12.642490067093432 13.138036681315867 13.478766343357766 13.70590580195333 13.852774034346327 13.9448236742197 14.000489531104598 14.032386746784208 14.048510171731307 14.053206653119648 14.047791728924986 14.030751119096134 13.997511554653796 13.939801095446496 13.844665479130413 13.693279840349488 13.459798939087785 13.110609950196023 12.604452609020324 11.893893413698784 10.928517864986507 9.659892754606703 8.047866372494777 6.067229411616253 3.7133556192182255 
3.7125702858504965 6.065733327650511 8.044419029849314 9.653471447150533 10.918462099933128 11.879953850764068 12.586750520441655 13.089537714586047 13.435899967467142 13.66713951436809 13.816830598460635 13.91073144013543 13.967557650047327 14.000147813635158 14.016656397030525 14.021531926122151 14.016142837429852 13.998986523822992 13.965464463862984 13.907244383652152 13.811278954275247 13.658625461440003 13.423316432978528 13.071652082738277 12.562381707833278 11.848251638601356 10.879257027442309 9.60760810119767 7.99394112967312 6.013793541691295 3.663013937069644 
3.6606352329217042 6.010966192500615 7.990185963129504 9.602482776554496 10.872408174254986 11.839457509576672 12.551574270746043 13.058911761227314 13.408841456044348 13.642685767668045 13.794167600432047 13.889236821968677 13.946790356440285 13.979813072868405 13.996564828234314 14.00156212377199 13.996210060609231 13.979016353453913 13.945368860073632 13.886897952470846 13.790495277639002 13.637137146331593 13.400767835160512 13.047618909100592 12.536433276991103 11.820064338633335 10.84876806623045 9.575170551962954 7.960418174380388 5.980530506189891 3.63166211090362 
3.6283510838930995 5.977010838211815 7.956806361673987 9.571442854393604 10.844741073818573 11.815454106331359 12.530954360547923 13.041072087061728 13.393083126539867 13.628368113119375 13.780781576276896 13.876418375729273 13.934300858599721 13.967508359281368 13.984365363402063 13.989429204793712 13.984128178157373 13.966979351552533 13.93336655675509 13.874899919821354 13.778429657320254 13.624865335004642 13.388061265083827 13.03415153036076 12.521809561969766 11.803901162691835 10.83083238771394 9.555542940868591 7.9396182321906394 5.959529570396465 3.6117410807575983 
3.6070110429911377 5.954860781248881 7.935826603836325 9.553016044218179 10.829435432363981 11.803111792603255 12.520970294873672 13.032699737992266 13.385653403437864 13.62138957577698 13.773949117741576 13.869575131136914 13.927389087814964 13.960528402628139 13.97734867591194 13.98242423923934 13.977194980341475 13.960187923887844 13.926793742335166 13.868619150563323 13.772487850760783 13.619243079689301 13.38261866006373 13.028574760515026 12.51559109297979 11.79639893622031 10.821441565502738 9.543961114284704 7.926106455584713 5.945019160842174 3.597674809749108 
3.5898239786205197 5.937643481689165 7.921187688850502 9.542438490402235 10.823029100190787 11.799961282570651 12.519746527827554 13.03218438533281 13.385002929608115 13.620164878798466 13.772019346263082 13.86699387191368 13.924294515381373 13.957081933096052 13.973707496663128 13.97873707782902 13.973610819966682 13.956869179127011 13.923926112120009 13.866409182560735 13.771136916523213 13.618885565522604 13.383217782220477 13.029788650980928 12.516659790253124 11.796151558983025 10.818536205936768 9.537390110796233 7.91580151891118 5.932211240999232 3.584677804361496 
3.5700373506824814 5.918867570946525 7.908046126005511 9.536994872233441 10.824549257431274 11.805979909722431 12.527505216785071 13.039580445858599 13.390874713656142 13.624134225386891 13.774196675264376 13.867716905322737 13.923957444188028 13.95605042833696 13.972294357058844 13.977213519650267 13.972235228493437 13.955921135340123 13.92373566064906 13.867368858814231 13.773677756672175 13.623391240775282 13.38985065069403 13.038222286785697 12.52577458244065 11.803865235991816 10.822077065292884 9.534236955316874 7.905119627594414 5.915926209339351 3.5672542781422094 
3.538156500243471 5.890088056897315 7.891680619239179 9.53614611415478 10.836129387966736 11.824128401258974 12.54679463959631 13.056595295095837 13.404159903732145 13.633563386107646 13.780325074013762 13.871326482319759 13.925807825764606 13.95678100690351 13.972416933405324 13.977151286299039 13.972381689458844 13.956704413960727 13.92567762741244 13.871124360924316 13.780027214316648 13.633141935332771 13.403585717020897 13.05584215105226 12.545844721576785 11.822978321108764 10.83479552475798 9.534667760203389 7.890119572014119 5.88852394556533 3.5366781819939987 
3.476670255633883 5.836580111411895 7.8669818252752215 9.543191279422057 10.865097112196121 11.86141501240285 12.582795792473009 13.08650808105327 13.426677325115362 13.649302016059687 13.790665330815534 13.877746486832882 13.92958578766112 13.958918807649948 13.973676609057218 13.97814042209382 13.973656043865192 13.958874378468062 13.929510919295812 13.87763146335176 13.790497708010474 13.6490675071944 13.426361325499833 13.086097883681491 12.582283352286787 11.860799874945307 10.86438890453186 9.54241106009867 7.866161676658762 5.8357607045571696 3.4758965759910407 
3.343433122459443 5.7307302032065035 7.828859704845201 9.573140960184 10.92762063844477 11.930060409478413 12.643313483071346 13.133791218357903 13.460771850805207 13.672460535069847 13.805652812734731 13.887057651215223 13.935191874877882 13.962276593683075 13.975847488642241 13.979945109641355 13.97583559988414 13.962251053381275 13.93514919312392 13.886992726209778 13.805559202832848 13.67233097633891 13.46059908750574 13.133569153381586 12.643038560206772 11.929733028832043 10.92724631461615 9.572730899149128 7.828430534193413 5.730302621880744 3.3430298292031195 
3.052273869426208 5.484791892920528 7.812180583897352 9.664696849326642 11.052197814848478 12.047409535576568 12.737763393068008 13.203153837994446 13.508647419913682 13.70399235279878 13.825639064068522 13.899328978205865 13.94256596014131 13.966737589685629 13.978790216360194 13.982420697009225 13.97878316172369 13.966722508193117 13.942540938566617 13.899291246447929 13.825585169554268 13.703918466209021 13.508549799791671 13.203029448816347 12.737610622632452 12.047228906203538 11.051992545531128 9.664473121694778 7.811947399240902 5.484560577509442 3.0520558856094473 
1.7537829322071672 5.260572953342464 7.924820921822809 9.8888978525906 11.278142856629557 12.232600398571527 12.874459394466594 13.297881585834729 13.57147749906204 13.744237567507481 13.850651396429459 13.914480167531135 13.951598115047453 13.972188889930228 13.982395193014616 13.985459717445183 13.982390477429437 13.972178829141637 13.951581473468133 13.914455164206691 13.850615825105189 13.744189000291884 13.571413589862676 13.297800468270978 12.874360135556534 12.23248343354939 11.278010321210523 9.888753738484612 7.924671029976288 5.260424678590669 1.7536468245261652 
-4.765334339007422 4.23542611572768 8.776535688826355 11.255382174804287 12.541378020064883 13.196891294192188 13.543138816989206 13.737035132666925 13.849748621390237 13.91559773361776 13.953511591209589 13.974862083422591 13.98656605260872 13.992725542387038 13.9956544344326 13.996513530325663 13.995653717013534 13.992724003808181 13.986563488455564 13.974858197317939 13.953506013572873 13.915590050339874 13.849738412118983 13.737022064354832 13.543122811235346 13.196872690982659 12.541357483216983 11.255360448762868 8.776513412910253 4.2354042445110105 -4.765348190909201 
-5.34462469279049 3.4756410736756154 9.021024089939568 11.855206022281378 13.121922259473985 13.629552914842632 13.827805884406956 13.912397126038298 13.953716543878565 13.975576442762287 13.987311771027947 13.99352367585728 13.996737405166316 13.998342684000205 13.999074730464418 13.999284350380806 13.999074638128146 13.998342485230408 13.99673707207949 13.993523167640202 13.987311038101806 13.975575437498348 13.95371517301046 13.912395081221842 13.827802887669835 13.629549602419102 13.1219212142602 11.855210364724794 9.021034919065174 3.4756550762126697 -5.344613535531959 
-5.337242419705859 3.5766927628672693 9.235231512113183 12.152053614478877 13.377498907226736 13.80500425479007 13.9346509000101 13.973626371643734 13.987717924147086 13.994084254819631 13.99724058962354 13.998813166593374 13.999582217846918 13.999947135229004 14.00010673492883 14.000151331281108 14.000106725059469 13.99994711394309 13.999582182199912 13.998813111599748 13.997240506667294 13.99408416061807 13.987717943368793 13.97362596115103 13.934646209638412 13.804989749249424 13.377474223131552 12.152033034239343 9.235231239290968 3.5767168352101693 -5.337219499712864 
-4.839201950373799 4.225916667129707 9.721626355165398 12.4562691877211 13.543848738353445 13.887058116526738 13.974161640499718 13.993363908369366 13.998037195363512 13.999670794482341 14.000402613836044 14.000746348728162 14.000905702994398 14.00097765326916 14.001007853903534 14.00101608875328 14.00100785305946 14.0009776514033 14.000905699970323 14.000746345437344 14.000402600580857 13.999670741032022 13.998037471842744 13.993366318642206 13.974159187976817 13.887001085467025 13.543659779333776 12.455896038943068 9.721142509799916 4.225436108557123 -4.839523301777326 
-3.069963920445551 5.591204775838597 10.64750346751438 12.941696785486412 13.738568990909998 13.947854782714998 13.989419284935948 13.996019177432883 13.99710041553021 13.997381840098205 13.997492568906889 13.997541426656973 13.997562949316283 13.99757218741533 13.997575902635791 13.997576890101962 13.997575902604272 13.997572187344895 13.9975629486682 13.997541428040869 13.997492583540891 13.99738172670775 13.997099955321914 13.996023858211922 13.98945334245503 13.947839727341492 13.737957442202909 12.939769960165773 10.64384476668672 5.586791882045422 -3.0736840727522208 
-1.6093690448393285 6.651933679002867 11.309758936294205 13.229227322182778 13.796585578521103 13.912198455394226 13.92724833888568 13.928436600861852 13.928553355635085 13.928582938336799 13.928590283606228 13.92859294781532 13.928594060695193 13.928594475056109 13.92859462105762 13.928594657007764 13.928594621051728 13.92859447522084 13.928594060044441 13.928592944304864 13.928590326875065 13.92858295726812 13.928551331265002 13.928436647018284 13.927341074307996 13.912679440145995 13.796564942980753 13.223306397156092 11.293490375772436 6.625680992487027 -1.63185453223549 
-1.2931436140890942 6.942953724531361 11.29904812064628 12.953559899424116 13.3960185763415 13.470607946547853 13.47626656155466 13.476035488329224 13.476012790222601 13.476024017451877 13.476024251710898 13.47602405645376 13.476024077873166 13.476024077634285 13.476024075072747 13.476024074505181 13.476024075034394 13.476024077888678 13.476024077970406 13.476024044435068 13.476024303016569 13.476024395759545 13.476009462089054 13.47601842814769 13.476419622317504 13.472172273556769 13.401904571415082 12.953563515348316 11.246861637414332 6.843481994087321 -1.4032007485224747 
-1.6321395429993184 6.381049255097978 10.009110266498672 11.350350611638513 11.698981353857912 11.753248025730691 11.75590379028112 11.755389958091312 11.755351969698513 11.755362693899292 11.75536285657862 11.755362627058645 11.755362642998731 11.755362644485112 11.755362643489518 11.755362643472244 11.755362643428017 11.755362644692095 11.75536264446856 11.755362608850504 11.75536287607383 11.755363518108085 11.755348718766111 11.755350265829367 11.7560353865851 11.75623292114695 11.715213537886575 11.402547043182864 10.00911024702078 6.007594564978422 -1.9209525734081587 
-0.6498017033099792 3.6564825800343064 6.03340795594782 7.000418021932196 7.258342280390731 7.2986599883794545 7.300380034319838 7.299911561042922 7.2998754087914755 7.299884453512457 7.299884701025288 7.299884506682881 7.299884520515494 7.299884522928536 7.299884522335594 7.299884522379603 7.299884522272638 7.299884523012614 7.299884522929061 7.299884488059689 7.299884679589795 7.299885480972167 7.299873557371363 7.299857241523755 7.300449953382351 7.302237733630161 7.284569640333099 7.099900842018285 6.406864731204295 3.6564723818229172 -3.3674082756471475 
-3.8689469677297694 -3.3652883802880194 -1.897269028352606 -1.2626099427899462 -1.086620957165959 -1.0587015179908263 -1.0574961259981508 -1.0578338616846357 -1.0578613488434114 -1.0578548815925966 -1.0578546620948222 -1.0578548045522658 -1.057854795298683 -1.057854793417486 -1.0578547938594187 -1.0578547938320297 -1.057854793907189 -1.057854793395401 -1.0578547931690638 -1.057854818599098 -1.0578546938545195 -1.0578540229586 -1.057862347265717 -1.0578791428297625 -1.057478601566135 -1.0556439815122365 -1.0641550376269369 -1.152541038061309 -1.6084692291009093 -0.6475879582927879 -3.8688613972743586 