Step: 765.0
13.168417246982614 13.06700063335191 13.572227097272101 14.084519099082446 14.584145007579533 15.011011268670922 15.350221765179416 15.60590952510971 15.79057211200511 15.91903369050251 16.005345353313913 16.061356706066157 16.096261833090736 16.11666480365028 16.126858807031315 16.12911705345865 16.12386953156473 16.109694084423214 16.0830902723936 16.038039727685135 15.96539747456337 15.852213047127842 15.68115100843075 15.430264048918307 15.073464505692332 14.582147693796017 13.928747464501088 13.092653244404378 12.082537222613945 10.800843276621839 10.759763362182653 
12.584777256068106 12.237691891033517 12.733553169182866 13.364051245315117 13.939918167681988 14.42123586423187 14.799035948618462 15.081845657089264 15.285217465883605 15.426290525130016 15.520886734560637 15.582186293500884 15.620348700117024 15.642644470077162 15.653791725057415 15.656291118891982 15.650628778641966 15.635272934113015 15.60643168482351 15.557576477394479 15.47877901154754 15.355966664986337 15.170275171386903 14.897761038910696 14.509817674419757 13.974726164970628 13.260816656785453 12.343039283685913 11.205557643656329 9.983521024428427 8.913063685283607 
9.80219617782066 10.79799074364592 11.743367079463095 12.590093014631345 13.300673696213698 13.866437953921404 14.299145445521141 14.618048302926036 14.845099283077179 15.001534283123188 15.10592731879697 15.173338365632226 15.21520214026067 15.239630797030221 15.251866969484851 15.254696801530232 15.248699148398122 15.232259735303307 15.201319770408427 15.148865534394732 15.064209041721275 14.932167508707728 14.73232093817939 14.438600374167832 14.019508447231063 13.439250111280739 12.65997840981076 11.644292778775212 10.364441356563482 8.768569215333944 6.384264531528172 
6.86738400314949 9.230919021082583 10.70493617443542 11.825391579146611 12.69497367179147 13.360580037081775 13.85737985206916 14.217817685121972 14.471715642854866 14.645326416635099 14.760536738849082 14.83462358456644 14.880497031531185 14.907228516270456 14.920654592767036 14.923889640116725 14.917635122739568 14.900220453740756 14.86734891854319 14.811558065680018 14.721447048006448 14.580780301837395 14.367645357394782 14.053904949349658 13.605200289457226 12.981669420185783 12.139149781687696 11.030153769954024 9.596969703608664 7.730122902840429 5.338154332535655 
5.604670596093577 7.9893225553595695 9.795891256494574 11.139983912494616 12.156619339221418 12.91905688878501 13.479917700559024 13.882510510733098 14.163859205874287 14.3550813985259 14.481386333659794 14.562313590077226 14.612291723764674 14.641383917832067 14.65604409315342 14.659733543231296 14.653294954440796 14.635024822542059 14.60042204903138 14.541625632206097 14.44659722595432 14.298161339408166 14.073083842167886 13.741428608948558 13.2664414038269 12.60509648976889 11.709131874154487 10.525385620242444 8.99301180973839 7.051576750791249 4.659091404874479 
4.8032281548384015 7.19232450493785 9.101413201020572 10.582847127755084 11.709689700904823 12.552585069754693 13.169772623483567 13.610761787593331 13.917678964731078 14.125545124418515 14.262436307232807 14.349933218802102 14.403873018031335 14.435256058510184 14.451128275523898 14.455290087085332 14.448730955206837 14.429733639823024 14.39362928587065 14.332219956147744 14.232928940390016 14.077798043481595 13.842522351590501 13.495778538605462 12.999126252857037 12.307698202337464 11.371694203017732 10.138551303959545 8.557351370455054 6.58695352080782 4.208917713533975 
4.283522496865331 6.659404972624453 8.611520203821934 10.163055019339943 11.36153983720984 12.26356560316106 12.92534419462295 13.398209577215683 13.727048754539702 13.949510716145909 14.095837297995212 14.189260363185008 14.246807368640583 14.28029431459072 14.297293882731049 14.3019149958684 14.295287371861384 14.27569423271628 14.238335983610781 14.174744907823005 14.071916713976325 13.911287062698515 13.667758545966926 13.309060279618773 12.795768767142349 12.082303004725192 11.119144664592113 9.856619783028751 8.250580753551054 6.270054662477853 3.905456241710055 
3.941375019326835 6.304333517090069 8.274183797093734 9.862782854725994 11.104383325620157 12.046315752180154 12.740579556359213 13.237926701914336 13.584245585181897 13.81866897762426 13.97288811528969 14.071346612190572 14.13199688136511 14.167313564783427 14.185306773117443 14.190348104277456 14.183691951598139 14.163631150128836 14.125269749390128 14.05993577666567 13.954305526579738 13.789377234294673 13.539515635348296 13.171875649528591 12.646575517745449 11.917997320986622 10.937537862063822 9.65798637578697 8.03941853086972 6.055944050238744 3.701959271754182 
3.717217250151881 6.069901340287568 8.047041532438772 9.655352283356413 10.922415503406063 11.889903106056257 12.606417122919417 13.121407998322724 13.480816871744363 13.724462539412725 13.884904532036915 13.987402875437917 14.05057756162095 14.087400569946382 14.106223139421312 14.111627338909198 14.104971506285988 14.084562761467202 14.045438119350877 13.978779108663078 13.871036566741122 13.702912310552891 13.448432833010228 13.074442590798359 12.540911111667983 11.802450280310039 10.811334763312443 9.522077530809966 7.897220556547272 5.913513511091463 3.5672230694174463 
3.5720828569379126 5.9173711053201234 7.897329279402925 9.516229342056324 10.798179355003331 11.781567866391873 12.512672920520687 13.039752213060753 13.408448427075895 13.658818905089332 13.823896124499848 13.929453712352988 13.994565120730952 14.032556902319325 14.052031840533223 14.057731531814994 14.051096094725416 14.03044814076569 13.990780660736084 13.923175036330756 13.813929980614224 13.643555161053637 13.385874586156843 13.007578897010632 12.468629492784176 11.723905062924022 10.726346822919412 9.431577571454902 7.803565101060494 5.8204653626995535 3.4794740342876675 
3.479474441710739 5.81973934015015 7.8007032736181445 9.425405925421712 10.71608794814849 11.70923690749256 12.449646761471266 12.984688529253294 13.359665855786236 13.614678564295662 13.783004721003183 13.890730273271268 13.957225245202654 13.996058251534208 14.016008830641432 14.021933407543482 14.015333053404087 13.9945448521101 13.95453457862838 13.886317633641426 13.776092128510342 13.604243157153045 13.34447021226816 12.96338333782782 12.420972399874668 11.67232958932683 10.670853296564989 9.37286613762948 7.74318024174673 5.76074351001513 3.423250032715459 
3.4210683449989796 5.758088635330575 7.739488091554028 9.367613727473618 10.663618301326812 11.662839229725318 12.409129580483615 12.949262463541746 13.328284423490333 13.586293416251701 13.756712145071505 13.865826205591306 13.933200995178527 13.972566816286342 13.992822267328137 13.998902043807707 13.992350161491226 13.971516222858178 13.931350748872982 13.86282687647163 13.752074545600042 13.57939030282109 13.318380187179509 12.935586425448598 12.39100324279604 11.639853428233089 10.635832808687432 9.335726077745495 7.70490379506245 5.722836300184158 3.3875458586328806 
3.384080214973199 5.719142924017714 7.701084459267377 9.33173309272468 10.631448596051118 11.634753589800537 12.38486300732377 12.928176357752783 13.309614883967141 13.569324417693402 13.740863113006775 13.850673417147954 13.918460797394477 13.958063926493423 13.97845734740991 13.984624658213345 13.978137836893024 13.957357392023246 13.91722815149095 13.84869806064757 13.737847585020527 13.564896294176837 13.303350004172167 12.919646831111836 12.373713262487874 11.62079910041258 10.614779953228204 9.312796830078318 7.680707789107469 5.698477934435876 3.364464793587473 
3.3593294539549645 5.693399493209136 7.676557030507451 9.30998990672652 10.613174307016129 11.619831189166119 12.3726644325972 12.917891021954729 13.300493292802557 13.560798126309061 13.732565074477332 13.842403917794867 13.910137137029833 13.949675673852967 13.970035209189264 13.9762227585686 13.969825430653735 13.949214669092973 13.909340256376106 13.84114113882929 13.730661056842875 13.558038221426477 13.29663967824787 12.912712279583136 12.36597913449386 11.61156128758289 10.603398273488159 9.298980798319905 7.6647898095971385 5.6815170715427 3.3480677693781296 
3.3395451695056604 5.67348707167734 7.659373096464107 9.297204296114751 10.604990561231073 11.615331778447604 12.370445322733499 12.916622162437086 13.29921744458109 13.558984185064038 13.730021811132668 13.83915523903788 13.906315555962905 13.945453012015117 13.965588546096422 13.971725825989962 13.965454731135866 13.945160720686623 13.905814832836876 13.838370341157216 13.72885233167843 13.557309777260059 13.296908193042366 12.913555972672405 12.366532067219751 11.610541441373817 10.599379856117244 9.290934277224094 7.652710381034049 5.666784181661397 3.333200824243545 
3.317496722508262 5.652423158845288 7.644239394063984 9.290291494848518 10.605650352625249 11.621044864810555 12.378301753976803 12.924331263267153 13.305447104693188 13.563234715282443 13.732338468038677 13.839858364848642 13.905814935278443 13.944148899297518 13.963837445344032 13.969846403499067 13.963754377496544 13.943968514473676 13.90550859042564 13.839383155754591 13.731638426713756 13.562244079183749 13.304096616801063 12.922558016117089 12.376062187255958 11.618329270624074 10.60249596846499 9.286790493030738 7.6405383345369104 5.648712016311499 3.313988176446328 
3.2831930091767587 5.62125871397943 7.625993535358997 9.288385303945446 10.61709157056641 11.639846507242002 12.398765207787338 12.942732318389176 13.320072636403943 13.573792775753665 13.739311708131455 13.844027120533571 13.907981193636449 13.945016270327327 13.963989983524996 13.969781329029257 13.963939684992525 13.944907659096154 13.907798275014468 13.843746207229218 13.738902363488934 13.573219902787123 13.319300141163824 12.941728511000033 12.39750962849191 11.638337253285643 10.615351627336358 9.286466091314606 7.623974093857836 5.619239749384601 3.2812862545333066 
3.2185739465355003 5.564714690506514 7.599047585071461 9.294471142689394 10.646521574120857 11.67878058499693 12.437126806615572 12.975218893067701 13.344993580351042 13.591544753337615 13.75119985956722 13.85155352656275 13.91250280190028 13.947636543684101 13.965577617357347 13.971049164821848 13.96554777138831 13.94757244432079 13.912395711697181 13.851390643593433 13.750964967653086 13.591219486736835 13.34455948495339 12.974660318414935 12.436434421370494 11.677955018411419 10.645576434588348 9.293434560471777 7.597961546924585 5.563631871068602 3.217552293084388 
3.0809267123316366 5.454512360940678 7.557716322946175 9.323174574917386 10.710073633366145 11.750263477817809 12.501453893479866 13.026486848708196 13.38270290250541 13.617678569803946 13.76846352291621 13.862509181515142 13.91925021721304 13.951780533191686 13.968326692626716 13.973364874395488 13.968309124246732 13.951742995668726 13.919187981195977 13.8624153875178 13.76832959988322 13.617494978366201 13.382460276280126 13.026177527497566 12.50107372185303 11.749813607234552 10.709561958629902 9.322616403171743 7.557133954199224 5.453933280452169 3.0803809016727146 
2.783483481767079 5.202428315927825 7.53560854189272 9.412657276413206 10.83639531495739 11.87210061446057 12.601617188584589 13.101565603464756 13.435587897916179 13.65323438037534 13.79148272672181 13.876958985506425 13.928141804261285 13.957301154144542 13.972063622350504 13.976548670473742 13.972052997675354 13.95727855284822 13.928104577934162 13.876903327349922 13.791403938171019 13.653127315094839 13.435447612598027 13.101388200945225 12.601400775723377 11.871846232034676 10.836107652294539 9.412344984583152 7.535284010559012 5.20210700454172 2.7831808935487685 
1.483831091186287 4.9661991617155 7.638035456350332 9.633420907555172 11.065497221174683 12.064366016068021 12.746608636940277 13.204105650899693 13.504980450867153 13.698604748404396 13.82028889980479 13.894805987952921 13.939042735078635 13.964057849764334 13.976650576315212 13.98046494929516 13.976643363224769 13.964042532417107 13.939017572072343 13.89476848638839 13.82023599995981 13.698533123391979 13.50488693852087 13.203987806981377 12.74646535568065 12.064198116011887 11.065307877549314 9.633215830397035 7.637822795180274 4.965989218131153 1.4836385473075364 
-5.043100579584671 3.8666433474384023 8.433210235746907 10.991737231223135 12.361315445539395 13.08004603916683 13.467733331966063 13.688082451467324 13.81814973922665 13.895588123674223 13.941155953956791 13.967414825560056 13.98214497200911 13.99006606053462 13.993899665576683 13.995035666637778 13.993898483250913 13.990063536751327 13.982140794513116 13.967408544588993 13.941147013325438 13.895575907254418 13.818133630259446 13.68806195394252 13.46770829705303 13.080016936371075 12.361283355892125 10.991703531241583 8.43317616400959 3.866610347207049 -5.043121635059345 
-5.649221068522858 3.079019728500709 8.663324765125326 11.604898238137872 12.975567301487592 13.552129171822317 13.787246971080897 13.890064575792442 13.94084773051771 13.968088461206493 13.983021118356534 13.991121563970943 13.995418661366969 13.997616404620505 13.998638447442941 13.998934501160136 13.998638281864741 13.99761604977033 13.995418070553079 13.991120669458828 13.9830198384564 13.96808671405604 13.940845370298371 13.890061146478974 13.78724183593426 13.552122483223567 12.975561542189796 11.604897341846883 8.66333123135357 3.0790311010420193 -5.649211379735369 
-5.6466956628356195 3.178038901519809 8.88776759012833 11.924230563089736 13.258897858889183 13.752910968968699 13.913324152512224 13.964377381209156 13.983206925285756 13.991732987459667 13.99601970681823 13.998207803180577 13.999306810002574 13.999841723220735 14.000080708252309 14.000148343417376 14.000080688730842 13.999841681295532 13.999306740072692 13.998207696023817 13.996019549819113 13.99173280711314 13.983206864642145 13.964376662180996 13.913317442680242 13.752888418801389 13.258852129041191 11.924170636981863 8.887712453137027 3.1780057639972763 -5.646715490285109 
-5.146125722274814 3.8359060289864773 9.395675773856228 12.256205162148746 13.449652329800763 13.851541897416174 13.962417103105794 13.98922553612363 13.996124398569728 13.998519595082938 13.999589726974147 14.000102796307988 14.000347366487045 14.000460830703785 14.000509559333787 14.000523031888736 14.000509557445524 14.000460826597703 14.000347359900747 14.000102787251764 13.999589700135992 13.99851953746956 13.996124883476531 13.989228651702254 13.96241342349019 13.851467301090986 13.449390868475206 12.255650390225425 9.394877662624324 3.8350415996843745 -5.14674801531478 
-3.3997845478364055 5.196288364340765 10.342515241552457 12.773936224034534 13.669019699184732 13.923534658014285 13.979644739314535 13.989718339365774 13.991514684075838 13.991974515618836 13.992151670953929 13.992230855607003 13.992266698779916 13.992282535601005 13.99228906103386 13.992290821162344 13.992289060942156 13.992282535333924 13.992266697907551 13.992230858573759 13.992151679557322 13.991974336142114 13.991514413375896 13.989725964853921 13.97968776049117 13.923514455627762 13.668283270210184 12.77152978081358 10.337813943371362 5.190412291412889 -3.404761651108488 
-1.9622123954423014 6.246328154557565 11.009438518219651 13.068619214761426 13.723776702959766 13.87300110178202 13.8961645279069 13.89856119726891 13.89880327043857 13.898855717761919 13.89887078318128 13.898876221856584 13.898878500631207 13.89887940523545 13.898879739393097 13.898879823842249 13.898879739408622 13.898879405374691 13.898878499365763 13.898876221940066 13.898870839152758 13.898855574234023 13.898800823159489 13.898566909111132 13.896296593636293 13.873574219829859 13.723746486440154 13.062064031229829 10.991175692425042 6.2168390321697915 -1.9876930667479373 
-1.6654817380387994 6.509257607321479 10.96013420094235 12.740284479568695 13.257373836836807 13.357727968587657 13.368402857942453 13.368563298929809 13.368520227566565 13.368531987560491 13.368533714607583 13.368533593052911 13.368533631133682 13.368533646659131 13.368533647609878 13.368533647619122 13.368533647594374 13.368533647011263 13.368533629790718 13.368533583539012 13.36853381545438 13.368532146120806 13.36851506449393 13.368553673300964 13.368657374079897 13.359679399250364 13.26386957193482 12.740286255052688 10.90638848663565 6.406170091220246 -1.778837105604923 
-2.052554661214529 5.87538705058967 9.579257982123126 11.023509002973341 11.432147189268061 11.506285477019322 11.512411160630148 11.51202857885838 11.5119431942395 11.51195243460598 11.511953759563932 11.511953486597623 11.51195347744187 11.511953481373377 11.511953480065225 11.51195347982894 11.511953480011488 11.51195348185099 11.511953477023713 11.511953466175626 11.511953867572853 11.511953106814824 11.51193633413978 11.511993913827128 11.512716765378658 11.51012991453172 11.450333758800268 11.077263493148147 9.579258398622809 5.506267810222795 -2.339308389479622 
-1.1669852347093237 3.099390445107408 5.5376677630403774 6.581816331752728 6.884419039480935 6.939435363669311 6.943654342635468 6.943246037002133 6.943166384017464 6.943173902517426 6.943175146111676 6.943174926288357 6.943174919571565 6.9431749247222685 6.94317492424306 6.943174924185302 6.943174924169108 6.943174925171983 6.943174920253872 6.943174900776465 6.943175228470341 6.943174913988678 6.943159956681827 6.94319189164864 6.943933955807886 6.944230354203176 6.913835098943207 6.684913334145562 5.906792622245072 3.0993822329203966 -3.8252770367704576 
-4.348814162519182 -3.822215094734065 -2.310201429720351 -1.6226777727880397 -1.4161935933353769 -1.3782074679655423 -1.3752876063359978 -1.3755875189400604 -1.3756465040071404 -1.3756412408045982 -1.3756403015503387 -1.3756404583492163 -1.3756404642103468 -1.3756404603711638 -1.37564046070256 -1.3756404607488069 -1.3756404607651267 -1.375640460040343 -1.375640463329585 -1.3756404792865249 -1.375640249267337 -1.3756403440091471 -1.3756513299527482 -1.375634542883378 -1.375096815560219 -1.3740854406321619 -1.3907737457255862 -1.5093111226538147 -2.0234638273444423 -1.1637581665565935 -4.348665668946885 