Step: 4230.0
9.417218214020464 9.204465425198718 9.776298725152243 10.36263115544837 11.019031752467944 11.675035347314985 12.297101920485517 12.867006098145943 13.37504483005552 13.816030883101291 14.187228089728139 14.487214967986812 14.715232197723084 14.870790042791079 14.953422104734708 14.96252551804215 14.897254946777842 14.75645192837511 14.538598770253374 14.241790751798547 13.86372393888347 13.40170037119585 12.852660444267647 12.213269148459606 11.480121648837228 10.650209026865168 9.72210791211696 8.697314127848957 7.597124357763955 6.235602332515758 6.325548950016871 
8.74856126203408 8.16899593414072 8.610626374718716 9.312096926379528 10.052637087556768 10.780328163511909 11.463966841987718 12.08725839044304 12.641379641253641 13.121605323388543 13.525458339605118 13.85167437630523 14.099592507180235 14.268780738621889 14.358796652902287 14.369029550722164 14.298594339362161 14.146260010760463 13.910402388354022 13.588974835817181 13.179493666833283 12.679038696652755 12.084275931026129 11.391523042322474 10.596906865093976 9.696739583751318 8.688282800509816 7.572736264710066 6.348769259773498 5.189399912687993 4.395115174716769 
5.726704287464555 6.452331183914386 7.295122619268914 8.18669607893713 9.062507618204297 9.887337671085927 10.646133645836136 11.33000853683579 11.933978675112312 12.45535817917871 12.892807949029752 13.245726292299835 13.513851513916872 13.696995689170729 13.794861995537282 13.806917172735302 13.732301897633246 13.569768220499625 13.317636707831824 12.973767838630597 12.535543369628964 11.999854501819467 11.363095403891325 10.621163552871137 9.769474016616488 8.802992516655518 7.71639928948217 6.503629639595144 5.1683398728922425 3.6910855618462732 1.6247401118682328 
2.4910320566178745 4.553318087511503 5.896940458442876 7.045193593068884 8.077675044107204 9.012461644221034 9.853488073851514 10.601771945184126 11.25752191909366 11.820927177144936 12.292299520964562 12.672019384136163 12.960427376332959 13.157713136384059 13.263817954304225 13.27835524577634 13.200548585679377 13.029185328936743 12.762582884280786 12.398563739515286 11.934434032949317 11.366958416661426 10.69232014825624 9.90604713516688 9.002863785647405 7.97638267096954 6.818337306153163 5.517255338728781 4.0489676055863555 2.331118364840379 0.286324365660488 
0.8879567248006893 2.943633745351612 4.598137224778349 5.957970116063178 7.136489127653684 8.177201845913206 9.098985210163633 9.910863384452567 10.617716363380644 11.222501339195977 11.727210724845735 12.133269207194736 12.441681690287254 12.653069524544547 12.767659060835546 12.785253124349513 12.705200078269087 12.526366915703882 12.24711794222184 11.86529703737831 11.378208032498268 10.782583300838233 10.074523393600593 9.249376439809001 8.301496260288761 7.2237431556115785 6.006453061181069 4.634724076279661 3.08164703560455 1.3115251316075263 -0.7072200760919182 
-0.2742194860928505 1.7579576453353984 3.4956059909979276 4.982951837675045 6.271643208739073 7.401571156564617 8.395278185417718 9.26563535940711 10.020340169603848 10.664287136827737 11.20076821133439 11.632078573854514 11.959811784571153 12.184993519162369 12.308133049488246 12.32923531399614 12.247796819618692 12.062797405607002 11.772692836819065 11.37540802846473 10.868326059065016 10.248262822445056 9.51140962687825 8.653213595247179 7.668142928297624 6.549245563286047 5.287319213155312 3.8695468109228996 2.2793702028828804 0.49962745920471346 -1.4790322919266112 
-1.1606411311015508 0.830439668152113 2.592619349110565 4.141182584269623 5.50181593551503 6.699180136885443 7.752007952020962 8.672924090141048 9.470341413363455 10.149978615774685 10.715832652410334 11.170748839853317 11.516737317610348 11.755138233186353 11.8867011369376 11.911619106619522 11.829542057122337 11.639583190540137 11.340325283334547 10.929827990976682 10.40563258157526 9.76475574256057 9.003658708452228 8.118171535744404 7.103346204937632 5.9532125286443955 4.660464970890615 3.2164217637333055 1.6119259158318935 -0.1600437897292719 -2.1004465148074125 
-1.8632248245719174 0.08768838918721295 1.8497964784702103 3.426984426342021 4.830970067550251 6.075885713525232 7.17456204730892 8.137158399426518 8.971241141076735 9.682371634638239 10.274654498487376 10.751127892720707 11.114007802439733 11.36482731489554 11.504509473296478 11.53340314962926 11.45130228347998 11.25746130994253 10.95061358834666 10.52899474530721 9.990368704418193 9.332050642524676 8.550918480242268 7.643404169230258 6.605462116713567 5.432537173952068 4.119629652123815 2.6616667370236353 1.0544615111651041 -0.703637116407106 -2.609730904904498 
-2.431649942781824 -0.5169917723261241 1.2354776655005861 2.824325891706264 4.253831099907066 5.531205348919245 6.664290696044527 7.660218931611354 8.524932650288148 9.263191353073532 9.878747501030102 10.374525318546048 10.75275022353538 11.015026671552254 11.162378865266696 11.19527123283357 11.113622871447 10.916825993187958 10.603774186608367 10.17290247640931 9.622237911234812 8.949457027948537 8.151945795135441 7.2268603270570155 6.171196592382099 4.981900915749443 3.656090770097681 2.1914894259678968 0.5871587096632588 -1.1555000329676057 -3.031701169486668 
-2.8976691943335067 -1.0146052300839423 0.7249395048328117 2.3168825124798755 3.761263061367613 5.0608055674034595 6.21954690079521 7.241844565242326 8.131820172944215 8.893126498524206 9.528887907309471 10.041704550586006 10.433664649222505 10.706347162817485 10.860815865431437 10.897612694786119 10.816759098870461 10.617772363428935 10.299701246722517 9.861182459397751 9.300517033076291 8.615763850545028 7.804847299504638 6.865678487441858 5.796296630275537 4.595050017523947 3.260850718033326 1.7935414541141808 0.19438929791482398 -1.5333399408077901 -3.3838507854668176 
-3.2833384713192935 -1.4273510639477414 0.2989549920613682 1.8900482212570267 3.343362828950231 4.65858451999613 5.836886074327497 6.88028142411188 7.7911643773362345 8.572014576641145 9.225216988920998 9.752943555425018 10.157064661225062 10.439076678263927 10.60004374696542 10.64055749628666 10.560719872976582 10.360153574005036 10.038042921769613 9.593206015479478 9.024196979897026 8.329435399082385 7.507358962736764 6.5565955588275235 5.476153107491136 4.265629202726216 2.9254460101972466 1.4571143801580655 -0.13648016732782622 -1.850798495477374 -3.6794285695916282 
-3.6051632488643723 -1.7721319174341077 -0.05786513958303511 1.5311867799800907 2.990649118148513 4.31796197054494 5.512043637452116 6.572940704660725 7.501504399614131 8.29910874687852 8.967410392728302 9.508144393226358 9.922951306993495 10.213234288438358 10.38004777625831 10.424020884387193 10.345318838984525 10.143645182728532 9.81828633725456 9.368198669224629 8.792136503372486 8.088817537579093 7.257119761418437 6.2963011571686645 5.206230126051494 3.987610971900995 2.6421858328363834 1.1728939880674718 -0.4160264530879453 -2.1190003423597887 -3.929135055532171 
-3.8764151998644634 -2.0626689693602374 -0.3583501969646199 1.2293264913974224 2.6944582986756163 4.03256692086622 5.240623567679101 6.31695943375438 7.261072917457515 8.073369852908039 8.754877939520899 9.30696826267193 9.731105029361691 10.028635446603097 10.20062619725777 10.247750157291351 10.170225554016872 9.967808889448085 9.639842216495294 9.185354476996203 8.603215308993985 7.892337628275935 7.051921818608396 6.081728707337893 4.982359762776581 3.755511291786795 2.4041582027283983 0.9326207576616367 -0.6535144180845911 -2.3476054894873672 -4.1422318572975065 
-4.108675759064319 -2.3109593684909746 -0.6137790407723505 0.9747408734054908 2.447028962877264 3.796622490208876 5.018584463338 6.109659339697751 7.068171677921878 7.893749083028911 8.586965109115392 9.148973946337566 9.581178956948909 9.884955505635268 10.061436649971434 10.111364557224224 10.035008155059494 9.832146793122618 9.502119622190358 9.043940368394734 8.456476661477932 7.738691437854705 6.889940241953258 5.910310954261119 4.800979210496051 3.5645308476584785 2.205174854607166 0.7287514838613337 -0.8575375626523104 -2.5456640075536114 -4.327426645148241 
-4.313127074656849 -2.5285050765786043 -0.8347554610877006 0.7585517615825994 2.2415298420112806 3.6052439510078975 4.842645164568483 5.9489459833267935 6.921507118339358 7.759444146146224 8.463135467569298 9.03374060415394 9.472777657585022 9.781778614225976 9.962027263613143 10.0143787953033 9.939158450593764 9.736136884580283 9.404581042484697 8.943380655966015 8.351251308792797 7.627014719515642 6.769954432703072 5.780238651624279 4.659387658312934 3.410733660789913 2.0397627223326658 0.5541597546214458 -1.0366446992634502 -2.7224837904294388 -4.493781919504463 
-4.501997469679244 -2.7276532888885465 -1.0320718757917293 0.5724439170050131 2.0722234588524 3.4548278640189913 4.71072130988022 5.833695288683425 6.8204937955519185 7.670118279793264 8.383117371485268 8.96095819076568 9.405506757409146 9.718619842246996 9.901842212494186 9.956201120132759 9.882090615622772 9.67924049445382 9.3467676672146 8.883310906893712 8.287252730813165 7.557034078180229 6.691567802001444 5.6907546214937215 4.556096866428864 3.2913808856999176 1.9033313544521966 0.40193546766882204 -1.2000353738124159 -2.8887451447117174 -4.6519265955817986 
-4.690750360516069 -2.9234724033652157 -1.2176541706141721 0.40870666615143575 1.9350276112303417 3.343718229704459 4.622470775991649 5.764148861352906 6.765520451754482 7.626066770322944 8.346997575679369 8.930469626562813 9.378980209166812 9.694909897134941 9.880193008947575 9.936098195786167 9.863105750845484 9.660872992517008 9.328284369551849 8.863588407696607 8.264628827092006 7.529181778848804 6.655415171479245 5.642489997131124 4.4913280680422085 3.2055734352574357 1.7927508802486223 0.26549285441522813 -1.358389606362314 -3.0582294762556246 -4.816094267130498 
-4.902125951795998 -3.1371644391449434 -1.4053125552835468 0.26116808260348906 1.8290268885734777 3.2732643256918372 4.579944709487815 5.74228601806761 6.758146484157163 7.628304305915569 8.355240944612325 8.942249050307337 9.39277372740775 9.709934118404018 9.896189290379969 9.953121451652773 9.881316660487823 9.680330523301137 9.348734266374253 8.884244681415165 8.283949312167438 7.544645560881604 6.663319531188066 5.637799540871166 4.46763643481744 3.155301414275911 1.7078801007460844 0.13955235558582865 -1.5245402111283406 -3.251129412552828 -5.008060631656447 
-5.177953647521527 -3.401246294930818 -1.611204696581374 0.13009562784205495 1.75906818172461 3.2491293886071255 4.588191576905623 5.7720721100107655 6.80116763662811 7.6785359285462365 8.408613148305173 8.996301766766958 9.446315734336403 9.76272088374258 9.948626491810966 10.005993146255797 9.935530529417019 9.73666838229733 9.407594616524856 8.94536563156906 8.346104629485325 7.605313433832634 6.7183318804670975 5.680988189325603 4.4905018159701875 3.1467517760503734 1.6541747578762425 0.025063469641995528 -1.7138824293893007 -3.4991559075646212 -5.268860246902574 
-5.59256198100983 -3.7922667522067517 -1.8285786617505597 0.029434533812559928 1.7385788263282485 3.282240034186256 4.655515058975607 5.859436179355781 6.898477372033974 7.77897315481883 8.507985837751589 9.092475532844857 9.538711777667745 9.851879421233027 10.035832717873541 10.092955253559976 10.024091894069302 9.828531094438258 9.50402988133516 9.04688833238688 8.45209442618312 7.713572434016809 6.824576780425516 5.7782771596065965 4.568582097676362 3.1912619504126294 1.6455167548418608 -0.06354739512794509 -1.9191694988440597 -3.8781092855104577 -5.6721292676764925 
-6.7317839027444695 -4.224812089085752 -2.01081357686388 -0.008081908791231888 1.7901684214549463 3.3885705828490904 4.793076973984659 6.011855254026735 7.054670298040791 7.931970075539738 8.654012970393525 9.23018014568333 9.668504991233753 9.975393370736546 10.155483353958589 10.211590428977853 10.144694410496037 9.953940391025855 9.636644118954921 9.188310588540979 8.602692790787206 7.871933954920735 6.986847171172112 5.937383918289559 4.713318116612539 3.3051138337458226 1.7048330844657542 -0.0932526651172173 -2.093556932707288 -4.302624979285485 -6.801436786406694 
-12.397408455963342 -6.515772516108913 -2.894195239994497 -0.07594755253899457 2.220577261756647 4.113638658888552 5.6723353020279355 6.948167544704868 7.983869002480335 8.8156676460709 9.473681857496013 9.982057508758285 10.359309455287011 10.618882503451635 10.769795160921971 10.81721347376044 10.762839877493779 10.605050994145218 10.338763074750958 9.955045350868152 9.440546726661712 8.77685115400294 7.939916164771111 6.899734892699871 5.620211212669864 4.0587877141643585 2.164219366268771 -0.1322118162846954 -2.948158902391806 -6.564017927488554 -12.43097253455901 
-13.55634193343214 -8.047937013638277 -3.654668158329857 -0.27102780858417047 2.400539195706296 4.517611121028032 6.187469632708196 7.49417739856665 8.507772267887379 9.286664866908438 9.878215797014763 10.319300330353764 10.637320663377183 10.851556254667166 10.974566952950822 11.013377778186804 10.970257107985868 10.842986852580506 10.624593237070263 10.302568076898453 9.85768102089198 9.262571430342843 8.480394028573397 7.463810666194047 6.1544490574914015 4.482378919733728 2.3637963236521466 -0.3080797701064814 -3.689999333703499 -8.078128669946722 -13.57740577264319 
-14.077990961576324 -8.671047265752572 -4.140837011329818 -0.4946481116184203 2.37992548802735 4.616944183142218 6.332767729212715 7.629882565995606 8.597584083949561 9.311168140010892 9.831356610677055 10.204765246933727 10.465381632518143 10.636614040755513 10.73339638408316 10.763937334360573 10.730854591216284 10.631565540677112 10.457896471275989 10.19494595215283 9.819329376918608 9.29706329082822 8.581504024284628 7.611863897052156 6.312763493378435 4.594883515381188 2.3559220056833436 -0.5199141798733272 -4.165677869059272 -8.692676659499798 -14.093113075251797 
-14.254958846587655 -8.908666342706331 -4.425570996883426 -0.753384061721481 2.158098356765764 4.401328014531526 6.086665186253608 7.324362873569806 8.215535289435207 8.846803172754042 9.287869301368389 9.591590477399507 9.795806451021607 9.926027144289868 9.998181005213455 10.020867094351743 9.996797273194291 9.923289547441792 9.791775168215443 9.586353824615715 9.281532928908991 8.83946237208108 8.207221988633346 7.314963961830575 6.075826243356931 4.388413956628088 2.142395565336236 -0.7720761624990388 -4.4460843459538 -8.928030415832788 -14.268915370924306 
-13.948923406765765 -8.977707209068729 -4.675606386676829 -1.1229463127666652 1.6890486259075808 3.831571333086293 5.408392574808793 6.5328619399772725 7.312792281193645 7.84137194067037 8.193054547633093 8.423334347506453 8.571004131610437 8.661505667596874 8.710288015945897 8.72549744062108 8.70966852803594 8.66029745891424 8.56927173266518 8.42117839483345 8.190605732078735 7.838764296437041 7.310099082786389 6.52997348716903 5.404815293530598 3.826142081468635 1.6797905720893922 -1.1379876431803053 -4.696516447157945 -9.000666024899896 -13.967056626409828 
-13.849588813705155 -9.274334226928959 -5.233413965557879 -1.9001609182124266 0.7232124994656959 2.703002132340336 4.137609467692511 5.138022053254054 5.811703837124793 6.251849912506938 6.532398678790197 6.7076706816027984 6.814890468185174 6.877903401323105 6.910837646320507 6.92098550081364 6.910588866887432 6.8774404456608025 6.814288859998243 6.707055971201547 6.531950505542497 6.251787839135489 5.812235202267969 5.139222198128803 4.139180003071766 2.7038084588207925 0.7202914750051083 -1.912231501040042 -5.257884017070101 -9.307577472707631 -13.877781478563834 
-14.425948639389537 -10.151253183366887 -6.5119006512819375 -3.5494222035640264 -1.2237969471835028 0.5226273033096971 1.775610034718889 2.6356694738140862 3.202065944344641 3.5614099326025235 3.7822154365198686 3.9143489337964223 3.9914969734619725 4.034853019386761 4.056727932867099 4.063363284098474 4.056659404607537 4.034755216149236 3.9914582123610027 3.9145235224301556 3.782841627812258 3.56281875768837 3.2046665496522415 2.639889775019054 1.7817494700449052 0.53045286810408 -1.2161058947338996 -3.5507458480246914 -6.542756470141144 -10.206605738436062 -14.483501079087834 
-15.382430557566291 -11.559158739203653 -8.585313782933419 -6.1336110108445965 -4.19198454757629 -2.7324168946412635 -1.6903039926610877 -0.9822184362034381 -0.5231470919458509 -0.23817156826101774 -0.06801393663001783 0.030227904420034687 0.08524987003428466 0.11486812844581606 0.12927601302080513 0.13356884688341744 0.1292865175931179 0.11493026644550422 0.08545810165581261 0.03075292250115804 -0.06689490964208994 -0.23604162994660535 -0.5194163679808459 -0.9760849004416048 -1.680692387864891 -2.71786075562293 -4.170913019825865 -6.104170159841339 -8.585191353980623 -11.70224971018002 -15.49111126474092 
-15.719546253668563 -13.615890077563934 -11.519521830935256 -9.656018459263569 -8.150453364171764 -7.012250176393833 -6.2005002078303475 -5.652015150868087 -5.299844596812625 -5.084307047267151 -4.95808997014176 -4.887050153388553 -4.84849023950728 -4.828439889818588 -4.818987639071739 -4.81621740316164 -4.8189515362405455 -4.8283299393141865 -4.848218666100307 -4.886455089794256 -4.956900522957417 -5.082097132309062 -5.29596778853207 -5.645490196841835 -6.189753788460839 -6.994506918296608 -8.11973967013876 -9.601262552589139 -11.374670988254497 -13.613705168615736 -16.727355035068282 
-17.18912703849566 -16.689222324205094 -15.310323039728358 -14.026578635795417 -12.973754897489298 -12.174874912757629 -11.605022601070052 -11.220722105490282 -10.974874915577265 -10.825243702777767 -10.73830287213192 -10.689881281635781 -10.663948228520223 -10.650670326888054 -10.644501750432 -10.642708319400194 -10.644469435145002 -10.650577382171644 -10.663728503931521 -10.689411866512021 -10.737375794790312 -10.823526536611197 -10.971851150004639 -11.215578909239616 -11.596394984570942 -12.160128734695139 -12.947325296408042 -13.969249370139407 -15.200033513762634 -15.67334974443644 -17.183188832103713 