Step: 3465.0
9.92140832428644 9.729092831159019 10.30827929380972 10.91115834059341 11.581378902754613 12.247529337711075 12.875941957499291 13.448789609099544 13.957024315387605 14.396252934333729 14.76458769847985 15.061440842933742 15.286812668166316 15.440848282073143 15.523550200391728 15.534588152430846 15.473174589471835 15.33798822077841 15.127135079962645 14.838140650161346 14.467969643382828 14.01307411632979 13.469478566532898 12.832927963443476 12.099165234780774 11.264485730641427 10.32705118936674 9.288510677092907 8.171195810497563 6.802047564104386 6.870034347953419 
9.261995094805986 8.719421496937207 9.1859824064423 9.906572016429655 10.662796269422042 11.401793678779923 12.09248108022074 12.719060782484178 13.273450592129768 13.751801370630236 14.152564570425385 14.475385323938406 14.720430059750235 14.887957743801888 14.978036203063601 14.990351456991231 14.924081617675645 14.777819082492542 14.549531029181345 14.236551651956235 13.835602067716547 13.34283707664583 12.753924299383707 12.064175099982402 11.268776504016497 10.363253774865457 9.344348824285063 8.21314911228105 6.969355087747429 5.7834247401456595 4.948988056468086 
6.265916456203175 7.033536780188966 7.908704048440162 8.824831230570876 9.718989880100153 10.556759921939374 11.323575132671111 12.011247146344873 12.615661907984439 13.135113649621081 13.569283576647553 13.918561630363882 14.18358495326521 14.364914990184875 14.462808008940186 14.477052692261578 14.406859202539566 14.250789898671558 14.006724728754895 13.671855542270146 13.24270406966455 12.715158833266548 12.08452748455379 11.345603612339959 10.492752381976626 9.520016410322743 8.421341766996138 7.190159720355034 5.829280930711835 4.317517419419919 2.2056903179061966 
3.060432712955823 5.168503121973316 6.548919266157985 7.725707427512645 8.77939812789246 9.728949170145986 10.57912119106558 11.331821115478103 11.988266202778828 12.549738146378603 13.017666671800404 13.393509846552027 13.678581080461067 13.873879466652367 13.979943451519587 13.996734599691049 13.92355310782321 13.758984298462599 13.500873589782497 13.146325680791023 12.69172160176353 12.132744460069096 11.464400126426359 10.681009984341223 9.776130534697225 8.742305018009247 7.5703313282714095 6.247872075632956 4.7498338518321965 2.992880209464559 0.8989818131866661 
1.4898374851968503 3.5943921368134495 5.289056299271824 6.680526517481218 7.882744935056369 8.940002145050173 9.872083348680233 10.689034939023726 11.396865115692464 11.999731057092616 12.50084002548212 12.902780883786985 13.20760610949524 13.416807410438581 13.531253150671573 13.551121299267846 13.475844790549326 13.30407708459658 13.033679966167666 12.661731161481676 12.184545011476144 11.597694100361062 10.896011528273162 10.07353827736811 9.123348694412192 8.037109413780936 6.804082476672296 5.408418404104008 3.8223989467300425 2.0097465380769197 -0.06127633761106547 
0.3610514364624289 2.445063388008008 4.2257557364264935 5.747352551131609 7.061899294414716 8.209985867772703 9.215077271389255 10.09113902274881 10.847089961286747 11.489120250812613 12.021828650783377 12.448759126456267 12.772627019999673 12.995389342729373 13.118242640386917 13.14159459591096 13.065034995281422 12.887319538220797 12.606371969727851 12.219303889904058 11.722445996022511 11.111378241933474 10.380937876370922 9.525170832455942 8.537168052075085 7.408688786238529 6.1293843718988335 4.685480201571556 3.059705018376755 1.234510283392849 -0.7994121820307278 
-0.4916999481420649 1.554094795146426 3.3619654419608875 4.947100847281602 6.335493504952087 7.552452885726562 8.61763866074981 9.544817759829655 10.343697695619095 11.021377104151556 11.583245751552115 12.033479486572329 12.375283256280708 12.610989239167662 12.74207973236137 12.76917866651754 12.692038657157035 12.50953905119952 12.219702192115406 11.81972862036185 11.306046165550777 10.674362142147109 9.919701526347549 9.036406731373827 8.018067882108706 6.857353082732268 5.545764321842758 4.073661796379725 2.4312305389667572 0.6111589852252217 -1.3873739111713963 
-1.1607468749731253 0.8476962934310747 2.6579913473190366 4.27387696554687 5.707330931053663 6.973111908463627 8.084987917051224 9.054301955514143 9.889979139076315 10.5990378123297 11.18705698305288 11.658484808354896 12.016804184238495 12.264600790181857 12.403576190312837 12.43453876136416 12.357395258665695 12.171157360910415 11.873970537600364 11.463166683896677 10.935336827988822 10.28641571306201 9.511766529287382 8.606253005524687 7.564291798023795 6.37990350035244 5.046856738806604 3.559113157375203 1.9118533972256129 0.10318441428123674 -1.8638059776218299 
-1.6960742902414143 0.2788620737854011 2.081894632735309 3.7114126986470786 5.171931249065201 6.471283715846325 7.61826828631925 8.621242987676832 9.487571024504204 10.223543308947153 10.834466565113386 11.324753822682466 11.697969605578583 11.956832030264087 12.103190279002304 12.13799766233332 12.06129691223723 11.872229245379717 11.569073536256266 11.149317120524975 10.60975550887385 9.946614945801244 9.155690109510916 8.232491208257022 7.1724042302622095 5.970891671801503 4.6237991732256365 3.127868089162104 1.48153484752486 -0.31401677467111927 -2.2537797562822672 
-2.1296748627658215 -0.183662212622259 1.6087106397661726 3.243159131552839 4.719947246329023 6.04242587724543 7.215613698939429 8.24514075304592 9.136612976831243 9.895290234602632 10.525932373766743 11.032708735724158 11.419120503632108 11.68792292174954 11.841052524791142 11.87957054766202 11.803633633820125 11.612500278973718 11.304577843462457 10.877511229051054 10.328310864508959 9.653514912515297 8.849379364404628 7.912091323547635 6.8380073080108446 5.623930848146589 4.2674584160923645 2.7674272684672876 1.1244754222394593 -0.6583363619269332 -2.574968189183001 
-2.483792591077775 -0.5622739883649902 1.2190146594888045 2.85431831351327 4.341287935020158 5.680245552554412 6.873376126613373 7.924016963995195 8.83611443076355 9.61383552447648 10.26128644864111 10.782292939283758 11.180215841026897 11.457793340177409 11.617012261562438 11.659015380391274 11.584052194409674 11.391478998255694 11.079811565796376 10.646830872322457 10.089739384133258 9.405362763544522 8.590389774346932 7.641642358738742 6.556368975868776 5.332557348576214 3.9692658369513496 2.466971415922239 0.8279217905659436 -0.943541019916203 -2.840740399735199 
-2.775072672800329 -0.8740232080627583 0.8972705762798932 2.532111183966924 4.026330992394092 5.378016170372188 6.587129909891456 7.655097939764753 8.584399284269038 9.378183699954418 10.039922975570367 10.573097886682142 10.980922917743827 11.266113023890144 11.430698295656288 11.475892688586935 11.402022176830704 11.208516197358417 10.893964366208069 10.456238285393344 9.892675792225024 9.20032212546611 8.376219063645356 7.41772902343199 6.322876427428109 5.090683810739225 3.721476437986547 2.2171289004792754 0.5812326456729734 -1.1808249341471215 -3.0618646580949203 
-3.016879719254699 -1.132726640576625 0.6305600683900573 2.2654871062830213 3.766340093824919 5.12929045133515 6.352386567911726 7.43540028844974 8.379543487857564 9.187098855478675 9.861015866569645 10.404514318944685 10.820724425058147 11.112381248576437 11.281583962161594 11.329626139038346 11.25690079541223 11.06288229698123 10.746185979378565 10.304704991668956 9.73582203408269 9.036690812380323 8.20457748402938 7.237245228509259 6.133354458029035 4.892837483047986 3.517193579831749 2.009647935814464 0.37513773300842745 -1.3798646337222809 -3.247622308832866 
-3.2208474560414833 -1.3504288720311086 0.40757720705154304 2.0447183072094313 3.5535713847945876 4.928311675153833 6.165107851668551 7.2622146089457225 8.219772014096346 9.03940537068205 9.72373558947863 10.275884227211199 10.699024192677243 10.996002258209717 11.169045174860932 11.2195538568878 11.1479868019802 10.953832739045806 10.635672271273616 10.191328191303018 9.618103464549815 8.913103778173507 8.073636891880525 7.09767206844369 5.984327100946421 4.734325238904216 3.3503330090603303 1.8370690711989446 0.20109843902011673 -1.549680211780444 -3.4067016679106703 
-3.398188290876815 -1.5386457522980148 0.21775138643917458 1.8610168370465203 3.381327064535047 4.77034241912477 6.022140944813355 7.133529535057349 8.103813795846584 8.934258572654748 9.627442704739027 10.186632838227869 10.615234317837361 10.916342346838356 11.092399712496192 11.144960062060786 11.074553421215247 10.880650975449667 10.561727689498381 10.115423157282018 9.53880231759764 8.828717404935158 7.98226942362485 6.997359341557272 5.873301901035312 4.611440606112097 3.2156375867272526 1.6924369512422883 0.050676709224772895 -1.6995204506253037 -3.5481280435007423 
-3.561183888347914 -1.7097418930767772 0.050372924505156645 1.7062673645663642 3.244155735659352 4.652094430910562 5.921689725608924 7.048443033677844 8.031220597554624 8.871372377553717 9.5718392320176 10.136362057528737 10.568827685733758 10.872755437243049 11.050916782892235 11.105077279104847 11.035850756109687 10.84265878129635 10.52379257811216 10.07657901898707 9.497656284108103 8.783367489486626 7.930281009894416 6.935842650973894 5.799153427659501 4.521836495081986 3.1088794918466154 1.56911588793098 -0.08517350434773059 -1.840017141073912 -3.6825230300953247 
-3.725477497716741 -1.8788881482284594 -0.10637399423837823 1.5731060123116398 3.1384774399095403 4.572455074093657 5.8639019390166105 7.007580400465388 8.002641288650247 8.85118517489344 9.55705764008102 10.12488746355636 10.559341386839229 10.864565829805858 11.04378781540353 11.099051186006752 11.031069604555316 10.839184508079553 10.521423604787934 10.074663140316279 9.494904493235413 8.77768218599271 7.91862566360125 6.914200981362822 5.762660620672997 4.465226943990431 3.027500572467889 1.4609336292825394 -0.2169603276116249 -1.984998053569152 -3.824249116662818 
-3.9143473374668485 -2.067660500759664 -0.26617730665972905 1.4559501112323134 3.064222671777212 4.53363304334401 5.851566553097465 7.013481040831382 8.020013234317233 8.874932266794822 9.58366310529597 10.15220104724172 10.586318579438148 10.89099965959479 11.070052563519125 11.125863242962751 11.059261367507192 10.869481914409041 10.554216205589576 10.10975741765102 9.531256605589995 8.813115946372136 7.949556138544271 6.935405768871046 5.767176735283396 4.444523931272396 2.9722679712856412 1.3632585522723573 -0.35734288996322927 -2.1549872238051675 -3.995582929807593 
-4.171239527718769 -2.309541884049686 -0.4450532974662735 1.3562458837079034 3.027640236441484 4.5425764388153915 5.89075608097371 7.07084167193434 8.086600047330805 8.94458084185261 9.652541789233924 10.218343386742816 10.649179827966146 10.951060906484635 11.128479161131036 11.18421076054279 11.11921298077518 10.932595887751752 10.621660488161883 10.182010137709568 9.607756679922536 8.89185761437842 8.02663505141737 7.004541565437562 5.819257768745842 4.467254366911769 2.9500958870938314 1.27827336049058 -0.5215348266627825 -2.382637090191383 -4.239163318052434 
-4.574139678934127 -2.68458614824646 -0.6345843748254285 1.290272601919066 3.0443767484924833 4.6120161787713645 5.99108869234218 7.18645019297563 8.206789037211998 9.062580806561334 9.764650465693753 10.323173805061542 10.747020779931805 11.043353950137128 11.217402928627331 11.27235012619693 11.209281745891703 11.027177112709474 10.722927311496367 10.291391304184975 9.725515665149087 9.016563364106151 8.154515904939416 7.128727709098954 5.92891943183844 4.546607442192536 2.9771372936233638 1.2227939250163449 -0.7005693337643676 -2.7472772597831363 -4.632305170778024 
-5.742434218998913 -3.1020755167832905 -0.7835293657141 1.2948119421943782 3.140251079916166 4.7602690367703895 6.165265741994828 7.368663603810939 8.385578923506722 9.23139747090281 9.920613034606433 10.466036259334349 10.878341695061426 11.16586280496013 11.334536428108905 11.38791639818345 11.327202522749973 11.151255672802106 10.856589651947456 10.437348329096503 9.885296561667998 9.189878244227653 8.33842170892464 7.316591300862453 6.1091758423491065 4.70124619184366 3.0795741925843836 1.2339542855218881 -0.842902570926756 -3.1580949005580865 -5.792660618859227 
-11.560302743135926 -5.296516615469601 -1.457667586688427 1.4882787820957126 3.8420877722416615 5.73782694715103 7.2604112001986305 8.476299159848358 9.440974851320425 10.200430780194448 10.791511231132652 11.242522325001463 11.574274536365914 11.801326447847357 11.933157323978016 11.975082110494814 11.928819301178457 11.792683161822843 11.561395374374118 11.225519833188327 10.770548199501686 10.175725731547402 9.41280549575125 8.44500756056422 7.226420206099928 5.701681227077427 3.804529641591855 1.4503617419493193 -1.4944041776571146 -5.32963066680348 -11.583378934900026 
-12.647850687773436 -6.716559932900903 -2.0284077748296983 1.5230998111143468 4.259430504720149 6.362888434998529 7.966245834288432 9.177058737369855 10.08447128732705 10.760520073061176 11.260944260529406 11.626847999668682 11.887110632494991 12.061007176146102 12.160545021363982 12.192222128082507 12.158092386089379 12.05612032420002 11.879828283629996 11.617231155630773 11.249074995736098 10.746493485021883 10.068379538662159 9.158974124205518 7.94622409513274 6.341027275131645 4.236016050615283 1.4988424001776623 -2.052084214297933 -6.737116365830266 -12.662286310691478 
-13.067509690316491 -7.18487612417376 -2.3181683765217818 1.5197487371907388 4.4600971595002274 6.667235838201956 8.290820388666212 9.463949038232785 10.300047496358545 10.890657292859453 11.30548502208304 11.594671564166495 11.792374947519722 11.920626135341303 11.992692156745989 12.015553059005358 11.991377791894706 11.91801069353855 11.788486406409358 11.589552883785597 11.299188187137192 10.883224005974172 10.291470669971332 9.454118460017353 8.279480478319142 6.654024528560369 4.444755067797534 1.5025314920224673 -2.3360134184869366 -7.200975045859354 -13.07892422858128 
-13.115852512491216 -7.235888450752188 -2.3884723196968607 1.4848709598926053 4.454896754383467 6.649392518447866 8.219002296866572 9.310569567631623 10.052989660252468 10.55035558849265 10.880773790010853 11.099079352068394 11.24149529769534 11.330588214086003 11.379482157513598 11.394881718355203 11.378834956461356 11.329307722768185 11.23961213957688 11.09664341507029 10.877849429177102 10.546997461421123 10.049183738698108 9.306127924007942 8.213423440005455 6.641775272974321 4.444139604275934 1.4703509989885581 -2.405870971951352 -7.2532019099192 -13.128565425185771 
-12.615766606360344 -7.088850734635625 -2.4066588660393244 1.344854487655474 4.198407041147906 6.2678657945647185 7.704739943582344 8.664280338974352 9.28442392181813 9.675564462756705 9.918675449945212 10.068784869327596 10.160820196553054 10.215587762401402 10.244649864781247 10.253687097594765 10.244396185594077 10.21509753182082 10.16013386345855 10.067975755798985 9.917854728430942 9.674865126456494 9.283936532381158 8.663904083190342 7.703914801458426 6.265182548887506 4.191387861096909 1.3309304694659756 -2.4279081879569357 -7.113203749009417 -12.63528241640587 
-12.37594636161571 -7.243339967694363 -2.8212325311959274 0.7014615655013591 3.3508834450906244 5.241769213425706 6.5244079778827295 7.353865619967519 7.867899698558499 8.175587755333304 8.355369532377498 8.459096975015767 8.51856170144572 8.551954107566816 8.568958632437134 8.574153032689352 8.568874047270146 8.551805764646888 8.518401350931882 8.459025708872229 8.355557856146877 8.17628057829049 7.869374240926975 7.356291094993636 6.527527029853954 5.244284238673466 3.349219586404876 0.6890201619577981 -2.848544985186025 -7.28138678417908 -12.408422166556893 
-12.9178258406741 -8.082020670304976 -4.078123227469258 -0.9446703743406278 1.3958468029383686 3.0501382960596035 4.154847702978617 4.852900210425545 5.271826163537616 5.51209790682936 5.645041210777993 5.716878421108102 5.755207148654443 5.775307381183615 5.7850159279815205 5.787906709384496 5.785001290644289 5.7753028162250795 5.7552761111492465 5.7171511040476926 5.645753038524371 5.513626314468797 5.274699652233009 4.857735813244266 4.162144510833714 3.0597213957781344 1.4055215462005324 -0.9455610900763718 -4.113897345366456 -8.146966207486743 -12.98541147574016 
-13.922772712081773 -9.565435555157231 -6.286589402766005 -3.695251843676209 -1.7475345534795212 -0.3735212233259151 0.5361956394660146 1.1024122131244178 1.4346406977619972 1.6192360858605168 1.7170599078406807 1.7670275096651085 1.7919310706288925 1.804076882453594 1.809589288124785 1.811177123932557 1.809600566611647 1.8041259757789254 1.7920875831575773 1.7674388258751947 1.7180045686069383 1.621191089011365 1.4383510951480276 1.1089504616075077 0.5470056698382122 -0.35656855497327694 -1.722599940280126 -3.6604764450343477 -6.286439618329337 -9.732780140280614 -14.050621831472228 
-14.245849118428568 -11.851337087491254 -9.547536138541027 -7.582915853252279 -6.077412634066543 -5.010707005067173 -4.306660742968816 -3.8721478778495038 -3.62070552600099 -3.483826628900823 -3.413375691769925 -3.37881909027434 -3.3624928136951455 -3.355018464627123 -3.351825897037389 -3.350938272796965 -3.351808255933239 -3.3549585020435773 -3.362324969989268 -3.37840191893475 -3.412434849546613 -3.481874353341485 -3.616934434141063 -3.865280411467004 -4.294666732896649 -4.990157561509449 -6.041264297279984 -7.51840463129343 -9.37856775068954 -11.849308676759568 -15.416874340501408 
-15.92877789500477 -15.37843528939711 -13.867566342646679 -12.516864180903408 -11.465776534325435 -10.718520427540811 -10.22555116918577 -9.922203797242174 -9.747577756852243 -9.65326901398368 -9.6052918229672 -9.582151195820272 -9.571471378347058 -9.566725549072148 -9.564760343680097 -9.564224448617718 -9.564745831023687 -9.566677921452793 -9.571340989662815 -9.581830190131269 -9.60456901331247 -9.651763814983575 -9.744647388277452 -9.91679822177646 -10.215925341312431 -10.701444078886688 -11.434668938500439 -12.449435516858609 -13.738262842959504 -14.199657517926612 -15.923012267392764 