Step: 540.0
13.702417209699641 13.60247649828784 14.056822482531414 14.495895735208455 14.899366793649106 15.219374612442332 15.452721636847855 15.612474825436289 15.716350771844802 15.780940723005099 15.819521719472856 15.841718805854777 15.854005802802675 15.860454570518813 15.863428259872926 15.864088660476206 15.86267687114911 15.858556448816746 15.850003806705793 15.833713805642951 15.803980330981805 15.751536100105184 15.662120744743712 15.515017411330186 15.282069031355215 14.9280387677749 14.413727744267744 13.703076686437777 12.788426950464512 11.573934337867945 11.528804651802183 
13.142844501640651 12.81397304168294 13.27242893071033 13.824369400885264 14.295893410319593 14.660660382848164 14.922836995443088 15.100827206685553 15.215933994354524 15.287239122397347 15.329714865007018 15.354102269068623 15.367580567384717 15.374647281268873 15.377906459445247 15.378638381755215 15.377114118060772 15.37264728885551 15.363368557267162 15.34568871849321 15.313406099278803 15.256438684218883 15.159249956482496 14.999215802917577 14.745453893222628 14.35898679773526 13.795395788182581 13.0124387930779 11.976355438724475 10.801261013175738 9.702605752104766 
10.428275455899314 11.448495902155003 12.36013337638841 13.125575499479288 13.723427409787396 14.16207678782436 14.468268900106 14.672375373657779 14.80277015259377 14.882848566732674 14.930243797909029 14.957321263200054 14.97222958422795 14.980026509858448 14.983624386661793 14.984455575597508 14.982838530942605 14.978047352864266 14.968074884903166 14.949054551651432 14.914291787276392 14.852877840303202 14.747945637988213 14.574801348580918 14.29941952575141 13.87804463415228 13.258798859779612 12.385152104263922 11.207255640841058 9.651985446260072 7.232415847763499 
7.587150428165119 9.981513336073922 11.42284195965288 12.45764270450953 13.205688185205267 13.732927275298163 14.091539208233774 14.326460153672999 14.474687824194747 14.564878663546152 14.617878140189253 14.647986262169132 14.664489834504094 14.673095933061822 14.67707120944587 14.678024017060833 14.676333860233404 14.671245594028383 14.660625496613523 14.64034506738697 14.603238881627723 14.537600941972046 14.425267925335406 14.239506601000496 13.943157305059568 13.487687385026756 12.81366436877755 11.852629417617642 10.523180287761567 8.694399743775838 6.261604429066637 
6.432643686979557 8.854643973479542 10.628993572437583 11.88235291019088 12.768241807665742 13.380855992624435 13.791660405767534 14.057826669369469 14.224325509201025 14.324933992122984 14.383720807985691 14.416960291335332 14.435111551144328 14.44455382864902 14.448922117129959 14.450009830216866 14.448265134374571 14.44291311116669 14.431708672423394 14.41028782167658 14.371060614174203 14.30160450001701 14.182600558696013 13.9855266934317 13.670562164308173 13.185359985738938 12.465306081782737 11.434921374702204 10.008473604203237 8.103476354140112 5.664721940687621 
5.742401323789233 8.175496425366397 10.05277296955327 11.438462082231682 12.42563861463208 13.107709341856777 13.563464041765966 13.857553692204085 14.04078977599732 14.151106581984 14.215352940696246 14.251572738486937 14.271302754431645 14.281551082830703 14.286302043531109 14.287527342136293 14.28574465343907 14.280167378683233 14.268457458047923 14.246051252368343 14.205001041015468 14.132289434097629 14.007661890082835 13.801206318358592 13.471176034167106 12.9628233319249 12.2091091788688 11.134058571236404 9.660805756861624 7.725386143165889 5.2958077088221485 
5.327405285640833 7.753581206630426 9.674395276787623 11.125724863300666 12.176533590206194 12.907833490578755 13.397915547295279 13.714401211116119 13.911534102569068 14.030119096514808 14.099105643024748 14.137952183355562 14.159090463379451 14.170065272715346 14.175165374722924 14.176520972111803 14.174714145683872 14.168952941106278 14.156826132714956 14.13361130452672 14.091079987978752 14.015759820606506 13.886708518727904 13.673054724243602 13.331861966855632 12.807206574458462 12.031607997509788 10.931076053942535 9.434593691056104 7.4876249818124965 5.066647088808241 
5.076918294034186 7.495731257573978 9.434878691374383 10.919604795714834 12.006805456823487 12.769637786703615 13.283475797676225 13.616337159732206 13.824050703524845 13.94912821486368 14.021928154434782 14.062929264789798 14.085241138685005 14.096829623905744 14.102228840310719 14.103699764178005 14.1018796752167 14.095975688440536 14.083522512888953 14.059679484222523 14.016013041416828 13.938729619477767 13.806426014970505 13.587639093298163 13.238801924977547 12.703581607191607 11.914835325896933 10.800310302112425 9.292458859107963 7.341204785291222 4.926667687501857 
4.9280814966396145 7.341233644508243 9.288288068035843 10.78989477166728 11.89723693558551 12.678931219068113 13.207992499507796 13.551930281258429 13.767109840718415 13.896924881580926 13.972583554366018 14.015235799844579 14.038463538255398 14.05053839106689 14.056178339011952 14.057744981362019 14.055919664535168 14.049911240452342 14.03721701212175 14.012913828408196 13.96842827094298 13.889756334900824 13.755210779933906 13.532998362711755 13.179265116304771 12.637617611634141 11.841345178173151 10.719359519750753 9.205996316642384 7.253334394717828 4.843097454764684 
4.841491926764044 7.250862633828658 9.20129460629162 10.711403403523246 11.829617637519052 12.622116305700546 13.16038261548001 13.511346191720273 13.731454781862348 13.864502243098277 13.94216477090812 13.986000237509051 14.009896307843425 14.02233157417656 14.028152716027865 14.029793759791586 14.027968963271203 14.021890192745634 14.009030654711859 13.984413278024933 13.939375136207277 13.859782896752684 13.723785654171953 13.499419855775358 13.142718605462957 12.597337917363168 11.79690154854318 10.67101508264088 9.155006508453047 7.2020000642804645 4.794450218381483 
4.79223168437829 7.199262299394469 9.151134019929689 10.6655273836511 11.789529906407466 12.588040753896996 13.131643401215964 13.486834926321889 13.710007893336021 13.845120186508879 13.9240910358005 13.968712420813883 13.993058401928998 14.005739050386643 14.011685306830723 14.013379860216764 14.011559951257455 14.005440855986809 13.992481677809733 13.967672543916322 13.922296390256484 13.842143629077109 13.705271408758845 13.479629072847999 13.121207431674684 12.57372175193531 11.771012142049031 10.643078420252513 9.125771445071305 7.172737729175061 4.766780477319482 
4.764665240415918 7.170337864501224 9.122891317821617 10.639540570618317 11.766681852707325 12.568527227441637 13.115148897281701 13.472773004551792 13.69773185996022 13.834057345492845 13.913799428039278 13.958883591515049 13.983493399206864 13.996317436925986 14.002337503978726 14.004066104106323 14.002255246850023 13.996123707315261 13.98312403546639 13.95822876852992 13.912690062742202 13.832253136763482 13.694918784023178 13.468581104433929 13.109201338691735 12.560525474807436 11.756517621028278 10.627405942262747 9.109343567703432 7.156277427858291 4.751210421014875 
4.749074347296828 7.1540322741151945 9.10711461577844 10.625223063135516 11.754302205040549 12.5581311390382 13.10647880880103 13.465431401777227 13.691314541254043 13.828229544894509 13.908319795396498 13.953595865731245 13.978305258473787 13.991178938198695 13.997224408857736 13.998968870725152 13.997172404590131 13.991057684880758 13.97807738219086 13.953198660457737 13.907659109595535 13.827175414899859 13.689702680249173 13.463075591608062 13.10319845957852 12.553794575088112 11.748879441796964 10.618833920184285 9.10005309727963 7.146750702057459 4.742122323902368 
4.73927669169293 7.143976969406463 9.097895880947354 10.617538661067876 11.748341205324929 12.553669108499527 13.103083515457932 13.462658052269447 13.688820414246129 13.825803391171641 13.905859167419191 13.951068121792776 13.975713752822585 13.988541376427808 13.994562318152033 13.996304638948422 13.994530587353879 13.988468127504275 13.97557804437748 13.950835491180909 13.905479102158765 13.825208077836749 13.687926781584594 13.461375317036705 13.101327741255298 12.55138432417519 11.745523567852123 10.61425700819646 9.094300508278758 7.140290154135914 4.7357636533259315 
4.73077380491154 7.135669322206448 9.091392693536987 10.61362753327671 11.74686811023581 12.55386069772474 13.10401885967532 13.463615901902871 13.689399076930606 13.825874030388158 13.905457661923128 13.95029892715131 13.97469050104567 13.987360843900449 13.993299842080917 13.995020522412325 13.99328112368769 13.987318053589563 13.97461232328714 13.950167080293339 13.90524595730561 13.825548223148802 13.688918444218443 13.462937462873947 13.103104709209951 12.55268796724989 11.745439748580434 10.611980895472188 9.089602513892132 7.133842567890464 4.729036152753435 
4.718961413044128 7.124796435903727 9.08468325273613 10.61225847716262 11.749920208065229 12.559305107300421 13.109887908881653 13.468642945947295 13.693080723368954 13.828223158960308 13.906728465475785 13.950799024951285 13.974688754474057 13.987060665870432 13.99284664208098 13.994522883182725 13.992835946022836 13.987036444845232 13.974645097486137 13.950726546493236 13.90661400817934 13.828049940003973 13.692829338237 13.468293588600504 13.109423925887057 12.558717561591711 11.749212578201435 10.61145016951479 9.083810518252047 7.123909739218381 4.718119257944296 
4.696580249138479 7.105128808815239 9.074845913668435 10.614044249901134 11.760121969084366 12.572972062664856 13.123018627446214 13.479212032491123 13.700629267561082 13.833133538845658 13.909663955886025 13.952398975744481 13.975454261770563 13.987344741463561 13.992888137920868 13.994492432855075 13.992882203897913 13.987331425506728 13.975430570763407 13.95236023386426 13.909603739917072 13.833043845346909 13.700501086931562 13.479036463402485 13.122788544473487 12.572684154929904 11.75977874551237 10.61365544479138 9.074428723495316 7.1047066041752895 4.6961798063707425 
4.648764472192998 7.06451152698257 9.058742360082473 10.623258021583474 11.784791103716003 12.601205785657072 13.14773014725433 13.497862232641229 13.713373365063797 13.841213357765714 13.914477613596878 13.955108199035354 13.976895735446872 13.98807444677863 13.99326550929637 13.994765143860363 13.993262300269699 13.988067308069422 13.976883192126953 13.955087981770815 13.914446663955557 13.841167948532018 13.71330940675056 13.497775812814266 13.147618292558505 12.601067353254123 11.784627621275467 10.623074238546256 9.058546281999481 7.064313804792925 4.648577178275517 
4.5365113726483886 6.978726641711873 9.033832473578094 10.656033615060512 11.83947273587007 12.654705326967644 13.190258061084528 13.527875350006884 13.732913774140235 13.85318460502923 13.92145558114384 13.959004757055006 13.978995214098521 13.989189239713872 13.993900880560416 13.995258745603943 13.993899170770149 13.989185467603432 13.978988664877697 13.95899434658451 13.921439874555487 13.85316189053628 13.732882220025148 13.527833259839301 13.190204216662881 12.654639373747058 11.839395531643559 10.655947443592474 9.03374103503545 6.978634753233487 4.536424440322238 
4.2778162150491665 6.763176213399522 9.040593769879926 10.752463103754428 11.950789407334192 12.74797681822098 13.257673628227366 13.572470250241524 13.760647551283792 13.869621263655821 13.930809861301007 13.964145564039423 13.981745332510688 13.990656291184758 13.994752169779238 13.99592902492776 13.994751239275049 13.990654253551039 13.981741832646827 13.964140070367419 13.930801681976826 13.86960958971342 13.760631537724558 13.572449139359346 13.257646908050985 12.747944395046998 11.950751756746676 10.752421357641284 9.040549703570356 6.763132139986986 4.277774562324074 
2.994047440013944 6.600889237435062 9.198207998608538 10.983632428947407 12.15294147039969 12.895251160245417 13.355311998245067 13.633514671469017 13.79717699659841 13.890679744136468 13.942549466083658 13.970498561029325 13.985107836078654 13.992440190058078 13.995787270562168 13.996745217594892 13.995786691908256 13.99243892745634 13.985105678771776 13.97049519569619 13.942544488566103 13.890672686922303 13.797167378294304 13.63350206878161 13.355296134427604 12.895231999341378 12.152919305803119 10.98360793599848 9.198182227642263 6.600863548761833 2.994023773408451 
-3.43320653760215 5.961320138489197 10.28835321777525 12.323896667282284 13.212270399360458 13.603844031985812 13.792765821154795 13.891534588350689 13.944277359738965 13.972023104135184 13.986264723061474 13.993393815467694 13.996871889474559 13.998511936627246 13.999223556088774 13.999421253710237 13.999223495630048 13.998511804132598 13.996871661703738 13.993393457726823 13.986264190703853 13.972022344324367 13.944276314533465 13.891533223104657 13.792764132913701 13.603842001988264 13.212267912538335 12.323893655228101 10.288349805411299 5.961316701401635 -3.433208648235738 
-3.8722534602207777 5.338070873262949 10.579586238278479 12.83260978611977 13.624778315579599 13.866311718657226 13.942694039287536 13.972873380031187 13.987040969862628 13.99391920456139 13.997199636688851 13.998730131658847 13.99942911834293 13.999739494221545 13.999867645641416 13.999902205710848 13.999867640635738 13.999739483235278 13.999429099439126 13.998730101842913 13.997199591944975 13.993919144576838 13.987040881277066 13.972873197214591 13.942693920771454 13.86631212789531 13.624779587764642 12.832610990802756 10.57958619306976 5.338069298605278 -3.8722549807145463 
-3.8495029173878965 5.437407566821718 10.735643119236652 13.025002963637917 13.766602995329425 13.948836007362894 13.985686734514099 13.994261441601097 13.997420370315227 13.998841335051857 13.999475719641321 13.999752359155483 13.999870960191153 13.999920670902046 13.999940227811203 13.99994534881993 13.999940227503117 13.99992067021953 13.999870959030108 13.999752357555598 13.999475716025403 13.998841326980363 13.99742041798885 13.994261406875884 13.985685613952581 13.94883544145487 13.766608782095417 13.025022773030056 10.735673524610414 5.437439920554235 -3.849480751740914 
-3.3826470196136356 6.02242449913818 11.108116937424837 13.206753257087923 13.841025516860393 13.976669906747162 13.996792669601797 13.99926364580137 13.99983597877841 14.000077993879517 14.000180559800931 14.000222515114242 14.000239445135225 14.000246159259524 14.000248680381464 14.000249321707239 14.000248680369213 14.000246159245638 14.000239444996877 14.000222515177589 14.000180562294105 14.000077977625365 13.999835933397001 13.99926446215778 13.996792276648161 13.976652509447403 13.841002626028033 13.206773884654902 11.108257154139439 6.0226433801635695 -3.38244716167464 
-1.5251950473632723 7.374843776883175 11.896144872624994 13.52810113182787 13.931585121364755 13.99613986436995 14.002348818480092 14.002769113037157 14.002839708180108 14.002864363220459 14.002874372762141 14.002878350858127 14.002879845383049 14.002880406083333 14.002880607543988 14.002880657271993 14.002880607537978 14.002880406097908 14.002879845495363 14.002878349542945 14.002874376664355 14.002864390964275 14.002839449907441 14.002768729233162 14.002361242978465 13.99613603984095 13.931334957876278 13.527640868900825 11.895706377052182 7.37492385542107 -1.525072449426875 
0.009570602428576 8.43232987985013 12.477457718351976 13.74213228019756 13.978459002485417 13.998885793028164 13.998716983364526 13.998711777370403 13.99873559219623 13.998733999355801 13.998733866848838 13.998733966946467 13.99873396187759 13.998733959753475 13.99873395866552 13.998733958202916 13.998733958667026 13.998733959690997 13.998733962307213 13.99873396635708 13.9987338534269 13.998734102591701 13.998735621354204 13.99870756344209 13.998722659945845 13.999092625821325 13.978458037801625 13.738702819193808 12.469806180307348 8.420777130368446 9.096738995293654E-4 
0.3632197848436147 8.788934828931259 12.586552433644876 13.656941951691751 13.824422741263204 13.830651758237241 13.829051202685058 13.829046585307664 13.829076534388028 13.829073665104263 13.829073405213999 13.829073490884847 13.829073479725482 13.829073478902302 13.8290734789599 13.829073478870932 13.82907347897944 13.829073478782247 13.829073479894994 13.829073494661591 13.829073371604226 13.829073707654192 13.829077851304428 13.829038723073095 13.829012569019724 13.831027618396723 13.827861713011272 13.656943775429779 12.544024999420552 8.714057424213863 0.27716342485275436 
0.23242959304924515 8.553982072681123 11.731173629453487 12.595374765304816 12.72455172180023 12.727198058025515 12.725550840731703 12.72554726526667 12.725576184472096 12.72557365075209 12.725573389929583 12.725573475767217 12.725573467838705 12.725573467459823 12.72557346771404 12.725573467670504 12.72557346774065 12.725573467400082 12.725573467154753 12.725573484034816 12.725573358956193 12.725573475073997 12.7255786890731 12.725544552502578 12.725423474761715 12.727546870130952 12.7322313360372 12.637903120935336 11.731173312681562 8.171940743399237 -0.051142851381301424 
1.7101552733141108 6.149603329227184 8.17898690408648 8.795918142110022 8.892471237471051 8.894775102669339 8.893457379450094 8.893439176242968 8.893463290360707 8.893461566689902 8.893461292442296 8.893461363762391 8.893461358506238 8.8934613578949 8.893461358119335 8.893461358082051 8.893461358138651 8.893461357934065 8.89346135724283 8.893461372542967 8.893461284207135 8.893461192128008 8.893466093848676 8.89344393279779 8.893291470513837 8.894671962079109 8.904063880364072 8.870795537315244 8.56102722695971 6.1496019122600085 -1.2739139989484154 
-1.6443372803891485 -1.2741823956390221 -0.04548132289945247 0.3536732737937138 0.4206591375428755 0.42255817017710534 0.4216407405325232 0.421619748604266 0.4216372209995347 0.4216361347660356 0.4216359135566856 0.4216359651154289 0.4216359618430869 0.421635961299763 0.421635961470072 0.42163596144383386 0.4216359614812367 0.4216359613654797 0.4216359607009208 0.4216359718018772 0.421635915084566 0.42163579630506276 0.4216392634716707 0.42162751228552253 0.42149032674889175 0.4224283048843242 0.4293558651149134 0.43972901717923674 0.23809208916930605 1.7098558542374638 -1.644365332235934 