Step: 855.0
12.975278282643464 12.871625914927225 13.390485305946486 13.922461054660047 14.449660281265553 14.909106382147515 15.282717670661127 15.571758141694676 15.786581854849462 15.940723352588808 16.047727212302025 16.119526515759556 16.1657493484768 16.19355573955566 16.20773161039296 16.21084914624479 16.203366667338045 16.183592713605723 16.14748316894297 16.08828182413349 15.996058741949243 15.85725009633743 15.654357269105414 15.366018751049833 14.967728398132659 14.433555536404532 13.739546220205069 12.869123566047325 11.83462474671579 10.535858470097793 10.49824337945856 
12.384901557050167 12.02947583581375 12.533612286771726 13.185002256162202 13.790591466259125 14.307268466894627 14.722481821716464 15.041597240049475 15.277813276767201 15.446854946300729 15.563988346372298 15.642483569156504 15.692973455028392 15.723335561933476 15.738826716896002 15.74227574914179 15.734202828748966 15.712786865599877 15.673648687271973 15.60946176126337 15.509448889905798 15.358875253847524 15.138703818635202 14.825632834991726 14.392781518498522 13.811350662331927 13.053626612959345 12.099072670722855 10.935884415324049 9.704163983018532 8.645490340539634 
9.583217249525818 10.56855731828047 11.520369680290012 12.388002290207108 13.130177132821917 13.734022967246053 14.207228883620557 14.5655167596772 14.828232392331264 15.015049582568015 15.143927156562809 15.230019867587213 15.285278469963426 15.318478893579767 15.335454858855027 15.339356365712241 15.33080846732275 15.30789414881727 15.265930756372157 15.197054023190832 15.089671233928662 14.927897020318653 14.691137671953864 14.354031092693075 13.886961587800727 13.257318444044927 12.431601229508424 11.377454371243946 10.072392808058366 8.469397231640741 6.099277747237978 
6.622463747233768 8.9735002638529 10.453032101474804 11.594844294564536 12.497805438568298 13.204204355533102 13.744631718626271 14.147610097066734 14.440077926186161 14.646562922946913 14.788270194240548 14.882575075452985 14.942948607144395 14.97918680660691 14.99777459403676 15.002231186840405 14.993322093978309 14.969066830318935 14.92451523595412 14.85130949633313 14.737096411064956 14.5649054837982 14.312656551782602 13.952989197131414 13.453583865976132 12.778024715919894 11.88686616239597 10.73816125180194 9.279818161725686 7.407064626901718 5.031094170938329 
5.329449315847766 7.69956356922532 9.510933193624297 10.87703947722195 11.928903555097605 12.734824300513203 13.342421383406931 13.790700203992584 14.1135225163073 14.340113914376584 14.494932674926758 14.597619201694796 14.663208317672535 14.702550079786967 14.722806430963978 14.727887738806302 14.718722843526372 14.69329661695381 14.64643158076844 14.56933419710511 14.448974136570701 14.26741579069084 14.001267905253396 13.621440672144487 13.09336761667299 12.377706715911716 11.431231278608097 10.20665442362046 8.648980611685387 6.702505804768397 4.327767931649207 
4.49595521568606 6.868397871374979 8.78162007349579 10.28576228026408 11.449656494641337 12.33863654990406 13.005550925270047 13.495253186231972 13.846442385268164 14.092085720079107 14.259439874953792 14.37018771823217 14.44081618145715 14.483173257565966 14.505071953072564 14.510806764338739 14.501477862747512 14.47505892206139 14.426187756794684 14.345703961810992 14.220006718986594 14.03035862128492 13.75231041144914 13.355449596299788 12.80365575477345 12.055949776831039 11.067825752679784 9.792862479718545 8.186202064061044 6.211540480708556 3.8529711203291033 
3.9447388246229567 6.301892046951483 8.257481776959965 9.832367344388942 11.06959775035 12.020117203460575 12.734387421223188 13.258765229286281 13.634467536559043 13.896939787376073 14.075540011970677 14.193602345473954 14.268843727965493 14.31398423338679 14.337419216679114 14.343795009479281 14.33437716492528 14.307145296552742 14.256594611782381 14.173271550193004 14.043122351683213 13.846789338727907 13.559043924015516 13.148582945322001 12.578415796223716 11.807020618220541 10.790387830596625 9.485211040196305 7.853598506308053 5.869544068537185 3.52604274107042 
3.5734682800116033 5.915773399318919 7.888467565838731 9.500965860254157 10.782804848303561 11.77536226003637 12.524566859496339 13.075909184958945 13.471392747124403 13.747813405472975 13.935920265995199 14.060258197078852 14.139503682160056 14.187085502594021 14.211886413112593 14.21885509044003 14.20940581563085 14.18153493071955 14.129633447689457 14.044025775849622 13.910319133957175 13.708708076424736 13.413438355909594 12.992680677206568 12.409079822983905 11.621217769578749 10.586177401788161 9.263306451735883 7.6191100023570515 5.632789968875662 3.3013776806934163 
3.3238201657472897 5.654160626179615 7.633573235093948 9.26622908311379 10.574789340802415 11.594709012983124 12.36824498677638 12.939343753788478 13.349878358301439 13.637216520831245 13.832925193767235 13.96236412650177 14.044906527185105 14.094521291424183 14.120475436184854 14.127962853214322 14.118523535404336 14.090175718572116 14.037238436933936 13.949876233562547 13.813455712588745 13.607867094549178 13.307027948550697 12.878837273176856 12.285866474501955 11.487040856702002 10.440465410395642 9.107369386460102 7.4568711430030525 5.470922444394171 3.1484758984573067 
3.1574380215315814 5.478971011016286 7.460716664504533 9.104318339810854 10.428792708131498 11.46609232281733 12.255923354048797 12.840839916790822 13.26226623804429 13.557715193642895 13.759185730503662 13.892550483764632 13.977660657712661 14.028875517438092 14.055749790605415 14.063666260154088 14.054265488081004 14.025588399611678 13.971906823948592 13.883274805810217 13.744894505041199 13.536456843153847 13.231683499561129 12.79834870535419 12.199073900178323 11.393140386630566 10.339434775018768 9.000424026408226 7.3467735203931905 5.361933757801982 3.045830664622992 
3.0478738206497686 5.363260261532286 7.345633620130765 8.995333953910118 10.329370212488268 11.377615298827799 12.178107971010972 12.772355915861366 13.201325673185218 13.502500599437349 13.708095529890976 13.844297669484558 13.931276678370514 13.983664144579498 14.01122159434942 14.019470909229533 14.010129216378727 13.981258062874208 13.927099565428183 13.83763292503353 13.697948298366011 13.48760356446198 13.180197231369158 12.74344147952864 12.140028142916808 11.329519996211339 10.271351766048411 8.928794188489164 7.273457920673655 5.28966427238388 2.9778769390870075 
2.976431639794361 5.287722282303605 7.270275377390045 8.923675810599391 10.263725139597245 11.318997067639637 12.126440004139008 12.72683734261199 13.160808694850893 13.465785183940538 13.674110101473469 13.812178605270455 13.900377948151808 13.953528501927385 13.981536361803302 13.990021700553823 13.980757225747071 13.951821721087141 13.897439267059438 13.807537829529759 13.667126698488559 13.455662784306359 13.146644681173004 12.707723160510895 12.101620425634133 11.288079751377998 10.226906375644278 8.88192183486175 7.2253853804628685 5.242214133620979 2.9332390504458843 
2.92968644355985 5.2384084540068425 7.221385846201305 8.877621842547791 10.222011763865561 11.282179007102522 12.09430455538291 12.698696306020718 13.135784050154045 13.443018890384918 13.652880322324442 13.791938987938597 13.880748703652838 13.934265176243873 13.96249344478635 13.971119506355564 13.961954138596388 13.933090156973782 13.878742076613625 13.788802012542046 13.648213311652885 13.436336209786106 13.126551097720103 12.686395799244252 12.078533856182249 11.262770015786812 10.199151693655903 8.851941557751909 7.193979154865097 5.210756462744081 2.9034860333809136 
2.8976770473125013 5.204998208738702 7.189235140287604 8.848674719272076 10.197201648513875 11.261494175747053 12.077095631557208 12.684043780051583 13.122787610645645 13.43095668114649 13.641255106730934 13.78045569336201 13.869264886084402 13.922740896973272 13.950952502104643 13.959624107261574 13.95058973540493 13.921954704282843 13.867932968707516 13.77839387521542 13.638221135227221 13.426662497209735 13.116924692649189 12.676324706117567 12.06731136447785 11.249580842698661 10.183304002220911 8.833188536766267 7.172810615159288 5.188493011772072 2.882060569202446 
2.8722938753511866 5.1792466057032485 7.166456122326095 8.8309163617147 10.184877696992993 11.25371705985171 12.072345332167668 12.680790165709416 13.119854138796395 13.427622520440707 13.637194040782164 13.775615670714872 13.863752854425062 13.916740005872247 13.944675134245715 13.953293231283737 13.944437670241141 13.916228018422531 13.862892171662047 13.774295903189175 13.635272286675615 13.424932261940018 13.116221594822507 12.676059304644692 12.06641057558674 11.246559641548936 10.176598459667035 8.82175576060548 7.156792728483819 5.169569199421843 2.8631487440742207 
2.8454390743710642 5.153275692572722 7.146923545447627 8.820563160471872 10.183259281807999 11.258260350382018 12.079891546979587 12.688708479594032 13.126481608175402 13.432204575092054 13.639621744208968 13.776148927586549 13.862812230776614 13.91478282778793 13.942141245363498 13.950597755152359 13.941989731506242 13.914457774559216 13.862269856367627 13.775324785960295 13.638433643773592 13.430558546366488 13.124281977860845 12.685872427384806 12.076367298686511 11.2540465789492 10.178421788793342 8.815244127275642 7.141339172162938 5.147700128049029 2.8401758190636803 
2.806212494626227 5.117204201892983 7.124635209994484 8.816093779985554 10.193856668274476 11.27777716017741 12.102179766903308 12.70948610433544 13.143534581473544 13.44488955734918 13.648238468440269 13.781435923106514 13.865626954511065 13.915941088458556 13.942367261991253 13.950540496784534 13.942272804039343 13.915739406971053 13.865292835873884 13.780932633782998 13.647519811839908 13.443903660518503 13.142229877533977 12.707819572148324 12.100126830439082 11.275341857409957 10.19108000913523 8.813057925228193 7.121461484383637 5.114044063413092 2.803232226940112 
2.735571369079766 5.054743702060605 7.093088078579164 8.819836502738946 10.22355308502687 11.319279572211482 12.144629585275867 12.74667908419289 13.173032787513307 13.466614336592919 13.663285611052915 13.791298605073282 13.871778336954195 13.919665822378555 13.944742124096086 13.95249456516897 13.944684300871643 13.919542925832939 13.871576132754791 13.790996555557625 13.66285822860998 13.466033493028718 13.172271170648038 12.745714764824 12.143451313656147 11.317892035353516 10.22198104521374 8.818126643313809 7.0913075883671235 5.05297528036756 2.733905082805408 
2.5898548228649183 4.936453586174916 7.045474032853392 8.845594799786227 10.288270519479338 11.395417553334935 12.215709482051828 12.805351843333819 13.217721904398205 13.498698588286512 13.685260815895957 13.805781008888442 13.88106877621606 13.925636351756017 13.948889055896469 13.956068967378283 13.948853855888242 13.925561861267864 13.880947009424569 13.80560054892622 13.685007672916099 13.49835758064523 13.21727863442712 12.804795213724733 12.215034521690718 11.394628133821456 10.287381407936364 8.844632472174807 7.044475809643998 4.935464621802996 2.588923880967295 
2.2814398432471448 4.673408232359004 7.0130641259748145 8.930349854032851 10.41670758502455 11.524687337694806 12.326058547985632 12.891107977353967 13.280329058139305 13.542343856379329 13.71459294183522 13.824932109559596 13.893365378026603 13.933636106446764 13.95455674052953 13.961004341209078 13.95453469159371 13.933589615401676 13.89328979554603 13.8248208420589 13.714438000211278 13.542136701968895 13.280061770690427 12.890774698965316 12.325657060581946 11.52422053561835 10.416184545433902 8.929786226496008 7.012481661786525 4.672833645386106 2.2808994336678605 
0.9814017476055782 4.416225618655272 7.09640142312039 9.143220190064486 10.649779582155182 11.728717465943063 12.485911201453106 13.008315606797648 13.362514025654106 13.598054583059064 13.751321815673338 13.84861733972642 13.908476537163557 13.943460702695237 13.961541591432022 13.96709936052628 13.961526190603653 13.94342827178993 13.908423917488689 13.848540066952362 13.751214506473854 13.59791152085458 13.362329958888258 13.008086728169948 12.485636211686952 11.728398551323659 10.64942309847866 9.142836878914583 7.0960061571240365 4.415836913311171 0.9810458926460836 
-5.549642486563741 3.1873476507718697 7.784578607049964 10.475318304931289 11.994399895240184 12.833448057232882 13.304090014485148 13.579179360818854 13.745945608538682 13.848453852353588 13.911061258816975 13.94861234070045 13.970541793425992 13.982785093266093 13.988893339058867 13.990735034224494 13.988890456567542 13.982778992460721 13.970531820438644 13.94859756535577 13.911040549447867 13.848425981973834 13.745909378789065 13.57913379006381 13.304034683314502 12.833383625148551 11.994328391765501 10.475242856715509 7.784502607470926 3.187274980013094 -5.549689909824532 
-6.2022722230955205 2.3501238005694107 7.984900786865973 11.107058134350499 12.666984073904372 13.379016501024147 13.692311037367233 13.836195409497591 13.909003773461452 13.94898894344424 13.971675240982922 13.984508926171463 13.991622362862707 13.99541469941321 13.99723945353888 13.997778606231545 13.997238985236368 13.99541370408723 13.99162072567293 13.98450648310468 13.971671796833846 13.948984294755778 13.90899759039935 13.836186732133191 13.69229791841951 13.378996799191745 12.666958007870694 11.107029505749944 7.984875521827368 2.3501058003019626 -6.202283617977666 
-6.210134191098901 2.4429782384455776 8.22531360125612 11.466441460408326 13.003122755771077 13.630758719828645 13.859090773030868 13.939459909408127 13.970571273275139 13.984817655858198 13.992135729272112 13.99602140714602 13.998065559546466 13.999106289240641 13.999589012987924 13.999728685939553 13.999588947594406 13.999106149872723 13.998065329263301 13.996021059847406 13.992135238804075 13.9848170764434 13.970570771178036 13.939457920709645 13.859077499014658 13.630711336846353 13.003011380682292 11.46625393025558 8.225071224242393 2.4427400578109606 -6.210310246901914 
-5.708943617048365 3.111336583468104 8.768440770664077 11.848682417871869 13.241563596975741 13.76401100683425 13.929172431550233 13.975611624431325 13.988928082827364 13.99362133248139 13.995710861452961 13.996742574912256 13.997257930797675 13.997508801932023 13.997621013988773 13.997652803102916 13.997621006261253 13.997508785441015 13.997257904064588 13.99674253310709 13.995710778736406 13.993621290452127 13.988929262928837 13.975616651913873 13.929164805342596 13.763889323255198 13.241116178975401 11.847668828984592 8.766850401057232 3.1095018515944712 -5.710329928984252 
-4.009465297174506 4.454528010096864 9.743957790987208 12.41987361518534 13.50552210331933 13.857305770689164 13.949030124215223 13.969060640517329 13.973247218361745 13.974339300532565 13.97474647651392 13.97493102988293 13.975018304662452 13.975058862320278 13.975076318599337 13.975081152307684 13.975076318043772 13.975058860945188 13.97501830286212 13.974931033462232 13.974746449299303 13.97433900649759 13.973248095926916 13.96907745128336 13.94909648182904 13.857271687895917 13.504499730016912 12.416423323246471 9.737050659743343 4.445603878558045 -4.017045798885847 
-2.6218004566052815 5.473463056311017 10.406148889254542 12.717170682603037 13.546943417275306 13.772128768226986 13.817258960725654 13.823933468052466 13.824787801586 13.824944735870067 13.824992174209077 13.825010217632368 13.825017924268943 13.825021221613351 13.825022532508665 13.825022877765457 13.825022532562873 13.825021221458394 13.825017922805774 13.825010230122635 13.824992210970478 13.82494411076904 13.82478577380073 13.823959991992622 13.817494350318277 13.77290956766771 13.546887185468822 12.709387823806274 10.384244559127394 5.438258227828754 -2.652513272304718 
-2.370689122256932 5.672667832313447 10.274729865430574 12.282266937720983 12.94937223371558 13.109479857138437 13.134811513550257 13.136936328932764 13.136974578484734 13.136986547944954 13.136992800801123 13.136993815189461 13.136994113465214 13.13699424914414 13.136994294313556 13.136994304504375 13.13699429439089 13.136994249178889 13.136994109825359 13.13699382724539 13.136992941918514 13.136985744336917 13.136967433997308 13.136963385124107 13.135337094646921 13.112272968270545 12.957028777057518 12.282260015548601 10.218679339077898 5.564511917853855 -2.488418969558768 
-2.847014847450116 4.907391877087393 8.731522361944206 10.36277691108156 10.892610013360931 11.013276272499896 11.02991423104261 11.03059843745418 11.030459371611776 11.030453108738458 11.030456455998623 11.030456499011162 11.030456427047596 11.030456428271432 11.030456427579233 11.030456426872462 11.03045642765145 11.030456428622907 11.030456421894783 11.030456502780948 11.030456698458776 11.030452493568486 11.030446705726376 11.03061054827107 11.030698068512432 11.018947352783572 10.914331733052736 10.41882521518373 8.731523635585141 4.54807740987244 -3.1277845110295632 
-2.1303038019459497 2.052743288219821 4.5911321733233095 5.7765801890346395 6.170009674591266 6.259601217320391 6.271450112096115 6.271727270956343 6.271577603271015 6.27156994378602 6.271572793309341 6.27157284969599 6.271572788931208 6.27157279193427 6.271572792682984 6.2715727924535525 6.2715727927313525 6.271572792496359 6.271572783707325 6.271572844000306 6.271573074832886 6.271569680265016 6.271562620302076 6.271718280992333 6.272322811330838 6.266952125956837 6.205013915607403 5.884732233631623 4.950464016392997 2.0527485019911977 -4.677772549247638 
-5.236329369554056 -4.672550212702183 -3.087298230364109 -2.3022222659762512 -2.0334404712851293 -1.9717183212492375 -1.963567455920664 -1.963408651305099 -1.9635209604756512 -1.9635269475807378 -1.9635248684149693 -1.963524816496491 -1.963524860307356 -1.9635248579377547 -1.9635248572444535 -1.9635248573847939 -1.9635248572156034 -1.963524857440027 -1.9635248643146028 -1.963524823915337 -1.9635246416963494 -1.963527017397656 -1.9635333013360976 -1.96342185776267 -1.96288034376345 -1.965369030962193 -2.002897717580996 -2.184490670487682 -2.80654690550283 -2.124723757859451 -5.236014202908948 