Step: 2430.0
10.772878034431407 10.612184673764812 11.195070567211964 11.811377103714243 12.48511305492262 13.144024677601543 13.755255846982 14.302892020460453 14.780375618989767 15.186107036737047 15.521075363004218 15.787462993057483 15.987766560548145 16.12421051173098 16.198343502683567 16.210762071375537 16.160932611466116 16.047095706932737 15.866243201385805 15.614161499773019 15.285536724395584 14.874120494279081 14.372962307544226 13.774731781525377 13.072196536957403 12.259011201750788 11.331327950120665 10.289991449704198 9.158342702887849 7.785224133285755 7.818066547098624 
10.129677985550712 9.646510658793444 10.145740601412212 10.882936210076894 11.644196006325462 12.375890883099695 13.048255220711225 13.647676615878122 14.168826134714495 14.610910162952313 14.975514947805276 15.265299189487497 15.483142862716077 15.631564334501356 15.7123112311555 15.726076648151194 15.672315136191424 15.549144119409632 15.353321710249839 15.080294303746534 14.724308758647236 14.278586125199398 13.735559215336416 13.087189675859696 12.325410981092933 11.442828187340606 10.433882145332358 9.298302895924813 8.036721888282424 6.814630952998903 5.9135861930844085 
7.1789299391203025 8.014342207177055 8.934231004056535 9.875137840982292 10.777374606526209 11.608753207747393 12.356728229873049 13.015739122996985 13.584755917220777 14.065422742650679 14.460828256249107 14.774625459418557 15.010384117353976 15.171105200710898 15.25885811291517 15.274519024228326 15.217598117579543 15.086148128245547 14.876748249704095 14.58455753047813 14.203431137822975 13.72609199186057 13.14434998204065 12.449361913756425 11.631928789364807 10.682821533949085 9.5932083340462 8.354394414728834 6.966794878002273 5.405645042655658 3.21808754981605 
4.027478298053272 6.209799512171671 7.642005836705455 8.849445532708934 9.914756924356803 10.859321383187181 11.690572731586157 12.41346483681296 13.032642186444448 13.55303956186533 13.979771171560152 14.317808663534574 14.571616339644162 14.744811509596817 14.839877926627816 14.857944782768461 14.79863688138092 14.659997700664924 14.438483980943985 14.12902737662532 13.725155169877201 13.21915753205086 12.602282183872665 11.864925546470351 10.996763275924739 9.986705434515637 8.822325095469072 7.488451962675947 5.957407215621075 4.143588564285076 1.9677507451242493 
2.515959335795345 4.700150996553404 6.452016823834285 7.878659680758258 9.09556346338321 10.149325919858526 11.062617902077706 11.848848548844565 12.517757805262544 13.077444695784315 13.535070611617527 13.896983359384633 14.168600336859914 14.354206743807444 14.456746113312162 14.477643315737987 14.416681314066551 14.271942160195218 14.039815472171584 13.715071700965213 13.290991541997476 12.759535596120953 12.111527805148844 11.336807891327092 10.424272332006586 9.361639508964197 8.13461787549771 6.724310694116115 5.100568444831074 3.225525595113397 1.0670837085254101 
1.4487716774567143 3.617668749214981 5.460260582765016 7.020844032248704 8.352710756798404 9.498662675372525 10.485143499319792 11.329689260520611 12.045204181262639 12.64208245692503 13.129131406826914 13.51388929722699 13.802643189698186 14.000313588567343 14.110298622738556 14.134330653855518 14.07237553657537 13.922590826243951 13.68134964094631 13.34332921763449 12.901655902835673 12.34809004402731 11.673223286051835 10.866644347357964 9.917002107663954 8.811851989723127 7.537085221679179 6.07579816250352 4.408411912327714 2.5161079390442938 0.3895708125512614 
0.6588103543822775 2.794676037140734 4.6688278813506825 6.296368836797146 7.704406143957907 8.920422615377232 9.967129917521355 10.862027097664921 11.619021149615829 12.249650903222514 12.763751744667832 13.16971697669987 13.474521098775341 13.683623241326483 13.800829375428622 13.828163851978719 13.765781782159856 13.61194052996448 13.36303876091471 13.013723430673144 12.557057637494495 11.984734520025775 11.2873136846576 10.45444675148319 9.475049380103284 8.337376585373194 7.029016309304647 5.537138933306358 3.849675961344308 1.9581920539976747 -0.13797555314519974 
0.052726659282327115 2.1563623180717446 4.037122984450364 5.698577308891367 7.15376435215332 8.419623901742925 9.513057193400018 10.449286235524372 11.24162856492542 11.901759786765773 12.439926463249693 12.865005535959119 13.18443803622437 13.404093031041052 13.528113047686956 13.558780213324637 13.496430371709717 13.339432225062966 13.08424001722328 12.725520885484475 12.256351232885118 11.66847003515796 10.952571196133619 10.098613534783496 9.09613049678957 7.934545793357791 6.603577511811994 5.093927723273171 3.398526979690924 1.5144201662786043 -0.5550599127777169 
-0.4203276457726342 1.6548203843689 3.532328846133805 5.210366080449048 6.694494867949834 7.994767339132022 9.123209046160595 10.092202729663882 10.913688219205097 11.5988196944246 12.157782587309292 12.599620378307174 12.932035981759523 13.16118056078605 13.291456660395815 13.325362052319528 13.263395109576098 13.104035755665363 12.843809413582367 12.477435203727609 11.998053886616155 11.397525853742 10.666785592527637 9.796238500688684 8.776192969137893 7.597342241708049 6.25134743913229 4.7316070908355075 3.034278728730067 1.159502465751517 -0.8874193450071443 
-0.793098081191315 1.2579950474630714 3.1286627092549635 4.81436424675186 6.316419007441202 7.640452805288599 8.794817634352533 9.789318446870451 10.63432105036451 11.340150406102618 11.916650404313492 12.372815968038312 12.716460323078016 12.953915405555778 13.089778805001398 13.126724205297684 13.065390199036424 12.904358100845123 12.640224546632458 12.267769786403617 11.780217806014768 11.169579951181932 10.427070227010521 9.543579361649641 8.510198319493432 7.318791637216342 5.9626335384416 4.437123006778274 2.740570310389257 0.874987933074075 -1.1532563517518855 
-1.088467964551632 0.9428022221280083 2.8059810934047853 4.495029380342569 6.008671633619924 7.349572532707615 8.523366469968872 9.537723525968808 10.401538013482268 11.124245876025494 11.715242083204894 12.183370220137848 12.53647239483883 12.781002116161755 12.921710496364941 12.961417902260536 12.900881608109199 12.738767001506394 12.471726409727163 12.094585926737642 11.600636690448964 10.98202283263455 10.230213992046853 9.336546454298766 8.292814553649634 7.091893406743184 5.728374086505016 4.199189381239879 2.504198007615796 0.6466772220211583 -1.366344165465697 
-1.3235893263207592 0.6916451068737824 2.548168281611869 4.238970925421773 5.760980264128823 7.114699010973911 8.30366505827262 9.33380573981502 10.21274696718007 10.949120052580277 11.551895512297149 12.029765518151102 12.390592948603915 12.640942604081662 12.78570766113795 12.827841634633238 12.768203297077209 12.60551941521811 12.336467772903756 11.955880460901199 11.457064369972116 10.832231713104683 10.07302777824851 9.171135718586896 8.118929190817944 6.910134035016311 5.54045225331742 4.008098860272336 2.314208317135913 0.4630830001547461 -1.53772271092559 
-1.5121809707255573 0.49032541216566 2.3419020816646743 4.034709004932832 5.564141736870241 6.92886232019863 8.130627999821188 9.1738971973222 10.06524685452798 10.812671425680232 11.424841547225455 11.910387928889305 12.277256415063095 12.53216269158473 12.680162768473389 12.724347756176632 12.665667183800009 12.502882931224654 12.232654733642004 11.849757245846433 11.347426901228188 10.717833255763068 9.952663015704326 9.043794252172919 7.984022437777163 6.76777974893228 5.3917698124230835 3.8554335798865673 2.16118264258943 0.314389908512956 -1.6768024596369286 
-1.6660673998247522 0.32659866555117184 2.175677540730896 3.872312868566921 5.410184138948806 6.786021821071786 7.999847221793223 9.054812189267889 9.956672814066028 10.713026908817747 11.33246091091216 11.823717928573252 12.194955322509651 12.453126618256766 12.603502235204681 12.649332911394197 12.591655255682868 12.429237966162393 12.158668096601952 11.774577957666684 11.270013568913232 10.636943652111173 9.866902195618719 8.951745205761078 7.884480332374843 6.660093902485141 5.276258233902759 3.7337730080616707 2.036618234751197 0.191601049754541 -1.7922556270226204 
-1.7964994106811238 0.188927476725297 2.0389475846246343 3.743059285520711 5.2924779334117416 6.681456733430375 7.90808363818577 8.97431788955146 9.885388261500333 10.648843024849096 11.273505094033723 11.768489380154422 12.142355661126903 12.402424041916849 12.554256841659505 12.601300983382504 12.544682791464918 12.383149004326565 12.113151604564468 11.729078294422557 11.223633878095272 10.588379026592067 9.814429812712449 8.893310707925664 7.817929920093119 6.583600023795495 5.188944873973879 3.636440807735815 1.932308323611578 0.08564311919093982 -1.8929633190053163 
-1.915699542067586 0.06506368624185632 1.921251550305626 3.639213106811331 5.206009160477032 6.612268863410854 7.853795646619247 8.931583473637984 9.85082630485667 10.619547499615324 11.247259176137023 11.743796069365484 12.118366084112283 12.378816011507078 12.531094273195473 12.578889035120506 12.523423206611533 12.363394242793797 12.095054372171061 11.71243482994704 11.207725154897044 10.571824599313208 9.795085378750834 8.868263553496119 7.783676650159867 6.536523946751423 5.1262244171458375 3.557364266183121 1.8396322162136012 -0.013832793039806356 -1.9893340762223586 
-2.039305088942934 -0.06002111289614675 1.8112354098390342 3.5541882696579687 5.148120986387158 6.578208650159005 7.837785915049705 8.927622145616528 9.853765387407636 10.625496924626406 11.253622687163476 11.749126154564173 12.122146216117432 12.38122931952712 12.532805978144294 12.580849695885043 12.526687680053119 12.368944943863907 12.103615463963825 11.724265891998577 11.222389258100486 10.587938122136135 9.810077711092791 8.878207439771101 7.783300060532523 6.519594056000448 5.086614674615269 3.491298823546901 1.7486862146704432 -0.12037929733586224 -2.095602537419469 
-2.191005602233305 -0.20801852621666778 1.6958954429116389 3.483766625025576 5.120378074724731 6.5829586741909445 7.863952807955276 8.965675008116818 9.896489078706747 10.668010701201855 11.293079962826756 11.784305641390956 12.153042554808282 12.40869278877622 12.558244893846616 12.605987705761638 12.553356671902142 12.398889067920006 12.138280337546258 11.764548543323079 11.268329712066631 10.63834527899346 9.862103999125592 8.926923268515376 7.821378226303668 6.537316857300081 5.072639319145412 3.435095760080113 1.6476042116949463 -0.25454017281192265 -2.2343705746104083 
-2.4162790443240585 -0.4132847990496149 1.5601898672894448 3.431985419505486 5.131743721903352 6.635710604764554 7.939951684740299 9.05139815736063 9.982740591142496 10.74922665079906 11.366528761877335 11.84933498641005 12.210445716954043 12.460214906507437 12.606216380847114 12.653053933496832 12.602265909808473 12.452298967122854 12.198543162115778 11.833435517737673 11.34665668323439 10.72546929264726 9.955278681511787 9.020534869689843 7.906136681869069 6.599555154070368 5.094022908023292 3.393623414439489 1.522223642412277 -0.44978530538017203 -2.4502705683415944 
-2.7983729733216083 -0.7608215899093955 1.416534009768987 3.4199832011042544 5.202102325350569 6.752309874489263 8.077381493327477 9.192645467193836 10.117360071489108 10.871720155440379 11.474940755663878 11.944111020312777 12.293571423769896 12.534610222420477 12.67533188471418 12.720606950645376 12.672056388198515 12.528050512848598 12.283717104456581 11.930963453585681 11.458531666202449 10.852133636497758 10.094755865966103 9.16728122791274 8.049631699317269 6.722679030490468 5.171229877423706 3.3886374430675157 1.3855912293864971 -0.7904151093666381 -2.8258974914503687 
-4.013928646886327 -1.1488906161199257 1.3258905099944585 3.4927168344064903 5.363290333072995 6.954969803432786 8.29106556928697 9.398645085433484 10.305506355439958 11.037844624080964 11.618844008677247 12.068041728546312 12.401180508231166 12.630292067667853 12.763842913837172 12.80685951832933 12.761005879161967 12.624610964587694 12.392647317547556 12.0566589255632 11.604640273499434 11.020893119732062 10.285943740314865 9.376689685235473 8.267033709921629 6.9292896760797005 5.336512325176858 3.465518296349925 1.2990749031493012 -1.1743929014342755 -4.036880942807128 
-10.083229774316905 -3.1614105038516094 1.0097253493585545 4.097866949059246 6.449136732304993 8.240055791293269 9.596338483037169 10.619117412355937 11.3894175484476 11.969452568026119 12.404817566779078 12.72767349990447 12.96007064210455 13.116725969309105 13.206991736908261 13.236065459733503 13.205614062024187 13.113963922542538 12.95591406840457 12.722114528865601 12.397857244255963 11.961105979641331 11.37971537564715 10.60810497126268 9.584079689351073 8.226655774318532 6.434795239256992 4.082961278939171 0.994912821320298 -3.175020232698412 -10.092745271082702 
-11.052613490035982 -4.401193800934275 0.7323742366148615 4.462405424194028 7.1713876572471 9.108396411514486 10.470465911243888 11.417324536832451 12.073501245565687 12.530295209134655 12.850642907892391 13.075723746423229 13.231449885318337 13.33365093541655 13.391619474502399 13.410226740704884 13.390988720669604 13.332385271831287 13.229542804995464 13.073169091727175 12.8474360774725 12.526428519562787 12.068948462918247 11.412014755244375 10.464262649932929 9.101119157796479 7.162919170712269 4.452891438104779 0.7224545738527712 -4.410183241698149 -11.059032066225388 
-11.305028523940035 -4.621079536272873 0.7416471933742645 4.769903788380932 7.654383657156102 9.643786610079525 10.970655283219676 11.833479002457983 12.38711865422501 12.742518598239476 12.97326474292937 13.125080179448654 13.224970369715116 13.288302967624915 13.323492980806622 13.33471271363717 13.323221893452 13.287759370999842 13.22415304662299 13.123990514024696 12.971906798961598 12.74088938313213 12.385176190784362 11.831078025781753 10.967465801541083 9.639270227565476 7.647950327873698 4.761322552684612 0.7315676539163941 -4.630896272949091 -11.312193529358401 
-11.127234740411522 -4.350237744452257 1.0232972882217177 5.077678470162269 7.955114241503663 9.884613694466834 11.115796036546449 11.870267680010402 12.320317226754618 12.586295792298213 12.744944770731683 12.841576387944981 12.901360336328116 12.93766557511219 12.957322246653213 12.963527367622854 12.957215503729762 12.93745290107335 12.901045888118748 12.841172646087957 12.74447739317153 12.585798156677336 12.31979084240807 11.869572728486538 11.11445152656698 9.881593005780852 7.948950281892752 5.0672002955760815 1.0089240290254193 -4.365641041352615 -11.138829263866812 
-10.255974842414995 -3.7886545627418142 1.4338436673957515 5.338980497604089 8.049091005671205 9.802046791865274 10.864847932173637 11.473783313619434 11.807792025432965 11.986649808382738 12.082549328331808 12.13528637459193 12.165267033724799 12.182415474935977 12.191373781769032 12.194160527564936 12.191341712673346 12.182353521976436 12.165183633458637 12.13520625552955 12.082530394433174 11.986798265630899 11.808242384472795 11.474569653416788 10.865562405598657 9.801221106056895 8.043690676130591 5.3254685980407945 1.4110807661423015 -3.8159714835404053 -10.278221283383157 
-9.715884080445116 -3.624723574494448 1.3410504135791583 4.994716396626304 7.468920621900528 9.018992436620357 9.919136578892623 10.406012868858255 10.653722343829132 10.774360593750574 10.832170022099115 10.860391876576394 10.874804061196777 10.882416998172607 10.886207465742547 10.887362895338992 10.88619966559926 10.882404272539917 10.874797842299447 10.86042801915846 10.832341352242224 10.774864933557955 10.654894667128888 10.40824759588272 9.922514236694623 9.022357118511426 7.467974703277107 4.980765034255537 1.30816129316689 -3.671820819561096 -9.756402026137467 
-10.126809592858926 -4.300040241222487 0.23671155042745287 3.4840956497260636 5.646552761784204 6.973046625247776 7.720623320989978 8.108238427278929 8.2941510228121 8.377633453764195 8.413543786619696 8.428907480919847 8.435745119573667 8.438967904730674 8.440460488095646 8.440901296280758 8.440459398204066 8.438969230057564 8.435763382497937 8.428990702335636 8.413824680426936 8.378420839073696 8.296046634709251 8.112197139004017 7.727764894439301 6.9838113097495995 5.658559964637725 3.483399516829649 0.19117956573213038 -4.38389438593302 -10.214183411566545 
-11.149691050804371 -5.821515521908869 -2.092806681706348 0.5854355741609608 2.370136363171142 3.4555485940194375 4.056757140773557 4.360056400754945 4.499710914671654 4.558757285268421 4.58200808599547 4.590789343179073 4.594132401927266 4.595481276358098 4.596039794561147 4.596196380441094 4.596040330300554 4.5954861746571 4.594158023035889 4.590891728083759 4.582348586371913 4.559731773281975 4.502153220870445 4.365480648327618 4.06753146166885 3.474868532696534 2.401011613519962 0.6300077990662415 -2.0928213257808093 -6.037064576145324 -11.316187888831452 
-11.384737133644952 -8.46556595354254 -5.866846294241772 -3.8492932974210765 -2.480092303390872 -1.6458406609572145 -1.1871411256325695 -0.9591746945678488 -0.8567076806464354 -0.8149774862495599 -0.7994854431012098 -0.7941555172781454 -0.7923916459084486 -0.7917949753349409 -0.7915841257751932 -0.7915298000466391 -0.7915833407374445 -0.7917898057075666 -0.7923664023081542 -0.7940553207591069 -0.799148474284858 -0.8139945162578395 -0.8541787715596134 -0.9533509676120557 -1.1749277164431993 -1.622016029683679 -2.4348352446589088 -3.766071491350186 -5.650336781717686 -8.464139414573012 -12.875470547185937 
-13.462206418718297 -12.84083809578257 -11.148521308559562 -9.768242729317691 -8.81590951052693 -8.23395637812564 -7.914521216459147 -7.75657537258858 -7.686202205639369 -7.657943669831713 -7.647691507528046 -7.644299035344414 -7.643248277076408 -7.6429271141206225 -7.642825953882515 -7.642801734626914 -7.642825330470535 -7.642923141856504 -7.6432289910655795 -7.6442222623571725 -7.647431809794036 -7.6571803277011075 -7.684219148624769 -7.75194735571001 -7.904634486575916 -8.214018407185506 -8.776797577799808 -9.68124926743726 -10.981172312630912 -11.343967173341815 -13.457507790872723 