Step: 1035.0
12.62047010942832 12.511052140558343 13.05022110082902 13.611334567000792 14.18123399339711 14.693084045573608 15.1241346689685 15.47107236501408 15.740445700006328 15.943070097187041 16.0908957474599 16.195220185891998 16.265711235800506 16.309923493060072 16.333097126856398 16.338088464482368 16.32532730512808 16.292736513696006 16.23558846090791 16.14631097438548 16.014292136631052 15.82576713693365 15.563899944012284 15.209198755828849 14.740438956146683 14.136339701721138 13.378580303934324 12.456352514899061 11.386770830295912 10.063296869031111 10.03381676089854 
12.019270872145363 11.646815274108585 12.160990643339654 12.84307857762751 13.494529240753588 14.067949314277316 14.545511071517085 14.927540425588754 15.223064110838456 15.444832067492262 15.6063669816035 15.720243646156087 15.797137414751154 15.845356435793866 15.870654485467874 15.876173425128902 15.862407349500808 15.827121520236366 15.765199914057568 15.668435521174665 15.525316331926048 15.320895224187614 15.03686108785223 14.651950410409457 14.142858117518568 13.485859421655288 12.659414031620548 11.649482148680558 10.44953459843582 9.206693627551171 8.171031579875411 
9.18690100634746 10.151453015341987 11.109555163799184 12.007154053233084 12.797657483547088 13.462248301564431 14.00260433646535 14.428833925708677 14.755683205232142 14.999557849202857 15.176503875880476 15.300912086318364 15.384777304159554 15.437345734700889 15.464997390179366 15.471232689268547 15.456662850390554 15.418940085152132 15.352603268993766 15.248855423533412 15.09532852831835 14.875925403367948 14.570852592053702 14.156965772635306 13.608533912263988 12.898473181977888 12.00007385441344 10.888294434263342 9.547967524389048 7.9387436284596085 5.595903199457691 
6.185083094201973 8.51184553039835 9.995634653279605 11.167416791959115 12.120877560177371 12.891828849475031 13.504106287853421 13.980024711626083 14.3414647088427 14.609370587644577 14.802851658311864 14.938444347920019 15.029664428805146 15.08682074687699 15.116999314082305 15.12411451196755 15.108939179033689 15.069055226781673 14.998703800788386 14.888554104036423 14.725448774080647 14.49221607873918 14.167657606516268 13.726813304258172 13.141555150795764 12.381438027261629 11.414387878187688 10.206526851076408 8.713559477188486 6.837015202980892 4.4914675533147195 
4.844111593043732 7.18654445205985 9.000542173038632 10.396977833774208 11.501572380121356 12.375734867699501 13.05975575659668 13.585868273968854 13.982422029138931 14.274739974370634 14.484997343437623 14.631918098084114 14.730581939938435 14.79239578014617 14.825180818107434 14.833292573770851 14.817695513034321 14.775938994390408 14.702016945033947 14.586133470117623 14.414435294723381 14.168803404525116 13.826811660022631 13.361946461321482 12.744119761368403 11.940360620211825 10.915306015264747 9.630214747819737 8.03815933345085 6.089662062100806 3.7483418239347728 
3.9593694342757804 6.300582893134539 8.214902679363673 9.74982626147085 10.968659303800786 11.929430504621006 12.677142196796094 13.249362155573367 13.678847442892666 13.994354994574747 14.220675892766371 14.378500221939529 14.484359699031572 14.55070295012588 14.58606119477755 14.595226638533035 14.579368133975688 14.536032898345892 14.459018934466505 14.338143379601954 14.15897168979567 13.9026049714225 13.545639212613306 13.060399216930026 12.415498143833727 11.576671981944317 10.507673837518801 9.170998394276713 7.530106651144791 5.555000890673156 3.2327982574335157 
3.3567995855159367 5.679189024388682 7.6343698810062985 9.240458824479495 10.534702096421727 11.560325302727238 12.359462687400027 12.97071550409646 13.428963865951879 13.765157490732957 14.006018001721944 14.173814805124055 14.286309514276079 14.356864725271313 14.39465122109916 14.404865432894544 14.388876860152223 14.344252446278517 14.264643052450255 14.139559847199413 13.95411027089441 13.688798199295565 13.319513270161686 12.81783120849171 12.15171439050902 11.286645408698902 10.187202212656837 8.81931016473706 7.153642615329943 5.17063796367718 2.866340094709939 
2.936795118725033 5.2409796067529575 7.211817991675263 8.855866226921957 10.196579722198443 11.267225661534436 12.104964681938494 12.747108341760834 13.228969068443007 13.582590475206858 13.835931301617116 14.01240676545573 14.130738314273836 14.205036127232946 14.245011872429705 14.256214224409366 14.2401965413117 14.194558770151646 14.112847557398576 13.984344301390795 13.793815658783473 13.521339268528317 13.142342266472527 12.627994372736545 11.946077569120066 11.062420173162138 9.942969251233256 8.556578737563324 6.878548955608795 4.894677056081672 2.605094454664532 
2.643074975774201 4.93225378944441 6.908482612037907 8.572960470883547 9.942009792324152 11.042621012514223 11.907891433961545 12.573216480683325 13.07346869498382 13.441040341433299 13.704574586286308 13.888246016952865 14.011474474733506 14.08894590526182 14.130804948469438 14.142891343195073 14.126917311938815 14.080521434867677 13.997180686212848 13.86601155871037 13.671539125726653 13.393554252407837 13.007207300967286 12.483494436191407 11.79027548272599 10.893922174940704 9.761635805112505 8.36438787507717 6.680297872561597 4.698056018359601 2.4197715551292798 
2.4385324612684234 4.716270313446641 6.6936791869254035 8.36932770381416 9.755665503035043 10.875870980930971 11.760152186771254 12.442193552179328 12.956156349114371 13.33439071821909 13.605861819268727 13.795213606112098 13.922348823955371 14.0023771924255 14.045775123698785 14.058612458206479 14.042731987071772 13.995810509941911 13.911280298604773 13.778142483861744 13.580754759120811 13.298719649691664 12.907029435335497 12.376631489833935 11.675556158028957 10.770694218532515 9.630221891367032 8.226549720058095 6.539524753470453 4.559465991933575 2.2895113590836136 
2.297192982891187 4.5666008554272395 6.543703383793415 8.225672901559673 9.622750530049252 10.75576673568087 11.652972917004039 12.346739138081823 12.870552541850774 13.25658349391925 13.533929054329521 13.727519429799452 13.857586982303589 13.939547206916497 13.984124086729176 13.997563541820472 13.981811306818289 13.934577849202801 13.849266397020356 13.714795841756715 13.515403796328181 13.230560918208582 12.83515809612772 12.300133780513255 11.593680427061356 10.683101156347558 9.537281784734473 8.129610580989487 6.441040794668049 4.46288213875908 2.198865062093621 
2.200171271968044 4.463750120619884 6.440350111266056 8.126299352698572 9.530448261919371 10.672089242764317 11.578132346839158 12.279998092609592 12.810652442630387 13.202100447200166 13.483512631667338 13.680018381388226 13.812089471960444 13.895367322089067 13.940760465145777 13.954647160077808 13.939051643755585 13.89171128671581 13.806008186368002 13.670797138595725 13.470217897809531 13.183627393920174 12.7858187159972 12.247697321552417 11.537550246868683 10.62296509621351 9.473337054574355 8.062763520417368 6.372999630521325 4.39607030173339 2.1361325848622266 
2.133351921733223 4.393048589493189 6.36967082325949 8.058869677193977 9.468406031613304 10.616392379422049 11.528740467579896 12.236200148486118 12.771409756676077 13.16631877630028 13.450212361339213 13.648412305076425 13.781595493427119 13.865584435714704 13.911429222649124 13.925607004591239 13.910200196514346 13.86296591803987 13.777268029108109 13.641903980787037 13.440917141968596 13.153535515887551 12.7544108178193 12.214335268270661 11.501573711161837 10.5838577103391 9.430952528843042 8.017556052827901 6.326167779295518 4.349522211079591 2.092231169433009 
2.085744255944863 4.343097796974056 6.320891523665716 8.013943516460433 9.428795443846372 10.582365307776636 11.499690998888022 12.2110705024169 12.749053759132197 13.14573309676152 13.43063756349161 13.629342666338129 13.762741219516135 13.846818677132115 13.892738117364878 13.907049461955124 13.891876578013806 13.844990564511852 13.75973884860751 13.624862673918692 13.424296508543947 13.137096696193684 12.737684256161659 12.196594032001236 11.481881722797947 10.561236008689171 9.404676912390022 7.9875303891510265 6.293233538468677 4.315524686354042 2.0597285650942894 
2.0479970924833273 4.304355809183384 6.28539776270927 7.984490761982897 9.40627392722223 10.566054558973264 11.487961769196875 12.202094345284907 12.741273722223747 13.138059542295288 13.422448410032821 13.620389112056236 13.753031723361948 13.836519866455939 13.882105789022866 13.896387805156634 13.8815163764626 13.8352740720728 13.750997964920657 13.61737719769381 13.418221480716609 13.132354631373596 12.733833029046199 12.192707490703087 11.476516201443411 10.552587374008946 9.391014741497932 7.967883483111002 6.268090642567887 4.287154674201371 2.031785234546614 
2.010634503195348 4.267510638912579 6.255703459203194 7.965549221544306 9.398128766346527 10.566193791844139 11.49292057007702 12.208713227153652 12.747304760324667 13.142239225768275 13.424307197224303 13.619991241879257 13.750747483162558 13.832866570449626 13.877657132880152 13.891735440909596 13.877262934866124 13.83203650481254 13.749400158031728 13.61801015680395 13.421549262193414 13.138548542067134 12.742532547720119 12.202743612650762 11.485700156244604 10.55776083705236 9.38863606421629 7.955274158218429 6.245039920889125 4.256940616573484 2.000681805577643 
1.9612736562015376 4.2211365767857725 6.224353774439513 7.954384318205156 9.404994207399408 10.584899073827785 11.516733997696504 12.232478031573182 12.767916662252563 13.158341988117158 13.435746841364931 13.627307470728184 13.754804097712409 13.834629262856136 13.878088956045957 13.891771725520002 13.8778305418184 13.834087065028761 13.753928834691731 13.626029245559515 13.43398091678197 13.155997687433818 12.764909711388126 12.228745950682777 11.51225314520253 10.579700858704218 9.399177164489226 7.948118576504225 6.217875263391518 4.214730098975042 1.9552464116107326 
1.8793121335554621 4.147296401042756 6.183233112591212 7.952018071675315 9.432937231867117 10.62886449527771 11.564831452997113 12.277083339175723 12.805254171058563 13.187347542359786 13.456954416009422 13.64202073438271 13.764580800307971 13.841015634951088 13.88252483583877 13.895599455756326 13.882357871371264 13.840666508611875 13.764020142235042 13.64120724713073 13.455838652999795 13.185877507889158 12.803382813571014 12.274777597982835 11.562081969892148 10.62569454693172 9.429409061548675 7.948234787942814 6.179334740743199 4.143449871237606 1.8756961329505968 
1.719764154509915 4.014770099047605 6.1235770588049885 7.970563093192089 9.49711607602435 10.710768416234538 11.64610969542966 12.348080663742186 12.862426674692912 13.230766674749828 13.48846603764652 13.664101549942533 13.779732749503399 13.851513642797734 13.890374368565412 13.902608932656552 13.890266629311434 13.851289070156264 13.779373853426428 13.663583937123398 13.487760846376961 13.22984406895124 12.861260378924372 12.34665328522689 11.644418281758098 10.708829414753977 9.494968694921369 7.968270101825298 6.121222349687896 4.012451998427062 1.7175869633871992 
1.394221361577735 3.7339502861285103 6.072635181700024 8.0445021961151 9.625681082477263 10.849795064724221 11.772267669343586 12.451975794344365 12.942736589666278 13.290081132331308 13.530785542517522 13.693548440899479 13.800005394471782 13.865747220689553 13.901209304211623 13.912360179637153 13.901137628637045 13.865598197419121 13.799768159304627 13.693207946337752 13.530324165670915 13.289480925753058 12.941982133935328 12.451057472968072 11.771185018055307 10.848559693482411 9.624318592700149 8.043052593664019 6.071151513144565 3.732495994449549 1.3928566666953024 
0.09865258135520216 3.4442307187639427 6.122765023624754 8.239596425662139 9.859997755043592 11.069619714099627 11.95553977604315 12.594459443581586 13.048515488730656 13.366045017095875 13.58397706908237 13.730143111404178 13.825074992542413 13.88335980675053 13.914666975675544 13.924492204206317 13.914614458418459 13.883250697579953 13.82490149893578 13.729894468383092 13.583640716979847 13.36560823277212 13.047967431551214 12.59379348819673 11.954755897543293 11.06872657806308 9.859014097115033 8.23855136180206 6.121697323418007 3.443187768752587 0.0977009660377989 
-6.409656907340941 2.0162796951358333 6.622295708292832 9.496664487762938 11.253735863703625 12.30538251629961 12.936035050784556 13.323565112791952 13.568888743242685 13.727043378993265 13.829141240902684 13.894214506410325 13.93463401820423 13.958526762448153 13.971001035563495 13.974858241171214 13.970988848127764 13.958501325536442 13.934593291940812 13.894155653076533 13.829060911913064 13.726938082139048 13.568755199379327 13.323400561480213 12.935837679593272 12.305152404692995 11.253476433314765 9.496383892844687 6.622007342261087 2.016004149868933 -6.409843818785424 
-7.13383045104424 1.0992072303862213 6.762610565477936 10.141912272532823 12.011783288611287 12.974916427808324 13.452133749729906 13.691742911098077 13.819472749488982 13.892423985432622 13.935895489245818 13.96204971469416 13.977550659673273 13.98636053601859 13.990825366487213 13.992184036090523 13.990822856418331 13.986355275651663 13.97754218601157 13.962037383837801 13.935878553905825 13.892401645999298 13.81944375212533 13.691703852716662 13.45207630097811 12.974826056333436 12.011644135699612 10.1417183487371 6.76237859845802 1.0989813100714347 -7.133996092691811 
-7.164269869653434 1.173229401058948 7.0194074127176105 10.561830523319475 12.438861012640047 13.323427508139295 13.703070120990123 13.859416090288518 13.926414689315536 13.958390369866803 13.975361346198119 13.984868950377122 13.990225180554553 13.993148435634474 13.994585133821893 13.995015012758591 13.994584677335874 13.993147475651442 13.990223625299102 13.984866673878564 13.97535825697814 13.958386606337987 13.926410237812105 13.859405678205652 13.70302688935385 13.323282852950976 12.43850650205633 10.561177156165575 7.018478442874466 1.1722303473457545 -7.16502826364504 
-6.6754059456151165 1.8406928995745382 7.604735710689152 11.020806393917042 12.760956356923899 13.524456063109042 13.817447214747757 13.91958868682663 13.954679199503818 13.968050364882115 13.974092207641107 13.977180479075782 13.97882572515988 13.97968745653402 13.980098125600591 13.980218910001916 13.980098053084962 13.979687303880542 13.978825476132183 13.977180101521531 13.974091717679451 13.968050509579514 13.95468339746676 13.919599663470951 13.817422899518437 13.5241875358977 12.759986800346633 11.018578217126725 7.601118897616074 1.8364224989383242 -6.678702923689749 
-5.073578664963658 3.1262374262489456 8.594183334140233 11.656960114498068 13.090251697810901 13.65074951531889 13.835647151143538 13.888626506331006 13.902863346219013 13.90703648524066 13.908579727266787 13.909284328881593 13.90963633049068 13.90981255272359 13.909893745537877 13.909917172776572 13.90989373786205 13.909812536837022 13.909636306981765 13.909284278634445 13.908579538821098 13.907036773480835 13.902872608943545 13.8886799754649 13.835783593767957 13.650672428455868 13.088555038379155 11.651290201449756 8.582882330930076 3.1114740589323016 -5.086072158408192 
-3.7955833423286265 4.05625857247597 9.20598972076736 11.922669558866032 13.082757642005916 13.482728368060537 13.593380435829804 13.618148062007865 13.622928671758718 13.62390308171612 13.624179104704993 13.624287157034267 13.624336033307547 13.624358798747043 13.624368721336719 13.624371491301728 13.624368721007883 13.624358797930713 13.624336038195231 13.62428716518166 13.624178828072461 13.623902183573357 13.622939821963323 13.618267230109394 13.593919224490186 13.483985306634313 13.082621795401336 11.9127193315501 9.178342791099038 4.012634500937348 -3.8338346107370525 
-3.6484782013578108 4.114256831463215 8.90454893701961 11.280927576862236 12.236784655450961 12.539557665510715 12.61262897844634 12.62551130022274 12.627117685443134 12.627291666949045 12.62732905981252 12.627342254665082 12.62734718304266 12.627349222681346 12.627350055901465 12.62735027872161 12.627350055810023 12.627349221618164 12.627347190437108 12.627342296560158 12.627328686524276 12.627288997314361 12.62712882348929 12.625724735003956 12.61393261913903 12.544140158292825 12.246410254411375 11.280878095076865 8.846342828808758 4.0020136495954315 -3.7689238261172164 
-4.2749641446093465 3.1329217650198355 7.10455128164296 9.041096364772988 9.80638339987611 10.039883614212917 10.092168911914102 10.099938439447538 10.100507050500868 10.100495078302894 10.100495251845343 10.100497242800675 10.100497621061319 10.100497698564704 10.100497733240854 10.100497742386963 10.100497733197427 10.10049769684579 10.100497627891922 10.100497317355552 10.10049487608957 10.100490707279889 10.100514119911873 10.100231206874705 10.094316980522605 10.04922658188964 9.833557510952701 9.099235068396373 7.104551594683566 2.7949639751485353 -4.540237201779028 
-3.8193881905998217 0.1917528655972938 2.8615946969860615 4.281097809405758 4.852909819427471 5.027103738066009 5.065142451614458 5.070351866399738 5.070587485479117 5.0705416195205695 5.0705373084098255 5.070538276172624 5.070538368214983 5.070538345870245 5.070538344181388 5.07053834443591 5.070538344195246 5.070538343943661 5.070538373111971 5.0705383647351585 5.070537010399981 5.070536554173179 5.0705893760989715 5.070660828656698 5.067711578494967 5.039423116642782 4.89599738779392 4.393266191833259 3.1996139522759193 0.1918303902652684 -6.172215527071313 
-6.774776356917643 -6.162088699016181 -4.476511221169025 -3.5280598467572375 -3.1360280879980587 -3.0159575232659437 -2.989812409717237 -2.9863090701995003 -2.9861807956856206 -2.9862194384282095 -2.986223062210935 -2.986222380832182 -2.986222313528436 -2.986222329712069 -2.986222330609449 -2.986222330266386 -2.986222330580675 -2.9862223312532086 -2.9862223103988508 -2.9862223082813313 -2.986223266837914 -2.9862235463686457 -2.9861811394072704 -2.9860649865310793 -2.98770274735035 -3.0053286268008437 -3.0982284494193606 -3.4076675175204065 -4.211239771564348 -3.808343380586738 -6.773992897365381 