Step: 2745.0
10.485519446089565 10.314619330639033 10.897658352114359 11.511763536157874 12.187487851501922 12.852734362686984 13.474203169734986 14.035132687338441 14.527903811800341 14.94974625875625 15.300455512052523 15.581072312290944 15.79306904798558 15.937818877109647 16.016236826369227 16.028536466811477 15.97407254576827 15.851253176844866 15.657511656855844 15.389331252234497 15.042318617667267 14.611324926812912 14.090621314488068 13.47415268101921 12.755936030445769 11.930756559136594 10.995663173593062 9.951953848501807 8.822759418005958 7.449523859426348 7.49389337888538 
9.83673752882297 9.334013603144822 9.823734162936569 10.557842369218571 11.32083785147055 12.059211700301594 12.74256926415587 13.356341843011176 13.894031418229977 14.353565880013377 14.735231891435799 15.040446804796352 15.270977641535001 15.428418059932609 15.51382750203569 15.527483087891987 15.468717946890973 15.335831130223305 15.126059736156204 14.8356064710055 14.459717520301119 13.992808077964796 13.42863861611389 12.760558699321663 11.981865860410355 11.086410475671347 10.069647514409159 8.931964476177017 7.6738215779849 6.4624982664778745 5.583706448701436 
6.870363384764445 7.683395910845821 8.589789429131512 9.525010006583019 10.428187431547919 11.266231733253413 12.025717008929826 12.699960368908942 13.286632864416134 13.78598205564074 14.1996867805745 14.5300576598177 14.779462844414262 14.949905751665344 15.042713631088695 15.058313938652208 14.996085423238771 14.854275719146088 14.629979155230188 14.31916875606208 13.916775940665497 13.416810965063675 12.81251744320167 12.096555958951745 11.261216179047809 10.29865263074508 9.201227376732122 7.9611802039116215 6.579902435733712 5.033947635613791 2.8717392894283105 
3.7001252214975366 5.8578729872428505 7.27425784353133 8.474163521000015 9.539424636057834 10.490446727284203 11.333549739293328 12.072407792013138 12.710233109622063 13.250443660019707 13.696632953497602 14.05232970261079 14.320708983299847 14.504318873608065 14.604847938756171 14.622944369746026 14.55809132815108 14.408539546222093 14.171295429047868 13.842160068323741 13.415811368488011 12.885917484718139 12.245263899135546 11.485865805252427 10.599012917137186 9.57513931799895 8.403180237855855 7.069154507321372 5.546433405010728 3.750287945230965 1.6019098179506677 
2.1679122889580533 4.325680442770772 6.059937646462914 7.477631956027758 8.693630658885136 9.753586428192904 10.678972144912626 11.481795557380936 12.170245013756412 12.750788305465136 13.228958714614446 13.609563261668415 13.896644842039821 14.093349690003247 14.201774522658736 14.2228316289396 14.15615200300685 14.000036295054187 13.751456419712559 13.406105016332495 12.958484377263376 12.402019786073947 11.729172498958233 10.931510561383998 9.999661752674946 8.92299159262353 7.688697141184498 6.279155601086292 4.6652226428559365 2.809677629442487 0.6805659480238958 
1.0790126553420987 3.2196672133972877 5.043086621058021 6.593525593273217 7.923754837478335 9.075655107740694 10.074429063494037 10.936127057511722 11.672000558671522 12.290708159009736 12.799327915788805 13.203763952198027 13.508847042444971 13.718291693378356 13.83459948203034 13.858959591959097 13.791175558768945 13.629633791330882 13.371320176914523 13.011883705073847 12.545739133833129 11.96619304580055 11.265567572256497 10.435280855287266 9.465817574491735 8.346481581213238 7.064735991062169 5.604989458607981 3.948633223122954 2.0773884675684067 -0.018037416532196912 
0.2668220613077871 2.3726359058991684 4.226144290151351 5.842461329078329 7.248213417614461 8.4699672539515 9.529157598723026 10.44172994688909 11.219851763003732 11.873231864389073 12.409882346542407 12.836474408353913 13.158448717645916 13.379994653208744 13.503974203524812 13.53183918607219 13.463572124079027 13.297668353920894 13.031167425621604 12.65973407446174 12.177781953196552 11.578626155242757 10.854642724180044 9.997404572616572 8.997755232722653 7.845782160870827 6.530709263287142 5.0410495253034835 3.3656929271115255 1.4966975194405936 -0.5666328729914227 
-0.3616044125709813 1.7101854300161357 3.568888683075322 5.218113008674153 6.670430253576958 7.941853572197755 9.04796919797028 10.00238343399758 10.816595684661902 11.500364826279768 12.06202659666516 12.508653304758651 12.8460791198511 13.078843209702786 13.210099289503134 13.241529052989973 13.173285673893083 13.003983799898704 12.730744206419486 12.349294120456596 11.85411777788724 11.23864588623467 10.495467689755198 9.616546872526493 8.593427188671875 7.417438745015025 6.07999264892105 4.57316627563546 2.890854058840232 1.0305769574047532 -1.0043945750794627 
-0.8567605562767635 1.1847812530838495 3.038872549663636 4.7037370210076475 6.184470152120991 7.490176865878322 8.631525558043245 9.619222165990212 10.463313730273402 11.172956013442645 11.756341238457882 12.220630600105604 12.571851518236391 12.814768820999099 12.95275419793186 12.987678714312343 12.919848283300862 12.747995626136047 12.46933584553036 12.079686721714934 11.573649349595202 10.944840040006632 10.186161334119427 9.290100516867975 8.249052302131657 7.055685149281585 5.70340852585488 4.187033100363186 2.5036966060926966 0.6540128911356669 -1.3567942101900958 
-1.2510768486410413 0.764704756619221 2.610660727665228 4.282316350074479 5.780516134633923 7.109911630854482 8.277451646588565 9.291202214346045 10.159562941941259 10.89078141456264 11.492629521130254 11.972146253816483 12.335404750069081 12.587297849585363 12.731353150383825 12.769593138677543 12.702454560793536 12.528777305797693 12.245868352760516 11.849641514279067 11.33482910305208 10.69525761933999 9.924176850527054 9.014631846813714 7.959872255027325 6.753804677881949 5.391507657293723 3.869833100513112 2.1880947678394658 0.34878474057176007 -1.6418174025845962 
-1.5671667256312827 0.4271626640700427 2.2644166275786164 3.938629525949388 5.448039320805261 6.794304985869697 7.98160806637709 9.015815268295663 9.903780448744463 10.652783851240443 11.270071611083797 11.762460724642498 12.135992190348695 12.39563126179133 12.545022968434209 12.58631395607968 12.52005079984498 12.3451622048716 12.059029019418846 11.657642208362187 11.13584503734348 10.487651830484458 9.706632108031846 8.786346332286373 7.720818704576684 6.505033719672667 5.135444920234626 3.6104825314791866 1.9310367589523012 0.10087498036052332 -1.8730684983854136 
-1.8219678967503556 0.15479028865453784 1.9842728740902447 3.659550925169257 5.177051296527555 6.536236488146956 7.739138108410241 8.789811821869558 9.693765724839366 10.457395435831897 11.087445936108963 11.590514015103118 11.972603540167876 12.238745527561147 12.39269429061224 12.436709357128425 12.371430651689662 12.195851974340666 11.907395221715454 11.50208501545986 10.974820199764695 10.319734752570598 9.530635748526489 8.601499951134718 7.527003523683731 6.303051992663892 4.927271843820087 3.3994239692255204 1.721705629522263 -0.10107783915147842 -2.0614716357323886 
-2.0290504164167036 -0.06644924408159247 1.7570813346346181 3.433789720698704 4.95855780316632 6.328971122524107 7.545222789035715 8.609825094468112 9.527153544915219 10.302882207688262 10.943377378401701 11.455106247246627 11.844100571668598 12.115500662945664 12.273194751801775 12.319562448323365 12.255327232229325 12.079520633248187 11.789559191706772 11.381433753231635 10.850008474614597 10.189423334336842 9.393588024002225 8.456745765355464 7.374071940112015 6.142255109017731 4.759991747859374 3.2283217597629026 1.5507528458290663 -0.2668265966449929 -2.216380341099792 
-2.200161751563308 -0.2487177992771425 1.5714245492017913 3.251511370838906 4.784700321247949 6.1666094616623415 7.395632364472094 8.472890075521374 9.401842338303567 10.187672788046447 10.836579743107457 11.355074117019637 11.749347052114793 12.024739916933852 12.185331368734223 12.233646727832493 12.170490660523695 11.994902828765968 11.70423620740029 11.294358071217006 10.759973210993168 10.095066619598668 9.293457199908234 8.349442873260841 7.258498002467332 6.0179536244673715 4.627553818581335 3.089756330529789 1.4096704096139259 -0.40537382655771237 -2.346471685117336 
-2.3465457454436627 -0.4035499690434098 1.4167485867200476 3.103980816027575 4.6488473312557295 6.044457689400575 7.287199821441408 8.3768996240987 9.316374814756388 10.11065002942048 10.766067744128911 11.289440623331103 11.68731404843304 11.965365860381892 12.127949469264053 12.177777433528991 12.115740085921788 11.940854742109245 11.65034361496131 11.239841511061964 10.703736635915517 10.035648150803553 9.229040744281379 8.277966571362123 7.177903537247973 5.926617577180188 4.5249015707254046 2.9769580780905147 1.2901654779677352 -0.5258653402621448 -2.460689674720928 
-2.480471679998032 -0.5432594231839557 1.2824889271005764 2.9833261679552425 4.545843381552167 5.959507384962525 7.218332542212312 8.321043604913774 9.270274320581589 10.071389856454687 10.73131717923956 11.25751770931398 11.657143473036472 11.936379077494538 12.099956868537657 12.150828785287606 12.089980311893651 11.916376736144814 11.627038023695162 11.217245003577252 10.680885453748289 10.010953112312347 9.200214083398077 8.242050907769222 7.131479589190279 5.866296577951743 4.448221103863952 2.88365095857727 1.1834489544943414 -0.63877670515116 -2.5695462312791704 
-2.6176291809892853 -0.6829733987754105 1.1570926933611467 2.882671004273922 4.472712286267934 5.9112308608774295 7.18964314475826 8.306247259445723 9.264323897010668 10.070324509512776 10.732350166001217 11.258942201627711 11.658154665862515 11.936868102750914 12.10030458827165 12.151709649263806 12.092175297411222 11.92058831757564 11.633698192244264 11.226309276334236 10.691611972198231 10.021677379608203 9.208148318627742 8.243165239063845 7.120566078685408 5.837389192806612 4.395658371269047 2.8042482197733056 1.0793685815986824 -0.7578059263247583 -2.687371218994843 
-2.7816467032873127 -0.8444239659468286 1.0272548393480128 2.797287100795205 4.430446485564396 5.902822618923296 7.204688991118211 8.335562455852422 9.30074184263877 10.108792689899058 10.769717644967162 11.293625803385899 11.689781514641625 11.965942910490769 12.127919358141478 12.179294027365605 12.12127435838744 11.952648790136948 11.66984241888535 11.267077995445373 10.736662943360333 10.069438601493115 9.255444463111843 8.284867215310726 7.149363505396053 5.843875445639781 4.369125636069124 2.7350528070003484 0.9657213122690566 -0.9035690891995427 -2.836734190603709 
-3.0174246702616907 -1.0617878874318982 0.8774987427337495 2.7302596220589592 4.427060867691 5.94272988362819 7.270636810623307 8.414382743956002 9.383170609125804 10.18892493624696 10.844348347968731 11.361602190313034 11.751432202151662 12.022609635391404 12.18158862480188 12.232308150041804 12.17609206216829 12.011621703589059 11.73497287142439 11.339724555300043 10.817164116990188 10.15663467822495 9.346095693183797 8.372995343192082 7.22558391961297 5.894847034531817 4.377371123835414 2.6799531253858198 0.8278868301257226 -1.109373737230922 -3.061702056698998 
-3.4065791003177046 -1.418546298822322 0.7187190171513148 2.7009703233239857 4.48096939011041 6.045776090657149 7.398490435572492 8.550290016313173 9.516375477949754 10.313308906760106 10.957237063869064 11.462760993523489 11.842271333972894 12.105591736474224 12.259805893121637 12.309182779397915 12.25514969525195 12.09628832813583 11.828346396196372 11.444271567302183 10.934291738194895 10.286091521239118 9.485169959504642 8.515503811081606 7.3606739614705 6.005635545158029 4.439369995461075 2.6589268745462715 0.6773689364720583 -1.4579918537559469 -3.4432321593200306 
-4.606351847632026 -1.8170063595992658 0.6083153701396428 2.7514482225249104 4.621941072052458 6.232929811296184 7.602484293912014 8.752351250424034 9.705563758945232 10.484393098099918 11.10895861247525 11.596471368740238 11.960935729941982 12.213112628933224 12.360592637849262 12.40788717520047 12.35649448216901 12.204924985431619 11.948682621587635 11.580204811131427 11.088775797949834 10.460456247597062 9.678120646042178 8.72175473560968 7.569209797611111 6.19758993264978 4.58529601961097 2.714409921682232 0.5719462521115609 -1.8514896186547656 -4.637342200327543 
-10.59091430037451 -3.8926263102550274 0.17253104147599307 3.2248167763287747 5.592575734426912 7.435209543982327 8.862396555496746 9.962306162367197 10.807087068288991 11.453897440409058 11.946061693928726 12.315077046004356 12.583024296204437 12.764818420955196 12.869964997708808 12.903736161479223 12.867820829461197 12.76053099383099 12.576599157421784 12.30653085203884 11.935429447449721 11.441237925016626 10.792484827880244 9.945872205767532 8.844276616179247 7.415614257970778 5.571844250197273 3.2035123256916678 0.15156583085763464 -3.911750202462825 -10.604270216488569 
-11.598453724882503 -5.18973804080796 -0.19680751410447145 3.490533127916992 6.230270834415833 8.244578310966885 9.705493459739394 10.753633207758272 11.50175786981617 12.035852650587293 12.41788512032155 12.690237798374064 12.880630410944496 13.006476190281145 13.078151767379238 13.101121899268458 13.077088401570856 13.00434887510915 12.87744009273318 12.685989837034851 12.412589908859145 12.029519349621319 11.494377264898487 10.745152582845714 9.695802684615598 8.233545560455633 6.217868278233909 3.477054888023304 -0.2104935129757054 -5.201933151494969 -11.607105479309054 
-11.904398878166491 -5.4882421450116 -0.2793108560077255 3.7071500770050134 6.636590342730595 8.723593085418306 10.168766453709015 11.147160489403337 11.800501234955913 12.235200903080436 12.525675902590974 12.720777243770176 12.85089534392946 12.934082018029079 12.980512526122999 12.995305845505076 12.98001553430962 12.9330888513575 12.849409589183848 12.718807589748021 12.523234556093495 12.232289793654292 11.797075016292899 11.143061227805477 10.16365225742659 8.71693759241274 6.627866371419517 3.6962537802133593 -0.2915453505412739 -5.499844906413144 -11.912783934558886 
-11.801527055802651 -5.322915592957557 -0.10973288193771631 3.910364019121819 6.848720484382568 8.893304418836365 10.256032680451323 11.132443689138794 11.681996057887687 12.022471759165295 12.233767673726652 12.366230827622974 12.449672284076923 12.500846412204893 12.528683735581408 12.537469863807445 12.52847078152981 12.500423765045332 12.449049740415632 12.365430094973108 12.232825097788453 12.021425988904532 11.680837746629997 11.130999745560674 10.253779861781672 8.88920657519312 6.841380471795109 3.8987635325988315 -0.1250128103367471 -5.33893573695915 -11.813498932946196 
-11.059031251152403 -4.904541991048557 0.1558233708692294 4.040121034874686 6.831478457166699 8.717525863142642 9.921842911257528 10.653507744444855 11.080771387394561 11.324177698827762 11.462005999354432 11.540956140959356 11.586955604057778 11.613572434356476 11.627534422108528 11.63187656054237 11.627463915165029 11.61343684914505 11.586771556578606 11.540763466930521 11.461883390125617 11.324248174450494 11.081162268097287 10.654202262442297 9.922349201609222 8.716334716666543 6.825678620304724 4.0264718978959415 0.1334544690304528 -4.931025190647451 -11.080493013130345 
-10.628066221926447 -4.857727175947569 -0.054885868774704624 3.5868694586746983 6.153635776393754 7.843962356959815 8.885936571788019 9.489683768800324 9.821132706352326 9.995855750165587 10.086088623500908 10.132878098827858 10.157696958695864 10.171027567625114 10.177692185345855 10.179722196746878 10.177673111252558 10.17099637995313 10.157676027091632 10.132925063594469 10.086329397367516 9.996520881523889 9.822559107110392 9.492197884900756 8.889476045225607 7.847251614130533 6.152542722190929 3.573388082500801 -0.08601081034698989 -4.9018853158225095 -10.6659535636851 
-11.094323241810413 -5.6033527309028255 -1.2287166449672084 2.0100572035410065 4.263257777038716 5.722553978546589 6.6005119133794885 7.091937554253055 7.349092238596104 7.476108874741284 7.536337330740348 7.564473440724644 7.577812002797696 7.584294171897497 7.587316460291391 7.588207646890783 7.587314048403924 7.584297831188451 7.57785000877181 7.564622312226639 7.5367752681495475 7.477193653655667 7.351436286166349 7.096403855134027 6.607986154508192 5.733182731987563 4.2746171794071595 2.009305253690846 -1.2708913603914753 -5.680617474125341 -11.174763962742587 
-12.122489937722799 -7.127927330021628 -3.53688807150411 -0.8627291633331573 1.0028080091491054 2.203715429592861 2.916212212188628 3.3061335184753107 3.503473856069493 3.596355828195781 3.637472120225595 3.6549485056028184 3.6623101051462448 3.665471412369681 3.666806881510701 3.667181378843118 3.6668092724445605 3.665485461588875 3.662367483923178 3.65513770325724 3.638007682650456 3.5976930784265186 3.5064621270501912 3.3121707204357733 2.9273332233714227 2.2225666492884795 1.0318544547278192 -0.8215337605495713 -3.5368534927822957 -7.326296819566131 -12.275134743020946 
-12.398432245917613 -9.658901078543208 -7.148274256904827 -5.128808519491223 -3.693535222283817 -2.76708223772286 -2.2206068067126696 -1.9252572229825085 -1.778747853649852 -1.7118582801781348 -1.6835803757655965 -1.672365847915342 -1.6680898743869415 -1.6664693262968087 -1.6658621512251428 -1.6657033886034585 -1.6658589099728878 -1.6664541293442254 -1.6680324852383275 -1.6721801693845846 -1.6830526866086424 -1.7105203872168593 -1.7756843682834749 -1.9188427157968544 -2.208124204126994 -2.7440214949323436 -3.651196770442974 -5.052117683131522 -6.948711035530368 -9.65724171553017 -13.775470802068922 
-14.339315259492633 -13.738926793681424 -12.099552931405706 -10.715323472775427 -9.715611186717927 -9.068337384632649 -8.687026614443683 -8.481830372279239 -8.380793847778078 -8.33519791958908 -8.316268828447464 -8.308975274762766 -8.306317761801798 -8.30537433111267 -8.305046111627282 -8.304964441132167 -8.305043530079551 -8.305362571545047 -8.30627380760429 -8.308833129041547 -8.315863252614832 -8.334162753990894 -8.378401294434141 -8.476753564561522 -8.676958769318851 -9.049098187961537 -9.67908917638402 -10.63519274261217 -11.94584005453189 -12.355076814703981 -14.334156759583733 