Step: 630.0
13.479837320533457 13.380282085544959 13.858614419304544 14.332088294437066 14.779612782834906 15.147319987464014 15.42658697835689 15.626650323523174 15.763303235963091 15.852841519277296 15.909328440419886 15.943692893516694 15.963791913891342 15.974887129280383 15.980203483301162 15.981386990699509 15.978769909858885 15.971399068858565 15.956802264055156 15.93047708513022 15.885105568941533 15.809545559198972 15.687740656143388 15.497831130838764 15.211932467041292 14.797259556921464 14.219670008662847 13.45039178941014 12.48993749430936 11.243064164827759 11.198392928687225 
12.908966521186406 12.57353469544765 13.050660595793424 13.639668448802336 14.159140627729354 14.576059036666173 14.888497342957557 15.11061746746047 15.261599530250834 15.360200555039471 15.422257947504752 15.459945097808486 15.481959061547968 15.494101954090366 15.499922724794855 15.501233621937832 15.49840882958355 15.490420974541653 15.474590202005622 15.446029493445266 15.396789354585295 15.314754790970674 15.182442954396077 14.975995130040092 14.664837166403268 14.212679774803284 13.580649225094477 12.73460230160457 11.649743778824245 10.450662562685139 9.36277498877834 
10.162538352728461 11.173533214405273 12.10265970557609 12.906939414329717 13.55696866005722 14.05283991230845 14.414325204255166 14.666999710828483 14.836857187652884 14.946932046134759 15.015821387391222 15.05748038127972 15.08173778864639 15.095092965828304 15.101502326966418 15.10298905843895 15.099994579185005 15.091434046291589 15.074433919122027 15.043735921434282 14.990769497015679 14.902444039766479 14.759806888350658 14.536852012681633 14.199918712086431 13.708211967606033 13.015965583889042 12.075654129766146 10.84830660221369 9.271509762007208 6.865744715934703 
7.277366164429612 9.659681198140813 11.118443727242536 12.194658761627666 12.999454279143725 13.589444832196586 14.008855934456871 14.297206067364778 14.488819839886258 14.611951591496709 14.688522141144588 14.734597924080365 14.761327129516205 14.776010938845532 14.78307076018899 14.784773011296688 14.781646560012213 14.772565414532293 14.754480294643258 14.721785311851702 14.665321057823055 14.571062905208676 14.418636044774725 14.179930821207291 13.818220420977303 13.288212125178188 12.537137255097143 11.506410156558552 10.126315829488538 8.276857625179742 5.860301550103416 
6.072327353878228 8.479387363824157 10.271364455841814 11.569041863190373 12.516469272165756 13.197502703240442 13.674743134647386 13.999318409308339 14.213224730768301 14.349792169006617 14.43427791596888 14.484904139424351 14.514178114029313 14.530230797616007 14.537967014902 14.53990946045714 14.536686298105204 14.527145182098995 14.508083570551419 14.47358436862955 14.413958668711032 14.314344056088446 14.153100317648319 13.900277167884715 13.51655638546477 12.9530880536078 12.152406763785685 11.049557807093118 9.571126050554865 7.645934083308803 5.225811696093766 
5.330878336974516 7.7461116597064965 9.641213854609877 11.074042868089212 12.127358424903885 12.883263370983896 13.410836267326836 13.768099888362544 14.002601707505242 14.151780779838615 14.243777972376666 14.298755943571432 14.330477677998008 14.347854441488492 14.356251945671684 14.35844138339186 14.355152559123487 14.345219150013541 14.325311332364691 14.289248095532894 14.226893215698714 14.122686667607917 13.953961196861009 13.689336730414684 13.287633843993147 12.697822767985397 11.860410689009353 10.710478676525057 9.18403178397161 7.228852059751841 4.820204737945717 
4.8686296733266525 7.274227304296722 9.212978808378653 10.713925188914484 11.834945435181913 12.644889177494393 13.211586863222863 13.59551218932226 13.847381450472499 14.007453085682403 14.106053994364283 14.164909853954503 14.198836203055171 14.217416764394489 14.226422856833592 14.2288488800015 14.225520077499048 14.215265569393376 14.19465551070297 14.157297963345767 14.092703120795665 13.984773144205787 13.810080981373055 13.5362589880245 13.120995284670649 12.512265894641027 11.650458238936553 10.473072180428494 8.922431180651945 6.956144222438994 4.558169726956752 
4.5778213055155845 6.97371219269651 8.93081820609431 10.467164542744682 11.627927383204888 12.473392243962495 13.0678505752886 13.471735513335023 13.737120595943885 13.9059188481629 14.009929727985943 14.07201867673821 14.107809222061338 14.1274201323373 14.136954212198301 14.139592644804726 14.136243780503484 14.12573853418419 14.104572988274628 14.066196622442808 13.99985815336659 13.889075166531148 13.70990611954649 13.429373552396056 13.004584333989278 12.38325044645392 11.506349839743617 10.313460707224811 8.750748934566028 6.780605490721438 4.390817009112709 
4.396836562728208 6.785176599897167 8.750146712018159 10.30488749246642 11.488376256515663 12.35581082728677 12.96863819258347 13.38643660133155 13.66162891340257 13.836960021874283 13.945121894765208 14.009740915285269 14.047013852621781 14.067455352281081 14.07742121983076 14.080238978043866 14.076884591502315 14.06619435444567 14.044612789837748 14.005477147478148 13.937854657952482 13.825006270124199 13.642668603352906 13.357523918903382 12.926432608182402 12.297157837269683 11.411300390643879 10.20985808316246 8.641158741708333 6.669989239394887 4.285879273100947 
4.286103259532272 6.66922842742046 8.637505251220654 10.201832429984375 11.39808162076572 12.278613855862082 12.902986050181973 13.329935975437774 13.611823881914574 13.79175115740857 13.9029046575094 13.969382640115864 14.007761872427558 14.02883151913395 14.03912868264976 14.04208863900702 14.038739006986708 14.027922891773922 14.006051219348198 13.966386312364724 13.897876299969834 13.783620170294085 13.59916476163879 13.311016310168949 12.87595331454337 12.241870302826705 11.350840294497 10.144737885445483 8.573081901686884 6.601875783628375 4.2214782841555065 
4.219632475862555 6.599391146195209 8.569044695716922 10.13841287403966 11.341780887638919 12.229949179747292 12.861320864900662 13.294014593041057 13.58022996481912 13.76319912334145 13.876369583257441 13.944118637434011 13.983262429604805 14.004770230572971 14.01530156650946 14.01836629210471 14.015029126727198 14.004140057937498 13.98208987396534 13.94209373642474 13.873024884454926 13.75788268514857 13.57210272343768 13.28209873356437 12.844627175054127 12.207698023172394 11.31369664529369 10.10502027158313 8.531850742749151 6.5608349124527905 4.1827501295463145 
4.180309666926527 6.558017139097547 8.528331479198346 10.100502917560028 11.30794987078328 12.200586508709003 12.83612647063647 13.27228899504904 13.561143472252606 13.745977152845706 13.860384440192153 13.928910174943452 13.968518390058744 13.990291246343192 14.000965713626783 14.004099469175378 14.000782043436931 13.989869878288566 13.967743684513273 13.927591402179422 13.858240431980155 13.742626388922956 13.556110668731298 13.265041779848968 12.82615390923468 12.187521613364742 11.29171966631054 10.081466785361052 8.507352935586184 6.536419737349154 4.159700630441118 
4.156887906674213 6.533445585274451 8.504348492131765 10.078443758943447 11.288553626940264 12.18400246767169 12.822068708762691 13.26024555921289 13.550558259380482 13.736364262812772 13.85137480099855 13.920251620165422 13.960053301128655 13.981929107412665 13.992659467756088 13.995828319411084 13.992539881619734 13.981657010490377 13.959559004159608 13.919422142518854 13.850047227782243 13.734323281425878 13.547543798953235 13.25597698870022 12.816290042539134 12.176547294144271 11.279419309638271 10.067854735984826 8.492783432727833 6.521607912602294 4.145615090602346 
4.141794794418038 6.517856868097032 8.489791290788514 10.065942580351782 11.278466823689346 12.176118430970634 12.81585348713998 13.255096831898973 13.545972292159558 13.73199816745643 13.847035881008175 13.91585561818847 13.955580999334902 13.977394365419878 13.988090791315201 13.991261130114939 13.988015476180113 13.977224391466711 13.955275860779492 13.915350724345043 13.846240041450043 13.730793841271945 13.544221584394 13.252656123261216 12.812598158060739 12.171976059194291 11.273452938584835 10.060189054850774 8.483555987045527 6.5115061023206495 4.1357576543705274 
4.129317890295581 6.505496551128315 8.479654575118346 10.059150697510677 11.274972531442225 12.17504954007766 12.816064736399545 13.255611847536706 13.546175247704234 13.731620196590356 13.846046553440292 13.914348090618736 13.953690065478133 13.975252624101172 13.985813726694794 13.988949749309075 13.985767770056444 13.975149731211395 13.953507478418887 13.91405008510798 13.845583692943771 13.730930248020295 13.545187185149365 13.254254162290092 12.814278418461637 12.172804546378542 11.272284619193258 10.056093904035334 8.476364301331644 6.5021598197429045 4.126150783951071 
4.113740033548 6.490929720513145 8.470043792251852 10.056108238412161 11.277635178529277 12.181123095675018 12.823150168182218 13.262012268930048 13.551068964888557 13.73484875169936 13.847818455385884 13.915006346449118 13.953577556545728 13.974656728789128 13.984960057168546 13.988020947610424 13.984932839963854 13.974596260432552 13.953471449626834 13.914835441159328 13.84755673294001 13.734464180412461 13.55052593028516 13.261276072389197 12.822193615257362 12.179934452571885 11.2762259292185 10.05451845726065 8.468342935696322 6.48921146472902 4.112111335493156 
4.086638020803872 6.4667854848905275 8.45714202160334 10.056899543104365 11.288909137206492 12.197384647763577 12.83961539949379 13.275935912715015 13.56151079004923 13.741975746773091 13.85228086633491 13.9175452620457 13.954839271703612 13.97514043859201 13.985034942878237 13.987972598274663 13.985019262568018 13.97510585943736 13.954779245171425 13.91744979874397 13.852136639117097 13.741766690515984 13.561219483077073 13.275545919653114 12.839114519628392 12.196768670388714 11.288185345872852 10.056088979369397 8.456279567093851 6.465917220920439 4.085816015905355 
4.031726106392209 6.419550843951651 8.436823165074392 10.06538586634499 11.31623660402273 12.230631423898737 12.870304371627963 13.300352434206404 13.579109177495999 13.75374951803108 13.859683146798783 13.92194127997097 13.957309224550626 13.976467142605388 13.985770289468773 13.988528428280695 13.985761464555747 13.976447819597947 13.957276027543212 13.921889125736971 13.859605366163796 13.75363823121849 13.578956043092354 13.300149832508042 12.870046968827799 12.230317910306038 11.315871250285682 10.064979458418856 8.436392915158217 6.419119075196497 4.031317799881062 
3.908227581921109 6.323144438043925 8.40524549612442 10.09724977572301 11.375657028965891 12.292491155087383 12.922349484078289 13.339199757588297 13.605866343916574 13.771100857442168 13.870395182034688 13.92828177167357 13.960937150324499 13.978522206026847 13.987024048027584 13.989539358421577 13.98701914066966 13.97851153375362 13.960918996449106 13.928253582881569 13.870353661371324 13.7710421840732 13.605786568087781 13.339095388284878 12.922218233197084 12.292332734869978 11.375473838762137 10.097047285294318 8.405032160002607 6.322931008092132 3.908025980955123 
3.6316245528944573 6.091102328013157 8.399970338808565 10.192092409393664 11.49503275863907 12.399109508154137 13.004101585420713 13.3964808789991 13.643594929073219 13.79479843823199 13.88470309906463 13.93663514718091 13.965696062530816 13.98123859948668 13.988713846297605 13.990919426869628 13.988711051429704 13.98123255776489 13.96568587554034 13.936619493465603 13.884680297064254 13.794766574068946 13.643552068920613 13.396425369241962 13.004032417880474 12.399026698851884 11.494937664017757 10.191987895052785 8.399860729936888 6.090993161396375 3.6315215334659974 
2.338078011197719 5.894689476538299 8.53435223148393 10.421520780855293 11.711655217224303 12.567406652947353 13.122424357971317 13.474756246221743 13.693168050097508 13.82508480946396 13.902625362116083 13.946949003259839 13.97151762246469 13.984548936301893 13.990776027571696 13.992606783229357 13.990774221768751 13.984545043142646 13.97151108424699 13.946939004201987 13.90261087170795 13.825064665484057 13.693141092694399 13.474721502879733 13.122381261705739 12.567355259688094 11.711596387786534 10.421456285176639 8.534284743085882 5.894622451058876 2.3380163768246733 
-4.149714640393429 5.042379960115663 9.504021348369944 11.78955853212447 12.889448778601905 13.414049027822566 13.679121041714618 13.82289568061831 13.90347706591768 13.948453872671793 13.97305652252795 13.986192605158507 13.993022363604114 13.996442252049157 13.998002870883083 13.998449706350549 13.998002639060322 13.99644174976473 13.993021514039606 13.98619129536915 13.97305460930423 13.948451191529038 13.903473444361438 13.822890990448965 13.679115268511417 13.414042281430406 12.889441142398024 11.789550032868501 9.504012109706046 5.042370573536654 -4.149720562961657 
-4.666417295231102 4.345385161961133 9.774901914967906 12.352445664711524 13.392719527666289 13.763411931660295 13.894655399418944 13.948156998164675 13.973773307021913 13.98686094284831 13.993535378774753 13.99687220166328 13.998502681547404 13.99927443070924 13.999610848372662 13.999704621064875 13.999610823836973 13.999274377390456 13.998502590993573 13.996872061226687 13.993535172753836 13.986860659303268 13.97377291019224 13.948156348393423 13.894654569210449 13.763411716719625 13.39272156319877 12.352450748292512 9.774909194350538 4.345392280058352 -4.666412117195257 
-4.650322647513458 4.447853685533121 9.963645343144798 12.599675199259172 13.591275192130206 13.890012762567391 13.966495405063858 13.986753336027306 13.993939489303296 13.99718874900817 13.998736677151955 13.999463612729716 13.999798133766697 13.999948029440535 14.000010485280873 14.000027430899312 14.000010483206664 13.999948024920783 13.999798126156273 13.999463600998824 13.998736657397592 13.997188725112197 13.993939549818103 13.986753213699425 13.966493139173025 13.890008002607885 13.59127414885545 12.599693136915384 9.963689463421016 4.447915006311307 -4.650274633665002 
-4.16295089916467 5.071648933937253 10.398761932580687 12.844231556814833 13.709592572808587 13.94193487799023 13.989549923895993 13.997842775397316 13.999681140636989 14.000364383076956 14.000669002710481 14.000804093475859 14.000862807715837 14.000887761136317 14.000897709790433 14.000900337849576 14.000897709662338 14.00088776084398 14.000862807121818 14.000804093583694 14.000669002101972 14.000364347739378 13.999681183489397 13.997844185528788 13.989548912536907 13.941902865202266 13.7095093511962 12.844119780878986 10.39871739013518 5.071689580086274 -4.16287099798426 
-2.3489531851032335 6.437873561126436 11.26746085106178 13.254120542645973 13.852195150996117 13.980678846598005 14.000058537817116 14.002278928430586 14.002595017083703 14.002687739808172 14.002725409317415 14.002741359990507 14.002747929307784 14.002750571217492 14.002751578732644 14.002751837735781 14.002751578724693 14.002750571260906 14.002747929103899 14.002741358999254 14.002725421869881 14.002687725411047 14.002594562773806 14.002280063504385 14.0000793201326 13.980671002895187 13.851792352377977 13.253029935601216 11.265650619743955 6.436069929689273 -2.350428326566751 
-0.8472719028679068 7.507498685797426 11.903065721968519 13.51413929922619 13.909391333903196 13.968792094745806 13.973104586597064 13.973200275204716 13.973238509821792 13.973245924619572 13.973246631671714 13.973247144678899 13.973247329221028 13.973247381084008 13.973247397346793 13.973247400886708 13.973247397329601 13.973247381132744 13.97324732959882 13.973247140412248 13.973246638839207 13.973246075696938 13.973237655846761 13.973195602198958 13.97314125381752 13.969116456338108 13.909383768757497 13.50949179883377 11.89104342439653 7.488361447230674 -0.8631029445889884 
-0.5023148782611354 7.842877312483001 11.961006265930507 13.33944594212174 13.637463964221288 13.670437584794241 13.670254991469193 13.669957432568214 13.669986180897517 13.669990513389658 13.669989533521223 13.669989532723854 13.669989542354129 13.66998953640742 13.669989535292759 13.669989535038935 13.669989535277388 13.669989536330482 13.669989543592681 13.669989527949193 13.669989506308065 13.669990863920429 13.669986130132553 13.669940230782421 13.670272624548502 13.671325662705566 13.642108460799479 13.339449792909427 11.912909480157358 7.7534062605170035 -0.6028590655789573 
-0.7393299084206663 7.4372643286866165 10.873997843342497 11.989491973458177 12.222520058209675 12.245061381449123 12.243943939274514 12.243610741800753 12.243638939297858 12.243643458561117 12.243642545234877 12.24364255234728 12.243642569374657 12.243642566680316 12.243642566736902 12.243642566798808 12.243642566742297 12.243642566442134 12.243642570970719 12.24364255224493 12.243642470403303 12.243643870445997 12.24364084444521 12.243584365881711 12.243863882955418 12.246529020144099 12.234556589537725 12.037595466406357 10.87399733488625 7.057175212873102 -1.029096883011732 
0.46646909304012124 4.84636800613264 7.0727002778472 7.872503803888351 8.044987967160862 8.061929179664457 8.060959871087748 8.060672975094498 8.060694209714741 8.060698373563193 8.060697638979429 8.060697633023693 8.060697648724423 8.060697646631493 8.060697646633455 8.060697646691414 8.060697646658083 8.060697646323383 8.060697650031097 8.060697638163331 8.060697542378438 8.060698662492085 8.060697887133939 8.060645052416547 8.060798156662527 8.063355392943434 8.064157531415413 7.961982053882958 7.452788241684875 4.846360362558562 -2.3783273226474924 
-2.8243371472441323 -2.3777123361130434 -1.0153383378976106 -0.4941643662289576 -0.37614464250098895 -0.3642104725755344 -0.36486124794558694 -0.36507047442304 -0.36505635099486333 -0.36505319978124834 -0.3650537168656731 -0.3650537264413851 -0.3650537146655061 -0.3650537161377212 -0.36505371615910465 -0.3650537161159616 -0.3650537161343394 -0.36505371638905 -0.3650537138122063 -0.3650537206166802 -0.36505379777961183 -0.36505301923534944 -0.36505305619711287 -0.36509068414626694 -0.36502663947448727 -0.36303193027613506 -0.3602832900033863 -0.39361341059156135 -0.7255771231290785 0.4670855062257222 -2.824334840177026 