Step: 225.0
14.524418092963412 14.395317757743626 14.68801369318332 14.908676951971339 15.071565655253757 15.169902028226929 15.223005780063005 15.249445697711895 15.261826902968512 15.26734947863534 15.269717082346839 15.270699076007439 15.271094802284013 15.271249430633898 15.27130558445719 15.271317191495521 15.271295250090331 15.271216901668138 15.271003571287642 15.270449788485557 15.269047787606539 15.265585607615568 15.257275481691874 15.237983685496408 15.194943955823485 15.103420848729602 14.920018233218434 14.578230141434718 14.007627314298556 13.057354985089304 13.055512900593339 
14.063359328666321 13.728929559055944 14.031929804585326 14.33872425955735 14.540478279236547 14.65747113151009 14.719030206465263 14.749196368180076 14.763170375627942 14.769355791528668 14.771992588390647 14.77308153648039 14.77351890171939 14.773689366313668 14.773751189490026 14.773764076458516 14.773740351086747 14.773655298266316 14.773423529031156 14.772821482470874 14.77129605381361 14.767525087165732 14.75846099513554 14.737378172921453 14.690212414465726 14.5895140030938 14.38632614565557 14.0045722718165 13.341330247402947 12.404911455230087 11.305009199653744 
11.616033390753579 12.639633647377833 13.376873084305252 13.858588283495026 14.14240787366682 14.294951214380262 14.371609939526572 14.408011664009827 14.424501925305071 14.431681543317517 14.434703906738859 14.435939907085702 14.436432498071746 14.436623338313035 14.43669233858077 14.436707027606648 14.436681756234597 14.436590207738616 14.436340236886661 14.435689864885012 14.434038789266035 14.429947026154043 14.42007962146884 14.397027160122175 14.345141553404835 14.233389183746542 14.004999415209149 13.565801786989425 12.784400897035065 11.472371017187593 9.039428647467235 
9.129766515998451 11.537991508048792 12.777537041590278 13.480058865018622 13.861546132930163 14.05732306723401 14.152380632164034 14.196377332836903 14.215915954948832 14.224290306804761 14.227771412288922 14.229180460801768 14.229737304696158 14.229951599281076 14.230028824633774 14.230045709760283 14.230019145570388 14.229921491395459 14.229654172479984 14.22895737539385 14.227184621544854 14.222779477886808 14.212120050608158 14.187107889555286 14.13048751999021 14.00760972013529 13.753792229773156 13.259090728366681 12.352811069193304 10.779150351990491 8.322729768368763 
8.341990929337236 10.788742446535457 12.334987898766677 13.20831052567023 13.675458190601201 13.911109194172276 14.023848883694411 14.075342984706214 14.0979485374805 14.107540522375812 14.111493192997807 14.11308108062017 14.113704526381387 14.113943172424147 14.11402897104568 14.114048243719385 14.114020646555728 14.113917505699316 14.113634481931307 14.112895659687716 14.111012981971424 14.106325850001978 14.094958625104358 14.06821491467001 14.007488985611628 13.87524271870428 13.60114592576804 13.06511793272096 12.08561577585799 10.446382578998474 7.973808771019656 
7.97353286823237 10.442086103077871 12.070719685754746 13.036890715343016 13.56077407838589 13.826010756003322 13.952786072914911 14.010530376999666 14.035786377064143 14.04645997474015 14.050840521819815 14.052593389176037 14.05327907780599 14.05354071923675 14.05363469798974 14.05365632695252 14.053627949427012 14.053520142424997 14.053223752048332 14.052449449141161 14.050475049059482 14.045556288860723 14.033619801923354 14.005523043262672 13.94171468575624 13.802835509383918 13.515545959545207 12.956603750421579 11.948128285076214 10.285581392350348 7.812908507669735 
7.809376016634298 10.280330560811425 11.938770465861191 12.941968752865579 13.495834786095708 13.779137216234638 13.91534727944113 13.977583555250538 14.004843240098158 14.016367327877466 14.021095054735898 14.022985235671005 14.023723820001035 14.024005344387131 14.024106507872032 14.024130270684301 14.024101342202128 14.023989803941152 14.023682779154262 14.02288067888943 14.020835875857253 14.015743889732342 14.003395597762978 13.974361383321058 13.908536973803601 13.765646382455767 13.471254152634849 12.90197960563058 11.882061828525979 10.211858076298663 7.740225510302012 
7.737465439591606 10.208364355208813 11.87698261120402 12.894851500225839 13.462081901752866 13.754779550177277 13.896460195296388 13.961522074523222 13.990123137200108 14.002245427546823 14.00722731301473 14.009221380955148 14.01000109569219 14.010298440228599 14.010405436975512 14.010430985127579 14.01040169873803 14.010287368009632 14.009972460497996 14.009150194701757 14.007055723704699 14.001845692876385 13.989228629520143 13.959614994185861 13.892628184691253 13.747625875563696 13.449907231877305 12.876300888707512 11.852094718762256 10.179362825502425 7.708568884073703 
7.7069740346124025 10.177458625209026 11.849583091361293 12.87300725307445 13.445814138551567 13.74284259544394 13.887326209026803 13.953966815762117 13.983371846928222 13.995873715406297 14.001024623615997 14.003090528710214 14.003899629488727 14.004208591821468 14.004319975355061 14.00434690848185 14.004317414828325 14.004201140048078 14.003880808678966 14.003045019656454 14.00091833185821 13.995634810123516 13.98285861653176 13.952922367557884 13.88533510012387 13.739334449809371 13.440179012521044 12.864859115588633 11.839091793309176 10.165555790667545 7.695223601924349 
7.694417632361509 10.164621766004167 11.837927736119244 12.863401932668724 13.438417281792832 13.737301423391838 13.883089449450882 13.950527620765767 13.980369071781098 13.993089948134037 13.99834349920667 14.000454937329874 14.001283341643216 14.001600166353068 14.001714595587622 14.001742523122713 14.001712933627724 14.001595422313436 14.00127166863272 14.000427559032834 13.998281716274589 13.992956336927843 13.980094137440192 13.949994083316094 13.882122975573719 13.73568444930564 13.43594358105335 12.859972034966253 11.833652047037942 10.159869427291321 7.689760108019833 
7.689377507968584 10.15943513925297 11.83313355220876 12.859348135424936 13.4352088052664 13.734847873221884 13.8812031021293 13.949012625526171 13.979071098515238 13.99190741907813 13.997217821380952 13.999355531851988 14.000195449559632 14.00051709048517 14.000633429648598 14.00066200682885 14.00063240608736 14.000514228855206 14.000188603439993 13.999339989925437 13.99718400183086 13.99183715180169 13.978932660632857 13.948756085900145 13.880759714127132 13.734138927783588 13.434167803632503 12.857953566691933 11.831439807020738 10.157583332345391 7.687573083474734 
7.687379099352832 10.157370034401143 11.83120272255851 12.85768848953376 13.433871734305061 13.733811110870125 13.880402165296031 13.948373230055363 13.978530245477629 13.991420972198053 13.99675895406542 13.99890966969916 13.999755356821076 14.000079427295484 14.000196740441316 14.00022567508592 14.00019614135102 14.000077788545283 13.999751550278672 13.99890131683616 13.996741443913033 13.991386022719078 13.978464238376162 13.948256071754018 13.88020804391022 13.733512707540743 13.43344853233826 12.85713757841317 11.83054786735924 10.156663683220213 7.686694074773806 
7.686536046216985 10.156502904080071 11.830402717739746 12.857015148538446 13.433343559172204 13.73341286487369 13.880101154942716 13.948134916836928 13.978327378055265 13.991235904731118 13.996581909311695 13.998735894599651 13.99958279012379 13.999907269300753 14.000024726250436 14.000053759744052 14.00002439238039 13.999906376263292 13.999580777547427 13.998731628054497 13.996573292094169 13.991219363901257 13.978297359635276 13.94808369592776 13.880019412391295 13.733291439168132 13.433176394354904 12.856802755485083 11.830154775904813 10.15623847837113 7.686280618763076 
7.685996644436937 10.155971023131665 11.82997140172923 12.856727751600255 13.43318874412215 13.733346112851581 13.880073955389026 13.948113440734117 13.978296156706605 13.991192121737258 13.996528265722834 13.998676022702066 13.999519480445697 13.999842250536073 13.99995896952471 13.999987839149183 13.999958791966206 13.999841786158246 13.999518465140966 13.998673942658254 13.996524214039157 13.991184627830181 13.97828305010582 13.948091860489843 13.880040643243321 13.733298085928134 13.433124301512763 12.856647558431238 11.829879220002853 10.155873656940651 7.685902908383839 
7.685163282886075 10.1552042944728 11.82949165979116 12.856601236196687 13.4333295927083 13.733604049288758 13.880323456024223 13.948293960754425 13.978400958310182 13.991239655022943 13.996540206953076 13.998668494497208 13.999502238596618 13.999820520390976 13.999935375946217 13.999963767474082 13.999935285601744 13.999820289267497 13.999501748062407 13.99866752234189 13.996538377624358 13.991236386959994 13.978395432970297 13.94828515084782 13.880310252595079 13.733585506576153 13.433305262094887 12.856571499614779 11.82945793043524 10.155168963499698 7.6851293680243415 
7.683058312366285 10.153351270417348 11.82855588646305 12.856689191049206 13.434082453253739 13.734528722396114 13.881092650622765 13.948804707716125 13.97869165102778 13.991386276937268 13.996605890793598 13.9986931417532 13.99950758858786 13.999817356905654 13.999928788301656 13.999956289364535 13.999928744195111 13.999817246443422 13.999507360748057 13.998692704282197 13.996605093924329 13.99138489836647 13.97868939116378 13.948801207145115 13.881087540503112 13.734521710220111 13.43407343118765 12.856678336902673 11.828543717424854 10.153338615797786 7.683046195766551 
7.6771295193349784 10.1483894013736 11.826540385795699 12.85769861602713 13.436636958796196 13.73713481565628 13.882983711533555 13.949937502796045 13.979290344163529 13.991675475959136 13.996735840716449 13.9987475686653 13.999528317389828 13.999823824092758 13.999929691896355 13.999955758574277 13.999929671169845 13.999823773218727 13.999528215259225 13.998747378326636 13.996735504355334 13.991674911025488 13.979289443750643 13.949936143905266 13.882981773933226 13.737132211057869 13.436633665376167 12.857694708594122 11.82653604973702 10.148384921056083 7.6771252390872275 
7.660215341868386 10.134651465805971 11.823005405657678 12.862513909996606 13.44457897402208 13.74367597942603 13.88709626095267 13.952158660521544 13.980378006310595 13.992172240017478 13.996950870055922 13.998836527095612 13.999563543389927 13.999837126229657 13.999934674080642 13.999958623991352 13.99993466466784 13.99983710355666 13.999563499014513 13.998836446668026 13.996950731868205 13.99217201415664 13.98037765543443 13.952158143318595 13.887095538921717 13.743675026583627 13.44457778773482 12.862512519892352 11.823003877087361 10.13464989534476 7.6602138445167745 
7.6065855920626575 10.099282425163324 11.8188260047846 12.883635685301066 13.466119017903457 13.758013470882167 13.894978723472354 13.956042823371442 13.982157405202276 13.992944994070465 13.997272773883388 13.998966129956456 13.999614244564004 13.999856602871748 13.999942575131959 13.999963617529822 13.999942570965526 13.999856593010684 13.999614225717538 13.99896609667855 13.997272718186549 13.992944905301506 13.982157270515968 13.95604262907754 13.894978457388396 13.758013125565407 13.466118594032123 12.88363519416256 11.818825469196483 10.099281877691215 7.606585071023056 
7.460925451103424 9.973898110679029 11.862560749164713 12.951885323662456 13.51441177550422 13.784801099346716 13.908183632720746 13.962092009830359 13.984785702897076 13.99404117004942 13.997715136860874 13.999139847482414 13.99968097549704 13.999882004261524 13.999952937833635 13.999970243254408 13.999952935974843 13.999881999932404 13.999680967402957 13.99913983353234 13.997715114073813 13.99404113457642 13.984785650217441 13.962091935367098 13.908183532574629 13.78480097115616 13.514411620189815 12.951885146143384 11.86256055702426 9.973897915401274 7.4609252652956215 
6.311380349467207 10.019860786731098 12.079774630463362 13.111281410791898 13.601238899643889 13.827077084756066 13.927487131625425 13.970486383659184 13.988295842408137 13.99546253099965 13.998275394429676 13.999355711997099 13.999762636947992 13.999912732405665 13.999965386689547 13.999978186660496 13.999965385718735 13.999912730166143 13.999762632815292 13.99935570497949 13.998275383135862 13.995462513661419 13.988295817084364 13.970486348044187 13.927487084675175 13.827077025716369 13.60123882610348 13.111281327840185 12.079774547815807 10.019860699882585 6.311380268449335 
0.7257542169867496 10.63763170239841 13.289542704576608 13.82204808963834 13.934493623867496 13.974689878827562 13.990586634815001 13.996556008024152 13.998759374341688 13.999559452412738 13.999845519294942 13.999946446133048 13.999981618317827 13.99999370624876 13.999997697507185 13.999998630743749 13.999997697485005 13.999993706198007 13.99998161822958 13.999946445972745 13.999845519092391 13.99955945205625 13.998759373389314 13.996556010102502 13.990586626372918 13.97468988217332 13.934493651091309 13.822048055476527 13.289542629718825 10.637631726274881 0.7257542182913093 
0.768077854272048 10.356473615693805 13.489993169711815 13.966032514216863 13.994425562423869 13.997350035270061 13.999124930096501 13.999713513655713 13.999904857593242 13.999968703523958 13.999989681302116 13.999996544338206 13.999998775625611 13.99999949560044 13.999999720656437 13.999999771433496 13.99999972065652 13.999999495601145 13.999998775620414 13.999996544375373 13.999989681141514 13.999968703991058 13.99990485755158 13.999713505892922 13.999124973218276 13.997349934230463 13.994425547941313 13.96603292412839 13.489993319592898 10.356473014980656 0.7680775659850505 
0.7729039223251258 10.392508752820287 13.497380071345253 13.985076861469118 14.002208214921668 13.99973946411722 13.999924202044712 13.999982225489568 13.999991080045541 13.999994883680872 13.999995971031613 13.999996302144767 13.999996404731506 13.999996435771415 13.999996445053121 13.999996447077972 13.999996445052746 13.999996435772156 13.999996404737105 13.999996302070713 13.999995971545363 13.999994881224191 13.999991087369935 13.999982224477915 13.999924076463339 13.999740132004336 14.00220696320009 13.98507551180464 13.497383632728345 10.392515333038993 0.7729067277453724 
0.9966857769969659 10.66652306973992 13.587053436840835 13.995954271148008 14.002368925892586 13.999880707473467 14.000040573090613 14.00004511705869 14.000043649412902 14.000044135910391 14.000044132473137 14.000044148567923 14.000044151652041 14.000044152619996 14.000044152907915 14.000044152964593 14.00004415290921 14.000044152613961 14.000044151667447 14.00004414861475 14.0000441315357 14.000044143158867 14.000043612242493 14.000045234061373 14.000040552247068 13.999878649963858 14.002379227295027 13.995941287915297 13.587022279902591 10.666511694417824 0.9967045107877379 
2.9709848820921394 11.683074996919578 13.838809704914938 14.010717789171617 13.999996561769068 13.99994324248712 14.000063819897049 14.000040603090428 14.00004351180669 14.000043299331491 14.00004329514371 14.000043300815705 14.000043299614616 14.000043299850537 14.000043299822647 14.00004329982882 14.000043299820293 14.000043299867311 14.000043299528205 14.00004330109612 14.000043295338351 14.000043287987202 14.000043612650018 14.000040041919535 14.000065699961484 13.99994284604643 13.999962304058656 14.010873644339464 13.838736899243836 11.68272418536154 2.970530979077003 
4.529498368052516 12.395760964363179 13.98475943829729 14.012518673556508 13.996557220666647 13.998138453191727 13.998135340744739 13.998108457402674 13.998114119972808 13.998113364201979 13.998113431480805 13.998113430061824 13.99811342903663 13.998113429332378 13.998113429273474 13.998113429285475 13.998113429272838 13.998113429317034 13.998113429208619 13.998113428920217 13.998113436581662 13.99811335542498 13.99811401866031 13.99810975158265 13.9981269180163 13.998169134293917 13.996558416209467 14.011893493993465 13.986620318516904 12.397199768894385 4.531435815395362 
4.629301861056863 12.518453835958583 14.038639468005174 14.030236476827499 14.013415104820226 14.01553614656003 14.015477328534098 14.015449936669853 14.015456893754347 14.015455846826473 14.015455956405903 14.015455951122126 14.015455950057367 14.015455950477977 14.015455950382808 14.015455950400304 14.015455950395921 14.015455950426938 14.015455950137126 14.01545595198837 14.015455945354603 14.0154559225466 14.015456583146182 14.015449856859394 14.015491628986185 14.015401315420835 14.01403794556172 14.030236409630374 14.025104170449037 12.529906653528498 4.631179511525248 
4.667666396202789 12.78427877969562 14.046806777583148 14.02721125275151 14.014257294547159 14.016011622225564 14.01594656107825 14.015928162785988 14.015933173096041 14.015932396755698 14.01593248387507 14.015932477649116 14.015932477487935 14.015932477660069 14.015932477615735 14.015932477627999 14.015932477597888 14.015932477787945 14.015932476739113 14.015932481122235 14.015932474127727 14.015932370721922 14.015933798866653 14.015923134549423 14.015966518045936 14.016080791175638 14.012391047182467 14.040747782236947 14.046806653237784 12.515306664385337 4.606605707991735 
7.56632331139696 11.770101760399411 12.51463256662393 12.5231457823353 12.513645460118513 12.514563835380429 12.51457947732315 12.514561020535805 12.514564360618353 12.514563996571157 12.514564014143257 12.514564017210086 12.514564016100987 12.514564016318632 12.514564016284453 12.514564016293175 12.514564016273521 12.514564016335836 12.514564016324687 12.514564013976676 12.514564042755955 12.514563798918747 12.514565399208179 12.51455811751984 12.514563890060812 12.514844198065601 12.512209343802851 12.511693898944927 12.783604985490589 11.770101290189405 4.112837175379261 
4.311543758239918 4.113030406463838 4.606199965012941 4.623155811496236 4.616608951861958 4.617005327473404 4.617064735633246 4.61704594787481 4.617048676930187 4.617048451825359 4.617048446888647 4.617048453250625 4.617048451653128 4.61704845194793 4.617048451901919 4.617048451908184 4.617048451905116 4.617048451922286 4.617048451892196 4.61704845114767 4.617048462691365 4.617048358892501 4.617048986071938 4.617047447828718 4.617027010461491 4.617375008842723 4.614679427532104 4.621278303458746 4.667259869838215 7.566523070397171 4.311549178709556 