Step: 2610.0
10.604995464537453 10.438400061247854 11.021559070461011 11.636884249820111 12.312195783869118 12.975313885211218 13.593100094567399 14.149118175722261 14.636161566909747 15.05191766296968 15.396650453089947 15.671850128726309 15.879393191876613 16.020989120377262 16.097803288651175 16.110200177200593 16.057577593577022 15.938275743928548 15.749551357955843 15.487610237450586 15.14769379988228 14.724218471885038 14.210974179527872 13.601405585741993 12.889042063778009 12.068230598731992 11.135677022762637 10.09251618575122 8.961985012052446 7.588604310527734 7.628135919357775 
9.958518323570162 9.463989953290048 9.957862842558784 10.69358382519348 11.456305531374959 12.192449833432065 12.871858571299452 13.480331518695577 14.011825455055888 14.464768296006792 14.83995690660064 15.139297394495562 15.364995931842875 15.519011531143686 15.602675559265364 15.616429070990597 15.559652041299794 15.430569904682525 15.226228179512761 14.942528426997168 14.574320310839287 14.115546840343475 13.559445449722192 12.898821167264078 12.126438910457253 11.235665848695554 10.22156765262475 9.084286229535518 7.824373464668224 6.608381564144344 5.720305908719883 
6.998593555151311 7.820996004506597 8.733209592379117 9.671144276971328 10.574408706342654 11.410267272400667 12.16563317832313 12.834258800466397 13.414321593063374 13.906615823226447 14.313374072653353 14.637435656023937 14.881642967889354 15.048393643828453 15.139308250615 15.154991135913956 15.094871803052573 14.95711890524348 14.73862072941108 14.435026164803089 14.040839521879029 13.549561910826418 12.953871937467822 12.245839874265487 11.417173526987591 10.459489328402427 9.364687849670823 8.124650495296615 6.74038649283541 5.1879173795180105 3.0151401713762986 
3.836086906863958 6.004114329656863 7.4272938847581 8.630699288605472 9.696486098053578 10.6454436410997 11.484326177152854 12.217306377860341 12.848155970595197 13.380887303103053 13.819691531823768 14.168665896429202 14.431494462482284 14.611147986658521 14.709629422874908 14.727776672576535 14.66512766861211 14.519849179017095 14.288727748716237 13.967218198914 13.54954170882379 13.028821264138058 12.39723606795287 11.646165427673704 10.76626745487593 9.747382191514541 8.577915760865078 7.243424956267073 5.716869630356012 3.913173538381504 1.753351178321732 
2.3123699215789473 4.4811820486201315 6.222981721303475 7.644778242992675 8.861681442126255 9.91971376587163 10.840815645857182 11.637541905052181 12.318687802958957 12.891360874667667 13.361734623936215 13.735223421547667 14.016413036492935 14.208900131115078 14.315116378380699 14.33617636018383 14.271769937788495 14.120109231532094 13.877933228955357 13.540567217068908 13.102028449992527 12.555162520241463 11.891784831961772 11.10278404571677 10.178109781515015 9.106484540286077 7.874525784437081 6.464115131278656 4.84571652121203 2.981857158573613 0.840526574661022 
1.2323669405442412 3.384814785175496 5.216429236630168 6.771479373571864 8.102938045715465 9.253044655063793 10.247485685778292 11.102891669177355 11.83116096157839 12.44163321883046 12.942066833090283 13.339010371915304 13.637870047515309 13.84283753846068 13.956769253728474 13.981068910091519 13.915603047906858 13.75866542675421 13.506996790068655 13.155858929680422 12.6991548548378 12.129578914003728 11.43877027723999 10.617427506102914 9.655315637366554 8.541055359943346 7.261497385183788 5.800540311175311 4.1391991721181265 2.2589870737225164 0.15060569385194839 
0.42927346623605184 2.5476244325882376 4.409940058309508 6.031326575038113 7.438595197952516 8.658668015991966 9.71347695760247 10.619574085421348 11.389807884645302 12.034605569153058 12.56269688502122 12.981432492361446 13.29685945683242 13.513669850584591 13.635099525137615 13.662826632978536 13.59690084120852 13.435721178660165 13.176070755527116 12.813208628695325 12.341011785675024 11.75215278417483 11.03829038971907 10.190241350162353 9.198093003659606 8.05121645349967 6.738198171926667 5.247029819911957 3.566230948876127 1.6876712477131741 -0.3893277993137518 
-0.1900143198576164 1.895049383478372 3.7631471623383033 5.417867094954404 6.871959515911847 8.141796205501128 9.243474903789716 10.191232598594528 10.997280593117852 11.672130465656329 12.224870409001795 12.66328514677865 12.99384451703714 13.221614570154177 13.350140967859636 13.381343025825235 13.315445161914786 13.150962517564805 12.8847490856117 12.512109353669713 12.026967827153305 11.422084640429784 10.689300143692918 9.819788483390736 8.804304443112981 7.633432558395853 6.297924224965242 4.789323130567424 3.1011519410461856 1.230750961695557 -0.8185795824580893 
-0.6761284011944545 1.3794101014901823 3.243460172251165 4.9142189582860905 6.396959776184262 7.701153597445451 8.837996400637964 9.818848585162929 10.6544984736395 11.354886931157615 11.928991512583078 12.384716979146473 12.72875408190078 12.966417374425491 13.101487575303969 13.13608408694103 13.070588088306678 12.90363003842982 12.632148864986199 12.251523954509226 11.755775395026774 11.1378229791397 10.38979106305057 9.503346497963998 8.470064694118769 7.281841267446663 5.931404279585031 4.413016557114347 2.72343817979561 0.8631038631216535 -1.1627259220805317 
-1.0616216750611367 0.9688573360236458 2.825309403059049 4.503228645479584 6.003639805709849 7.331570582562422 8.494515081810505 9.501218082504955 10.360849483034892 11.082473434221177 11.674678777920137 12.145277816652172 12.501033258702432 12.747409215265352 12.888358371699642 12.926161647367277 12.861334956126141 12.692613585387964 12.417019872758852 12.030014932947422 11.525730442686141 10.89727223769205 10.13708443205695 9.23736239775287 8.190507445164288 6.989626714447892 5.6290952771122615 4.105201363981477 2.4168723141871373 0.5664192395083718 -1.4398374148631392 
-1.36921251958669 0.6404848230033363 2.4887392671483366 4.169550513929248 5.681340827027978 7.026157193993049 8.208745670794471 9.235677021895706 10.114604886950705 10.853657479639311 11.460928957827774 11.944038425977467 12.309741506193486 12.563595042807881 12.709684161720043 12.750423361455839 12.686442118209003 12.5165625864304 12.2378734111734 11.845899843408413 11.334866362382076 10.698043930942163 9.928170119917862 9.01792727436832 7.960462503478328 6.749933890649421 5.382068478430961 3.8547154426732053 2.1683679057610457 0.32660858607309456 -1.6635844328220781 
-1.6159223256531707 0.37683733365873684 2.217785745861697 3.8999561179409223 5.419964383832776 6.777674070216457 7.9757020027048915 9.018834820110596 9.913411293010046 10.666707319424662 11.286347210220642 11.779758226744232 12.153682965978378 12.413763164727838 12.564207120743736 12.607550861438419 12.544520714074258 12.374002356653158 12.093118841261802 11.697417331507912 11.181161077423916 10.537719098294627 9.760040822316647 8.841196346951246 7.774955179740362 6.556368139959528 5.1823105791092585 3.6519434195158325 1.9670549338052994 0.13226128928505654 -1.8449364252239167 
-1.8153797815950208 0.1638144938687648 1.9992325718700097 3.6830810571302273 5.210435269370877 6.57929529905993 7.79046183988501 8.847207570258748 9.754772238280847 10.519744668829182 11.149402999840616 11.651073384567267 12.031549657386966 12.296600722924497 12.450581380177269 12.496155435852195 12.434135949504492 12.263445153255816 11.981195121187815 11.582888867170709 11.062739463189905 10.414101140615962 9.630000155989316 8.703743326538607 7.62956763762959 6.403275936395191 5.0227863754553965 3.488518234392426 1.8035577342070668 -0.026400046336769928 -1.9932693875705718 
-1.9793636163647699 -0.010778880307620206 1.8216275654346603 3.5090533741069287 5.044851500372724 6.425067532512133 7.64872705766062 8.717744989148063 9.63648359612683 10.411079755922806 11.048678596415293 11.556679192043182 11.942057388976341 12.21079948008583 12.36746158302068 12.414859644853864 12.353890624309603 12.183484177276284 11.900684455644015 11.50086220978462 10.978057173163764 10.325448482960391 9.53594505126265 8.602876120336102 7.520741808775245 6.2859516046166934 4.8974398941086035 3.35702098459398 1.6693706348200295 -0.1583760484244011 -2.117258971373737 
-2.1191223783703035 -0.15848022699926004 1.6744186601789022 3.3691430990004414 4.9165839828424085 6.310288810038216 7.547305019042324 8.628292947085237 9.557019308616244 10.339507231872238 10.983085001097097 11.495483816972587 11.88405537074453 12.155136536559942 12.3135666601412 12.362353554947664 12.302481881860782 12.132858860880487 11.850395262487798 11.45022301567191 10.926053422714558 10.270680583784259 9.476631321293842 8.536952639464188 7.446105402526148 6.200889786759341 4.801250349037833 3.250720215909471 1.5562347796249176 -0.2727848617498828 -2.22582559258979 
-2.2469104336368435 -0.29158047431988743 1.5470808684452 3.255533080771991 4.820535919576802 6.231998353492763 7.484627817243418 8.578037361027151 9.515870407817651 10.304546628685037 10.95202359233895 11.466712843699966 11.856592325539783 12.128516221131173 12.28770763288919 12.337415736078277 12.278721389699205 12.110480576562898 11.829401730868122 11.430259973022363 10.906257743996159 10.24954633500786 9.451924687581743 8.505727689192858 7.404900487228846 6.146215093071313 4.730490265766728 3.1634221455000513 1.4554272466282192 -0.380054099142658 -2.329442912630977 
-2.3784030864224928 -0.425173277310288 1.4281375823547329 3.1614633328571493 4.753862353551917 6.189785338073012 7.461390567368732 8.567944919837297 9.513823385836321 10.306603854787694 10.955469955338705 11.469944879884677 11.858923995227563 12.12996202739237 12.288771028342593 12.338891854556792 12.28151151665586 12.115409558983032 11.837027573505544 11.44066680268465 10.918829617893827 10.262731266605426 9.463017709078414 8.510731786633764 7.398570523086712 6.1224648672679365 4.683459052577113 3.089678359985657 1.3568930143748577 -0.4938285745196034 -2.442408422583857 
-2.537264952238656 -0.5809848247182642 1.3043994991239112 3.0824111887352967 4.7177911435095545 6.187048720407826 7.481296979020213 8.601152335637849 9.553130052882157 10.347015179562709 10.99395166600244 11.505059007524046 11.89044984087024 12.15855132710646 12.315653611199853 12.365627734574844 12.309773785463335 12.146776823029178 11.872763057856181 11.481462937992882 10.964502693935394 10.31186258446491 9.512558451810987 8.555622313519214 7.431478342580745 6.133840348201579 4.6623214639024955 3.0260139981528313 1.2485602290524986 -0.6347047094306792 -2.5873153923735877 
-2.768651048217572 -0.7932817623873278 1.160557174135353 3.021848311506974 4.720728546859471 6.232548348339853 7.55172414890902 8.683171138469952 9.637483061284717 10.427920681243672 11.068388888198095 11.572077416921188 11.950571598918035 12.213291175031106 12.367149767292455 12.416359252489677 12.362331192979395 12.203649798672181 11.936108294520063 11.552816046242775 11.044401205860037 10.399355987818401 9.604599668487154 8.646366155552986 7.511557684050338 6.189757964711213 4.676229733568358 2.976716533263866 1.1159861099769424 -0.8360721496459188 -2.808479797785252 
-3.154874811613822 -1.1461968733378989 1.0081158613717052 2.9998734681742887 4.781697356953858 6.341539370746008 7.683935520547355 8.821709558637457 9.77168996689072 10.55191046122526 11.179770716906372 11.67089382949585 12.038474432961026 12.292941278665257 12.441800047267906 12.489568275714458 12.437752951289648 12.284847751726067 12.026343277203079 11.654756224457879 11.159699864107079 10.528044717293579 9.744257179205915 8.791050158272542 7.6505218989009265 6.30598899369892 4.7447768387938165 2.962490631570953 0.9712954319773088 -1.1813574551907013 -3.187558610370268 
-4.361233868406003 -1.5403982693228078 0.9059208791236343 3.0597141426236343 4.931326208448893 6.535522227661333 7.8924312309474685 9.025921623795636 9.960952600377361 10.721401490473887 11.328654889707783 11.800892212659853 12.15284354500924 12.395800214327116 12.537717716816845 12.5833215337718 12.534178425244685 12.388722858630265 12.142237041968327 11.786785400490013 11.311113201422467 10.700546267166384 9.936981104927225 8.999126124919366 7.863216121803968 6.5044184631208575 4.89900183460131 3.0269787940765314 0.8737247411126496 -1.5709620731236709 -4.38871773994776 
-10.381054347845584 -3.590007664032372 0.5200658815926892 3.588896628512541 5.951850694260033 7.775047495649136 9.174530602868934 10.24371683537771 11.058448412721175 11.67807421742396 12.14697377995673 12.497012404977237 12.750317431323799 12.921752028168427 13.020770441731491 13.052617469914265 13.018973328282694 12.918154900368583 12.744918042290983 12.48981538405986 12.137997676403796 11.667356833874358 11.046048572524148 10.229714300587952 9.159032476343192 7.758215333109494 5.933960162424037 3.570428154170603 0.5018200438114654 -3.6066995957830708 -10.392717321339235 
-11.372461612479759 -4.862752023856563 0.19000589570105625 3.8974728361906847 6.6272386969702355 8.612042903545332 10.033886555586278 11.041183031520127 11.751671619111374 12.253753350988099 12.61001518350601 12.862502497423877 13.038278885100937 13.15414201425776 13.22003092068901 13.241164898461829 13.219167813477302 13.152413316368484 13.035681643114025 12.859036146704367 12.605682456113902 12.248554655522122 11.745588410565162 11.034151939142253 10.025782261278916 8.60270801195413 6.616602386676809 3.885762151667546 0.17798937296713033 -4.87353180082582 -11.380128987641823 
-11.655643054808325 -5.1276949525979525 0.1470979870223697 4.153970077798954 7.068102082598959 9.117477357306635 10.515488960433961 11.446831232705959 12.058889652871315 12.460283771306262 12.72538343748007 12.901941451536413 13.019043516466077 13.093659845603243 13.135235198384386 13.148487713889939 13.134845136543765 13.092879340333134 13.01787365947456 12.900387245175727 12.723452984799389 12.45797613674509 12.056159658301246 11.443523928043575 10.511263409888828 9.111796460564944 7.060406159261873 4.144097461617514 0.13580420017842912 -5.138525277523303 -11.663502492188199 
-11.521231613438877 -4.91778472226234 0.36452421170210464 4.402499430516397 7.319335621142214 9.319133694086538 10.62898635063412 11.455278589708344 11.963149787304735 12.271888794768175 12.460433416817207 12.577241785884544 12.650273582375187 12.694881278056235 12.719101512080538 12.726747527703768 12.718939943167637 12.694560170281804 12.649800015971834 12.576633239713003 12.459721580837495 12.27111017174976 11.962299456789243 11.454196011471074 10.627162070121532 9.31552891778048 7.312516469736389 4.391379058701827 0.3496172050261524 -4.933562496692293 -11.533059361699369 
-10.725391844997633 -4.439933329089596 0.6907795540578044 4.587945422642036 7.349699713144896 9.183454115883698 10.330376138311548 11.011045002146883 11.3986978898817 11.61411779596513 11.733431220194868 11.800635322187759 11.839385665596255 11.861695771334551 11.873377974045889 11.877011740786783 11.873326538568923 11.86159675134915 11.839251880540798 11.800499984300131 11.733364514189127 11.614236749171024 11.399134357947807 11.011803808264952 10.330997174572264 9.182437173864987 7.344072129980083 4.574337112390344 0.6682111358206181 -4.466806319096561 -10.747214313990046 
-10.249886810336132 -4.345440511547262 0.5281793441561431 4.179274756496301 6.711776726017306 8.346632454924455 9.330698742702806 9.88546724170275 10.180936583413938 10.33184693896211 10.407471956549534 10.44572986735562 10.465698711246562 10.476343809737301 10.481654814192044 10.483272911502535 10.481641493608604 10.476322153486393 10.465686055344499 10.445774402300385 10.407686221904752 10.33244981436727 10.182267554964715 9.887883651432032 9.334195548200967 8.349974482050538 6.710750174686325 4.165580825851557 0.4962869588468317 -4.390857630178248 -10.288896825286137 
-10.694540678798155 -5.063747705613788 -0.6190445809612865 2.627360014749997 4.846667306928122 6.253181993574101 7.077634328894665 7.525274417786234 7.751553659004264 7.859173063041335 7.908262891509893 7.930397275838985 7.9406178803998495 7.945516741408765 7.947792050814529 7.94846309669592 7.947790326035037 7.945519378480933 7.940646864650519 7.930516860472247 7.908633053539202 7.860134212459281 7.753719195524167 7.529550679533634 7.085003662838607 6.263902290731018 4.858315664779264 2.626629192230435 -0.6626188320313511 -5.1437427738544335 -10.777846712322503 
-11.722078233585469 -6.589245104710509 -2.938825874677921 -0.2595562631020512 1.5755725509420389 2.7304002841402073 3.3970518904096574 3.7502690651818487 3.9224577591434633 4.000137089925258 4.03297083375463 4.0462884026520705 4.051673374305416 4.053924642731692 4.0548657953605485 4.055129324232759 4.054867195456398 4.053934099815789 4.051715590534689 4.046437986587624 4.033421175631659 4.001322602589416 3.925228326493304 3.7560780929369217 3.4080734060605153 2.749496705774372 1.6054125182212564 -0.21695877605684918 -2.938814086217846 -6.794654216161208 -11.880389517585519 
-11.982572839506494 -9.168496927197257 -6.619543518653167 -4.598214872403004 -3.187943797094888 -2.2983783488506067 -1.7881552915593946 -1.5214418372627314 -1.3942069620604312 -1.3386794331779899 -1.3163737001664901 -1.308006776307589 -1.304989543692569 -1.3038976367420523 -1.3034991904582791 -1.3033959072703478 -1.3034972707875556 -1.3038875315820662 -1.3049476163041727 -1.3078602283271337 -1.3159293452666356 -1.33748966281767 -1.391355555305215 -1.5152443493787005 -1.7757363705709435 -2.274944682526128 -3.144356411538003 -4.518822859252105 -6.4130389187394785 -9.166931672780487 -13.406197745844286 
-13.979934056320015 -13.370370971523595 -11.707766719804729 -10.323313457899763 -9.341578154771803 -8.72046771771631 -8.364738621769542 -8.179645558172133 -8.092047324537747 -8.054295918156338 -8.039431178204309 -8.034033998568697 -8.032187886119678 -8.03157000972904 -8.031363780911636 -8.0313133942339 -8.031362255741767 -8.031562214399727 -8.032155811518862 -8.033921779886208 -8.03908929143633 -8.053374015625758 -8.089816791023564 -8.174732532660217 -8.354707618032588 -8.700893825358646 -9.303951653435616 -10.240350085589444 -11.548477356279053 -11.940200536453146 -13.974955202833833 