Step: 3060.0
10.22513956158398 10.0445695587925 10.626478212255504 11.236480204112022 11.91113649386264 12.578609883582335 13.205354109535742 13.774023543602794 14.276236949214196 14.708367622540877 15.069327668377033 15.359305992374384 15.579006430678941 15.729161414375374 15.81020936896729 15.822078364256608 15.764045506693297 15.634655071440864 15.431685156702907 15.152156250905227 14.792377764528274 14.348032320183519 13.814305358678247 13.186085070709165 12.458299149340672 11.626539194083337 10.688465900040304 9.645619486581023 8.520818111133538 7.1488035420271725 7.2039248552682835 
9.57140377686098 9.050513839552194 9.530245333981693 10.259278682421748 11.020741872899709 11.761363151280925 12.450346940682154 13.072457201026685 13.620353367345983 14.091026628476921 14.48380109702932 14.799167466755986 15.038057350563552 15.20136820565649 15.28964167542872 15.30284464927713 15.240225727568484 15.10023156439566 14.880473406112786 14.577737107426186 14.18803194150573 13.706676371622859 13.128425009330332 12.447654853947105 11.65865929203029 10.75618048483243 9.736374115234275 8.600038765618347 7.347345626398703 6.147089529924549 5.288673115178889 
6.591179544885032 7.383482598900219 8.276201991496785 9.203848697102485 10.104564006944074 10.944578040801881 11.709849104103478 12.392891761599419 12.990433359010083 13.501694610464876 13.92730817163742 14.268581357038913 14.52697951245937 14.703754379730436 14.799674316899164 14.814831767949249 14.748513711585238 14.599126122416859 14.364165810725384 14.040233697054013 13.623083552744703 13.107700246285923 12.488402306996486 11.758965777365818 10.91277125152431 9.94297246711064 8.842777840322915 7.605073059465977 6.2319776094710875 4.701135206343652 2.5620920726510654 
3.404437073919757 5.539481664429054 6.9400317705085275 8.130568638152077 9.192284940035925 10.144847960977309 10.993762575757692 11.74177233987574 12.39104088050183 12.943866515483524 13.40271163947424 13.770024729701452 14.048010932734373 14.238411631059213 14.342315765506969 14.360011807358854 14.290883577798581 14.133350111629941 13.88484743837996 13.541847797944126 13.099909109283377 12.553744073174016 11.897293062709414 11.123775092947714 10.225667748819617 9.194514834256696 8.020234466698696 6.6897073447596185 5.177090724922412 3.3983446152682975 1.2750300996374802 
1.854181981024146 3.987601637082411 5.704370502593749 7.1113142957782225 8.322831682547683 9.383872939342469 10.315031145305397 11.127287085140738 11.827687456060907 12.421492035932099 12.91302034315797 13.305923834564425 13.603209667120934 13.807163413655994 13.919242139491626 13.9399739591377 13.868882678156291 13.704446368168167 13.444092319443932 13.084225696912346 12.620284209729286 12.046805064044618 11.357481504861413 10.545170133617045 9.60177755126481 8.517875344341832 7.281743889083002 5.876687622480735 4.274300831175991 2.437844347360827 0.3354713162933012 
0.7464708495357407 2.8611739783339365 4.6656698388638365 6.20419293428931 7.52913595117106 8.681706600909212 9.686199531430692 10.557574780475711 11.305864683223486 11.93843959331768 12.461085821499097 12.878479669410172 13.194352581174982 13.41150605008946 13.531763021887189 13.555904493883673 13.483618753462366 13.31347785696151 13.042947250108503 12.668427612230122 12.185321686678035 11.588111849371609 10.870424865076647 10.025045959280456 9.04381957010048 7.917333801455099 6.634198167192551 5.179773415540037 3.5361514108673537 1.6854373888182197 -0.38166178357567426 
-0.08489673065090504 1.9933817393238997 3.8266280358178304 5.429984717951693 6.829740571940954 8.05180133605438 9.116671592476795 10.039157282145197 10.830141338748113 11.497972068572453 12.049297143832362 12.489491409596504 12.82283534596786 13.052554956261105 13.180795926160226 13.20857847940465 13.135761691046289 12.961033860761127 12.68193660229479 12.294923080204429 11.795444332590607 11.178051124965585 10.436491691138718 9.563777737406474 8.552183806330103 7.393145672687484 6.0770806882878325 4.593472416265467 2.931894769983713 1.0847449947628496 -0.9487243379310643 
-0.7325570956558822 1.3101328070209812 3.1472956478303127 4.782593387266082 6.228276822725997 7.499696012942287 8.611482401608724 9.576057975683542 10.403578656467113 11.102376348958277 11.679354289041479 12.140223488412333 12.489599874629127 12.731011002091094 12.866858057208354 12.898368447676637 12.8255636271465 12.64725763340824 12.361094113375382 11.963622994304806 11.45041209342678 10.816183715592054 10.054962033198427 9.160215322475553 8.124982413444753 6.941998061562353 5.6039085844948655 4.103783211772307 2.436199154291383 0.5989975795416823 -1.4046289243528107 
-1.2467423933566462 0.7641657774954974 2.595491387508739 4.245528135261545 5.71905477962341 7.024501883805592 8.17155446148999 9.169689697487446 10.027554823434452 10.752815502442107 11.352166622770845 11.831346045136076 12.195107396115231 12.447157686388058 12.590081313560086 12.625273139163433 12.552899076417075 12.37189683170495 12.080023555107601 11.673951644948342 11.149409005202088 10.501355983289885 9.724188852767057 8.81196099750148 7.75862194335596 6.558297697345355 5.205673991077614 3.696578798533053 2.028841370644269 0.20339003946949025 -1.7746447124586036 
-1.6596543992092747 0.3240053113226424 2.146028624361661 3.802021721561786 5.292510274785911 6.6214544888903415 7.79478755116284 8.819300879003928 9.7019381731577 10.449394995093822 11.06788276959461 11.5629570439045 11.939363565133034 12.20089293636944 12.350252097681144 12.388966215845569 12.317323813167578 12.134374609275929 11.837985298164504 11.424954102307678 10.8911808292345 10.231885717718367 9.44186837137624 8.515798970633771 7.448539819862074 6.235507235784157 4.873098284915398 3.359211406197747 1.693866777070804 -0.1201277099231793 -2.0765958747716673 
-1.9937115445566251 -0.03293240491544661 1.779290085753149 3.437079950024342 4.9383509399404515 6.284050164388881 7.477308163717053 8.522668758205375 9.425472237893343 10.191384182684718 10.82602721890147 11.334675564940763 11.721990500923303 11.99179208817619 12.146872643694055 12.188861213666241 12.11814805461787 11.933875885957402 11.634001563815177 11.215428392420177 10.674205791439867 10.0057896872254 9.205354163269325 8.268143239347541 7.189851900137244 5.967027785636706 4.597487521460789 3.08074033149621 1.4184015444460234 -0.3854406917934293 -2.3239630114944143 
-2.2656959975797353 -0.3238442201691481 1.4795863385843098 3.1377650198826603 4.646788187205543 6.005384064665113 7.2144950337912785 8.276802176241725 9.196238935484125 9.977520823319361 10.625704534152742 11.145784230314904 11.542332264140267 11.819192675031998 11.979236304545159 12.024185734304707 11.954516706487357 11.769440624147384 11.466970385294168 11.044069217630868 10.496879241230987 9.821023011376893 9.011967094344632 8.065431679582463 6.977824419210209 5.746670712197606 4.371008093299965 2.8517118490533253 1.191725138306608 -0.6038198384406003 -2.5275863857044056 
-2.489068026363735 -0.5626487406906723 1.2338944742410503 2.8929192217977384 4.408972546660848 5.778883260309603 7.001714277861771 8.078546596248 9.012113975221501 9.806339395683759 10.465832110174144 10.995394853301537 11.399575908310576 11.682287872367572 11.846506222378645 11.89405545819659 11.825487400260288 11.640054184408752 11.335776967525398 10.90960980160774 10.357696016832493 9.675711149333143 8.859281162354758 7.904456463176868 6.808210127241614 5.5689133400191695 4.186726674666202 2.6638426750582203 1.0045358781879519 -0.7849741724947229 -2.696778738657992 
-2.6755146343213663 -0.761444420528296 1.030860299913715 2.6927725979269366 4.217117889020077 5.59873799743613 6.834852379231429 7.925086158719941 8.871180064574233 9.676486133629425 10.345369972536126 10.882612621602474 11.292869155823606 11.58021380690727 11.747785247029555 11.797537229599529 11.730095923407415 11.5447239176699 11.239390674813972 10.810949202056328 10.255418043477196 9.56836538852511 8.745386839775842 7.78265827288882 6.677527613684527 5.429081605979004 4.038589543836278 2.5097031375274743 0.8483165369029531 -0.9379116552314462 -2.840220510168942 
-2.836265529378311 -0.9317567104750522 0.859925310580563 2.528572947348257 4.064574525446682 5.4602522211537075 6.710771820006536 7.814384932200065 8.772095614992603 9.587000797603604 10.263523860878976 10.806677036834353 11.22141652464505 11.512115942840676 11.682164785975548 11.733690270800908 11.667398436145474 11.48253090041098 11.176935658499026 10.747252598057438 10.189216070580162 9.4980767783436 8.669141901746709 7.6984232950804365 6.583364182789643 5.323576959575696 3.9214548261623516 2.3824398897136043 0.7147051417301894 -1.071830170716381 -2.966898301634631 
-2.983605832346818 -1.0859325451696022 0.7104511270838981 2.39233428486338 3.946055314730586 5.360300369916964 6.627804539521605 7.745613812171504 8.714423573616568 9.537550651439902 10.219901318513532 10.767059965041614 11.184537169404894 11.47718091327904 11.64874131725686 11.701575529970066 11.636480609990349 11.452646074224512 11.14772286517871 10.718010868176023 10.1587719948263 9.464679335247082 8.630413675666325 7.651414620830556 6.5247802155614405 5.250274626838934 3.8313190054589747 2.2756055772198422 0.5947835399429544 -1.1972906530349354 -3.0873880642301543 
-3.1332252965787606 -1.2391410387955235 0.5707450602695734 2.276943336979856 3.8583024728600535 5.298091465125 6.586363782903416 7.719580851377273 8.698909447834357 9.528595660064434 10.214598872275747 10.763501796582949 11.1816693745282 11.474622277363077 11.646591538422088 11.700225320118397 11.636425651457404 11.454301211507072 11.151231103932123 10.723043568722385 10.164322350843076 9.468861523913768 8.630296239934536 7.642941289233835 6.502870342079705 5.209262204118643 3.7659982568634343 2.1833293295686644 0.47821464541345865 -1.3280748975337897 -3.216058299282342 
-3.3086257034409376 -1.4130782142448697 0.4272928560407193 2.17725378182744 3.8018072072512923 5.276367583437391 6.5896663020588 7.739122765447924 8.727666034452362 9.561449995946575 10.248193896077515 10.795966891539628 11.212308987200691 11.503611953262027 11.674700687603723 11.728568915475972 11.666236341452636 11.486707548578305 11.187025803978228 10.76242760030761 10.206616600480784 9.512188798386688 8.671253921670788 7.6763115922568455 6.521457822384541 5.204029006293576 3.7268647691301844 2.1014583682401864 0.3525515379972779 -1.4847935885457502 -3.375379442975185 
-3.554086018742201 -1.641654141956935 0.26431820956452806 2.0955551314949568 3.783749720564511 5.302884879489968 6.64439041642687 7.809336656294081 8.804187522260825 9.63819156417653 10.321611694626096 10.864501323322138 11.275873109666472 11.563153960530364 11.73184367122114 11.785314802781878 11.724711006588155 11.548919174587265 11.254607171308242 10.836334496128197 10.286759628562699 9.596986036222432 8.757108539377443 7.757042047655167 6.587738597990957 5.2429461793373955 3.7218014786404066 2.0330552137175726 0.20284953473200554 -1.7005058691537873 -3.608809775737811 
-3.949613242282166 -2.0068378933360687 0.09148977286531898 2.049736682859581 3.8212392551886265 5.391504978659172 6.760926086567913 7.937472648192512 8.933097337443572 9.76136791274272 10.435841302576897 10.968981666560833 11.371487148049573 11.65190404478754 11.816425396774305 11.868796879512118 11.810279892128868 11.639644796870645 11.353185672625884 10.944764405524378 10.405910416331048 9.726025539037016 8.892770778505904 7.892737777073531 6.712526198948479 5.340362187582549 3.7684552487162817 1.996579412093497 0.03936024904610163 -2.0564655727506946 -3.995692986751247 
-5.13493914413754 -2.414307099066516 -0.036770435916744254 2.07931691114881 3.9421899233700746 5.56198945459185 6.952846115952969 8.132323043592699 9.119549618456858 9.933459837125993 10.591485155568575 11.108754568420888 11.497703490040287 11.767947913541963 11.926294986709074 11.97679978792743 11.920816567855796 11.75702044807438 11.481392692829527 11.087175628846465 10.564820513787613 9.901979616450332 9.083632642786595 8.09247671969043 6.909724005902676 5.516405555677548 3.8951281406651597 2.031933744357092 -0.08314758254417604 -2.4581726221933033 -5.17431548960528 
-11.042656801394626 -4.545665658455831 -0.5822570448891298 2.4264321267043485 4.794998756665528 6.66995076775746 8.148500401646807 9.30814753069813 10.213125184518331 10.915531638946188 11.455949440183826 11.864668548037184 12.163387615241724 12.366980407636705 12.484998724891184 12.522754688680056 12.481954061948779 12.360903801608636 12.154308439374999 11.852639551583826 11.441054117815442 10.897889767447564 10.192895418992547 9.28553012429723 8.123749528665826 6.643410594727366 4.767174015278184 2.3980929132285853 -0.6099285028837917 -4.57075909613773 -11.060163737981965 
-12.086526372516781 -5.898214451854547 -1.0417580554820978 2.5907918517301773 5.338951901482717 7.40459606296242 8.94009489298775 10.069974932451798 10.895993438164673 11.498093761006224 11.935962382421248 12.251946256508182 12.474699097133342 12.622723926399262 12.707255824939073 12.734272610042154 12.705645202841794 12.619508675543404 12.4698933584816 12.24557498159385 11.928061160953513 11.488701428826758 10.88513478029844 10.057638581593329 8.926227276987381 7.389148908799183 5.322020010244482 2.572841632831185 -1.0596196408304925 -5.9139220602748965 -12.097613198046854 
-12.444043035473205 -6.273330011375476 -1.2165099425055392 2.7114878752758504 5.658157026765463 7.812402244153532 9.349405392913814 10.42399428279828 11.16496925463862 11.672629400428841 12.020139812447484 12.257729399863157 12.41804484071168 12.52124405367461 12.579033497652459 12.597415319112327 12.578228210156228 12.519638536502617 12.415651124896213 12.254568171653734 12.016236860303655 11.66799867419258 11.159573739034114 10.417684011978288 9.34185882058409 7.803145680651906 5.646764420385672 2.698004360235007 -1.2310688359322677 -6.286810979920715 -12.453697767222204 
-12.410974874121978 -6.207392142766095 -1.15573296184811 2.8086835479121466 5.775616474912713 7.902154790344298 9.369765817745622 10.350785070994382 10.991077560566215 11.403272259082385 11.667666868861069 11.837610977541027 11.946416061211435 12.01374698574618 12.05051789770662 12.062113877616703 12.050148496562421 12.013015335820352 11.945339896978282 11.83622326538185 11.666015373449303 11.401401035519717 10.988970356747602 10.348251180524478 9.366273330914087 7.896705552788852 5.766927067423919 2.795905407728885 -1.1718777784575118 -6.223940891141954 -12.423248981137762 
-11.782810767633924 -5.916918449123699 -1.022673756297905 2.8142304622722145 5.649840400871408 7.63388582138426 8.954299039793554 9.794885979386686 10.310964040492399 10.620053476653336 10.803186622292383 10.9118985264866 10.976732892141932 11.014703517623657 11.034711904821839 11.040932348280023 11.034579296201366 11.014448332377036 10.976381768606808 10.911506700378387 10.802849627970504 10.619902249280312 10.31111045025843 9.795268436888943 8.954376081559358 7.632166761254145 5.6435892508865315 2.800508842296638 -1.0445156480060058 -5.942429699580867 -11.803387124132618 
-11.444244289844216 -5.968223551521959 -1.3326885223624534 2.268551082454145 4.889380201461501 6.6853203980565805 7.8461219515447835 8.556369472773275 8.97045586825586 9.20292118631637 9.330486016195342 9.40012722833459 9.438418715723941 9.459380143554036 9.469930283381622 9.473144966863913 9.469890817379325 9.459313802099722 9.438360738850863 9.400156356127416 9.33075329816342 9.203671910299503 8.97200704116366 8.558973785541172 7.849609112794038 6.688371930721059 4.8880928174623195 2.2555707463453185 -1.362050589707343 -6.00954792528471 -11.479618418728759 
-11.95070776720342 -6.7640141525151165 -2.5533729989184666 0.6501418799342972 2.9583333224097688 4.519287245224897 5.508260247130864 6.096206023313285 6.425597048307265 6.600876849856492 6.690620967850835 6.73565649118061 6.758243278514372 6.769596104124834 6.774960032080356 6.776545489001364 6.774954683011048 6.769600607940789 6.758301675749731 6.735872063488692 6.691205292916189 6.602209270786361 6.4282646343045595 6.100961652350373 5.515792910038241 4.529554871506075 2.968978291503621 0.6493432708023934 -2.5925256861198065 -6.835442143630115 -12.02504835180259 
-12.973137006006253 -8.276576799730659 -4.823980342351608 -2.17670908869998 -0.26077777116144374 1.0296830029568254 1.838107962657004 2.3097581657372093 2.5667310781695183 2.69815077526099 2.7618184076813557 2.791484935925351 2.805060226089557 2.811248796616489 2.8139428655961027 2.8147053299930684 2.8139486847480977 2.8112769394245287 2.805159593285058 2.791773829569697 2.762549418579057 2.699804549397507 2.5701260353191007 2.3161486459147755 1.8492371993718704 1.0477903558852393 -0.23357559121060978 -2.1385292883151203 -4.823889456994384 -8.460151875417829 -13.113920408200908 
-13.275751543940675 -10.697281778495785 -8.2774518162452 -6.274370610082777 -4.796933663973844 -3.7983244686806814 -3.1755530591341414 -2.8160169534126083 -2.6234212617784864 -2.5273901354121495 -2.482566472634392 -2.462775529249428 -2.4543681617044473 -2.4508696839769404 -2.449476072055044 -2.4491019644969736 -2.449467960990459 -2.450838008088653 -2.454266511802837 -2.4624895380438363 -2.4818459497874525 -2.5257425519341563 -2.6199635231170735 -2.8092765894036624 -3.1631481645119957 -3.776296027976804 -4.757423314906422 -6.203441913667997 -8.092470751942042 -10.695434219455981 -14.554764476430337 
-15.095531306268738 -14.517041072247048 -12.933551030649252 -11.558486351245234 -10.528218039734254 -9.829625850520436 -9.394350009040505 -9.143975774816102 -9.010702402770972 -8.944896334431558 -8.914631451243656 -8.901564387846427 -8.896194460096972 -8.894058373586407 -8.893248529820886 -8.89303809536683 -8.893242002842827 -8.894033641738988 -8.896116277878432 -8.901345306173578 -8.914078462003602 -8.943624787501331 -9.008010081826404 -9.13865750017391 -9.384372248336154 -9.81128850582448 -10.494180870519342 -11.48437736024619 -12.791508555332138 -13.230714299146129 -15.090041635303454 