Step: 2475.0
10.729924183163641 10.567737338344223 11.150743025212504 11.766881207353984 12.441132472703773 13.10125705779097 13.714320209119482 14.264266548816275 14.744364638959272 15.152824664171812 15.490442849927305 15.759217904016777 15.961482189685348 16.099323895660415 16.174190285318446 16.186616399255335 16.136050187067966 16.020758088410766 15.837801396698687 15.583076858483262 15.251417092234114 14.836749584190624 14.332320275255926 13.73100506824078 13.025775081522744 12.21047080312614 11.281394305283158 10.23947159810524 9.108022359925389 7.734783703601778 7.769325151988655 
10.085881116450421 9.599824504575327 10.097737777321196 10.834645444844186 11.596400675699428 12.329382019718777 13.003716483862135 13.605633278156448 14.129612231948336 14.574652104413433 14.942129205022603 15.234502534793913 15.454473589593222 15.604412741268217 15.68595750512318 15.699734188359564 15.645177291305849 15.520432272776766 15.322332600002078 15.046444418745935 14.687173613113016 14.237932210190666 13.691366479731892 13.039662512410832 12.274975838863256 11.390115965823327 10.379692563518073 9.243548821941747 7.982301636700473 6.761718691838975 5.863983401736541 
7.132771645731154 7.964872897103888 8.882854745817196 9.823096131351658 10.72572542926314 11.558408688396598 12.308454500046786 12.97011791513904 13.54215704141081 14.025989466661963 14.424476237081171 14.741054481073116 14.97910132110507 15.141458115999932 15.23007555750905 15.24575780021245 15.187993348765957 15.05486503134564 14.843033083950713 14.547785423374217 14.163148452733225 13.682050917079538 13.096533121116332 12.397994884508824 11.57747923947033 10.625983611283301 9.534873230231224 8.295609184737057 6.908765307500759 5.349782657488327 3.16599867173193 
3.9784690253604094 6.157150007449952 7.5871055726369505 8.793612770140673 9.859182645671071 10.80503894509917 11.638433631089688 12.364111492346343 12.986483944585514 13.51024003160995 13.940248628142387 14.281249453567533 14.537500205088408 14.712447179586563 14.808446992902914 14.826551687917307 14.76636274782674 14.625955666633585 14.401873659322025 14.089186007101366 13.681603010726704 13.171635073063841 12.550776910368482 11.809686315367 10.93830097649672 9.925779734487927 8.759919111221096 7.425743893176606 5.895745779766089 4.084461605234497 1.9127139283505419 
2.463798640348957 4.644070867240411 6.393421242149867 7.818927724356417 9.035974564012863 10.091005817670023 11.006496980119609 11.795628833194739 12.467889241360698 13.03111322398578 13.492199692502856 13.857248931710979 14.131458177461429 14.318930556487047 14.422474290683777 14.443432103809688 14.381561995403054 14.234979805173943 14.000166756654064 13.672039244729687 13.244072203836591 12.708460210920023 12.056290026988256 11.277680191476398 10.361807890729255 9.296659857633538 8.068188003490516 6.657704268136099 5.035223491940798 3.1629852064415913 1.0089147034026131 
1.3932954153044204 3.5579973839897363 5.397841227143686 6.957115708104607 8.28902679453161 9.43622564631177 10.424953297628317 11.272503786872601 11.991513029048939 12.592094518670939 13.082776956810896 13.47083623831972 13.762326295766888 13.961974965090926 14.073037222963597 14.09715846939604 14.034277966695601 13.88258866527602 13.638560073645083 13.297023168874945 12.851309070070645 12.293424992696332 11.614240171905044 10.803638215102577 9.850565362517983 8.742861569774798 7.466674938289601 6.005317026619219 4.339368569079805 2.450100569863926 0.32820315786207327 
0.5999335700282921 2.731329167883897 4.6025134030690005 6.2285890505185195 7.636583299952535 8.853828333137205 9.902826938700425 10.8008250458029 11.561447335474181 12.195936810691546 12.713835251913139 13.123259634393497 13.430939078214248 13.6421300136519 13.760487822630424 13.787945306110034 13.724629385555156 13.56883425274092 13.317059366521706 12.964112636022316 12.503271690768276 11.926488461773664 11.224613727164167 10.387608567996645 9.404700674343175 8.264443069805719 6.954691002905032 5.462835296774001 3.776965844706376 1.8887301672360775 -0.20253734471194343 
-0.009570360704901436 2.0893221648527955 3.9669035249816567 5.626746285900656 7.081811132065563 8.348885031992026 9.444653841925083 10.384076239401159 11.180174740664924 11.844315238654701 12.38643677317131 12.81512691703737 13.13756984543723 13.359422520503312 13.484669902876279 13.515498246872045 13.452213658210734 13.293222920469512 13.03508506753315 12.672634782868572 12.19917194300402 11.606705243730113 10.88623216759774 10.028034200152934 9.021969923218096 7.8577729165188215 6.525437867389659 5.015892833078832 3.322228049672214 1.4415689492445398 -0.6227587876870273 
-0.4860066755916736 1.584130244574965 3.458255557138975 5.1345438665009375 6.6184791888233425 7.919957148849608 9.05078083898429 10.023059667708157 10.848426404752011 11.537712483156955 12.10078277921706 12.54637921194638 12.881937136751096 13.113386866145355 13.244966900732678 13.279075115249988 13.21617866320305 13.054796623932685 12.79156278768737 12.42136977722913 11.937589951159714 11.332363391022145 10.596939512944434 9.722058476214853 8.698365832420647 7.516875684557559 6.169534714664588 4.649973560608662 2.954512358380593 1.083371713712975 -0.9581554808977277 
-0.8620692120081771 1.1837535133353607 3.0508440525610343 4.734669472376807 6.236468829328149 7.561706768000321 8.718505179398495 9.71638557648418 10.565394931949436 11.275522940550166 11.85628056805994 12.316349720562089 12.663266102256385 12.9031327247524 13.040377187869863 13.077569585252412 13.015315894389978 12.852237483690963 12.58504250602971 12.208690029815553 11.716642969403612 11.101201452235221 10.353904873213498 9.465989994551068 8.428896301435762 7.2348197960212755 5.877329264668556 4.352062490184919 2.657496314102055 0.7957249113991268 -1.2268947378083483 
-1.1605970947166264 0.8651555533315081 2.7245759574629966 4.411633557269862 5.92497041429592 7.267084689537603 8.44337248184756 9.461210007681938 10.329160916512992 11.056313572140045 11.651718085833814 12.12389417549763 12.480397158396835 12.727444227765492 12.86961113107759 12.909611321022263 12.848168169470666 12.683987840618325 12.413836888898024 12.032724896240682 11.534188492751284 10.910668898761523 10.153970902711874 9.255787567428742 8.208272818086504 7.004643836674083 5.639795552798419 4.110906806705586 2.418007593129827 0.564458799552771 -1.442722343784339 
-1.398707493020962 0.610777364030442 2.4633761177742226 4.152088982472873 5.673758120585804 7.028713853349799 8.220246986302408 9.253979997206553 10.137195903541809 10.87816599042622 11.48550416015696 11.967568329318642 12.331925970252259 12.584898889727988 12.731200155098465 12.773673468566452 12.713142550402027 12.548375486989281 12.276166530905401 11.891535254995764 11.38803984661474 10.758197213803285 9.993997047390357 9.087489804239457 8.031419908923144 6.819866258066598 5.4488445803406504 3.91682382597533 2.2251150053688264 0.3781064876284086 -1.616659469153017 
-1.590095370537594 0.4064465936192094 2.2539504912971147 3.9445866749038454 5.47366301551543 6.839662902237973 8.04408694888735 9.091076775202602 9.986853305341775 10.739037935318112 11.355932796969697 11.845824270661392 12.216354824641666 12.473991264675318 12.623605485522049 12.668176400985883 12.608617516281695 12.443732377047562 12.170298896671392 11.783282452615245 11.276175776234478 10.641460073620719 9.871175394199446 8.957577784059556 7.893845264419976 6.674774982565085 5.297395154380914 3.7614093449456667 2.069411394592748 0.2268626434786478 -1.7581075138748752 
-1.7465734369402008 0.23993152254818298 2.0848079343738903 3.7792114809456057 5.3167319255089645 6.693914673279245 7.910513825166927 8.969350864779827 9.875811070558381 10.637104930968492 11.261437955932623 11.757199030304534 12.132234878586473 12.39324522204476 12.54531328674212 12.591575888170267 12.533032876872815 12.368494728448285 12.094667731955038 11.706377244559066 11.196929642043758 10.558611570235385 9.783319160539298 8.863297648403936 7.791950307870004 6.564642087839089 5.1793824401235105 3.6372434252296575 1.9423931921228015 0.10172919038685879 -1.875739834480952 
-1.8793925562259146 0.09969413141724212 1.9453996628413543 3.6472383255687935 5.196335693753718 6.586753862335983 7.816301413018854 8.886590814258767 9.802462257931786 10.571060224609688 11.200813263848248 11.700472289766822 12.078280107987824 12.341299386888577 12.494903420871168 12.542424366799555 12.484951378886404 12.321272783736033 12.04795999965777 11.659594886072128 11.149145414240522 10.50849558667471 9.729132369982354 8.802981817625495 7.723363131178452 6.485984230507752 5.08982158557782 3.5376353388768202 1.8358396945954232 -0.006379437879954281 -1.9784483987534438 
-2.000784791042919 -0.026526065245197752 1.8252474017879945 3.540910345501919 5.107438963627744 6.515266599918639 7.759902168030021 8.841971171117597 9.76625601749528 10.54035624247777 11.1733746597756 11.674772507386745 12.05343580111836 12.316952140341698 12.471080842812412 12.519395679795933 12.463082420618981 12.300879513953475 12.029157651028996 11.642141633818236 11.132285166038558 10.490814899032051 9.708462514796125 8.776399621158507 7.687373797477237 6.43700171626022 5.0250758411391265 3.4564806756997224 1.741102901931927 -0.10783367521262192 -2.0766597956458477 
-2.1263993206219434 -0.15377635288226654 1.7129638826370315 3.453595690234058 5.047336237141209 6.479162290758558 7.742092070927198 8.836494430887742 9.76797415537999 10.545363412000526 11.179042150691366 11.679611765514656 12.056886742597001 12.319155424382894 12.472661643280285 12.521266555489236 12.466260857448706 12.306309410609636 12.037522059669454 11.65365599466129 11.146466645078055 10.506235729494684 9.722515714609518 8.785137393111476 7.68552803174205 6.418374449099915 4.983606773268599 3.3884815858535946 1.648238661332907 -0.21621178314090655 -2.18462679288027 
-2.2799223508053146 -0.3037602691129493 1.595495220286824 3.3809964670715678 5.017505292252381 6.482051339052161 7.766720888975096 8.873376600759679 9.809893753293103 10.587406849237006 11.218312175562666 11.714830328119284 12.087993365325534 12.34695066738517 12.498510050880869 12.546852302420534 12.493377772224095 12.336661710740064 12.07251064557957 11.69412669796199 11.192402302047707 10.556385756697647 9.77397845829611 8.832946294387813 7.722350306817512 6.434531490349121 4.96784577920781 3.3304043281436244 1.5453257726893266 -0.3520738912545061 -2.324951915428777 
-2.506753226365195 -0.5108153505589074 1.4577274204168134 3.3270027022852005 5.026766180302208 6.533015870555056 7.841374821421228 8.95823921472752 9.895747322355135 10.668626662627764 11.292089321671002 11.780434773951976 12.14614930928045 12.399345938005693 12.547428458052211 12.594899775965427 12.543265518549786 12.391007541054282 12.13361940350527 11.76371102628288 11.271207201724428 10.643688224648132 9.866951902990836 8.925912717235875 7.805993845408832 6.495222700208151 4.987370588347412 3.2869664292489564 1.4181265227173439 -0.5488733454402097 -2.542190415869889 
-2.8899057395255947 -0.8597262661172529 1.3118371121715742 3.3124834052305374 5.094782401521443 6.647752402505589 7.977570503945117 9.098902615255938 10.030369744166595 10.791604043437628 11.401350765430113 11.876321440206533 12.230562327383943 12.47514138468857 12.61800972518711 12.663947473378439 12.614546321719445 12.468208006032546 12.220152989451648 11.862444412470209 11.384047470605216 10.770971387253104 10.006583703930902 9.07224075126342 7.948431031145088 6.616667404911543 5.0624225672277445 3.2796514910310233 1.2794462358370466 -0.8906921607547889 -2.918702384277143 
-4.103116025338321 -1.2493821734414032 1.21823553201406 3.3819481297671588 5.253081857955169 6.848296261632759 8.190054643307198 9.304581654040666 10.218934919412634 10.958710849352412 11.546632824350212 12.001891882047149 12.33997318167394 12.57272014217219 12.708469173445273 12.752170008383507 12.705461763463862 12.566700162048953 12.330936475458445 11.989846989827129 11.531616965178907 10.940808493983958 10.198297089070335 9.281444354797083 8.164755429352558 6.821288279153641 5.224944262283731 3.3533908134420174 1.1900982321153035 -1.2761286926372972 -4.127182666821194 
-10.159770397180656 -3.271460218323051 0.8842888468784373 3.9679407840312333 6.322759524002541 8.12249185114653 9.49029503879403 10.52529154037179 11.307185173802011 11.897484286746474 12.341505144451439 12.671358705334335 12.909130932662295 13.069584240618354 13.162100235212723 13.191889542640741 13.160622635575482 13.066623152640686 12.904677905839783 12.665408605967581 12.334062907802753 11.888570102236486 11.29683608557426 10.513560682982463 9.477256198471569 8.108263240565625 6.30755885620222 3.952170269641069 0.8686409301296555 -3.285821254309385 -10.169809570001744 
-11.13471662222237 -4.5195317498312155 0.5937360771124082 4.318648880515089 7.033715184748645 8.983656913676064 10.361545663191011 11.324179610307008 11.994380775295816 12.462768020381086 12.792249301799933 13.024269560417705 13.185060113443669 13.290708612542675 13.350675832891994 13.36992211094096 13.349990784068227 13.2893346868606 13.1829915194351 13.0215012966458 12.788778299905994 12.4585882506422 11.989467435184945 11.318462975001745 10.354891055099014 8.97588836729197 7.024725803370477 4.308603760054566 0.5833067566261577 -4.528957870493621 -11.141440220524972 
-11.394856603307034 -4.7506945021841185 0.5900664085978446 4.613685846706935 7.506669792120478 9.512199076179897 10.857785994841542 11.738371655117602 12.306967371269048 12.674015940971046 12.913385971882875 13.071372816031031 13.175539240819214 13.241670043175827 13.278442832392708 13.290167111769268 13.278144498349866 13.241072156035814 13.174641055527678 13.070176487668272 12.911896430897372 12.67223054158539 12.304843050245537 11.735760142278084 10.854353511736194 9.507406067013527 7.499932265097584 4.604789203742403 0.5796868554074365 -4.760763738032993 -11.40219518811897 
-11.228038350362295 -4.495221256419058 0.8556577473247368 4.906836640986862 7.795380263423571 9.74366850188646 10.9954285935654 11.768387569379993 12.233109844895443 12.509798467554578 12.675851244458615 12.777436522053923 12.840454853910803 12.87878144045791 12.89954822167542 12.90610411587803 12.899429175974616 12.878544420757766 12.840104671897546 12.776986835114974 12.675329199045175 12.509238268199407 12.232511380877437 11.767605461414101 10.993973638234875 9.740509208425433 7.789055898407547 4.896196290836906 0.841145182029815 -4.510725772198347 -11.239697162627104 
-10.376102629255431 -3.9550436188580087 1.2447948721956685 5.149047569100744 7.873492620067951 9.647906950834598 10.732568529375868 11.35981601469215 11.707289164812272 11.895175278158906 11.9967710161023 12.052985562620968 12.085057403158656 12.103431787511065 12.113036287828063 12.116024063836274 12.112999976128155 12.103361717382695 12.084963025616757 12.052893670003186 11.99674266135251 11.895319682944903 11.707740606418614 11.36060131116401 10.733265727896024 9.647037444379492 7.868034812212441 5.135505241760843 1.2220702181149203 -3.9822606824699998 -10.398251538968449 
-9.852743484355175 -3.8091289804602146 1.1339235702758776 4.788138531393968 7.278387368486557 8.850876337039878 9.77272153644913 10.27681413955035 10.53640017129885 10.664417928819109 10.72648714256239 10.757068583787175 10.772771502722556 10.78108432260516 10.785225092984012 10.786487134383536 10.785216115526088 10.781069710745616 10.772764063294987 10.757107192613507 10.726669714611642 10.66494814284151 10.53761508978857 10.279099552850939 9.776135709798432 8.854240599910337 7.277421792166646 4.774247407992626 1.101278530666857 -3.8558085667601856 -9.8928852984027 
-10.27267232654838 -4.495955550815468 0.018001018612321118 3.266247919161251 5.444272393991159 6.7918529593114405 7.5592333583472575 7.96199351120511 8.157873569811176 8.247180396743504 8.28619601342006 8.303118995693065 8.310721449469064 8.314318953207346 8.315985830295013 8.316477888732624 8.31598460414559 8.314320580886498 8.310742199176856 8.30321088598542 8.28649883732439 8.248011788291205 8.159839746504705 7.966038537722355 7.5664419692188885 6.802615947894257 5.456193417030913 3.2655421778884057 -0.027032178265742567 -4.578821565153057 -10.359002306412622 
-11.297178489036579 -6.019071683075029 -2.30978501802605 0.3696567468125691 2.1681096065682226 3.271765454431664 3.889784881875543 4.2056339936251375 4.353282456460768 4.416792867098142 4.442276965946146 4.452085396076631 4.455878599454918 4.457422530555541 4.45806297751044 4.4582424077395215 4.458063683844021 4.457428401872318 4.455907954887522 4.452198870488195 4.4426442723883195 4.417820685553223 4.355810673069279 4.211163428623916 3.9006345851144757 3.2910426142473947 2.1987301462377395 0.4137240957510606 -2.309793590846446 -6.231999718269982 -11.461556947729727 
-11.539168519239729 -8.64690922392628 -6.0604414409145 -4.041194393362423 -2.6608320635140896 -1.8120705961930335 -1.3401609064785 -1.1024752404848541 -0.993940874451991 -0.9489195225020596 -0.9318503494566658 -0.9258405354730216 -0.9238056538693423 -0.9231051682151123 -0.9228557818962131 -0.9227914805796309 -0.9228547732825877 -0.9230989550997462 -0.9237766757236434 -0.9257294657911282 -0.9314871534758742 -0.947884163605196 -0.9913272155992383 -1.0965484940874606 -1.3278815890467974 -1.7883298819471238 -2.6159908864530808 -3.9589547485851457 -5.846518879349028 -8.645446558159447 -13.012551232625988 
-13.596069157332183 -12.977592536753153 -11.292534247924168 -9.910676939290859 -8.950366005356893 -8.358149364217708 -8.02941584735745 -7.864666439729634 -7.790078465165601 -7.759559205627657 -7.748242124542507 -7.744402867591042 -7.743181567315879 -7.74279915389626 -7.742676930656091 -7.742647541312217 -7.742676129950559 -7.742794375025226 -7.743159420843426 -7.744317777846473 -7.747962336342636 -7.758755641300342 -7.788030245491911 -7.859959567035833 -8.019481523082044 -8.338291603978476 -8.911625158429667 -9.824718764105446 -11.1272715973183 -11.497964268927731 -13.591295839380253 