Step: 900.0
12.882792289712098 12.77782750687349 13.302526977464021 13.842915013173576 14.382183805185466 14.856189293001119 15.245494725116332 15.550083634368471 15.779292475259803 15.945977575845689 16.06333833709837 16.143232083611057 16.195388143202 16.22714791970814 16.243474255300555 16.247048476713545 16.23833171948088 16.21551634619835 16.174337327593793 16.107755681542805 16.00556938966402 15.854052859671368 15.635772691542934 15.329773012301967 14.912373489818652 14.35889922933044 13.646988418887139 12.761756611494068 11.717002796218875 10.411041799892455 10.375348511528035 
12.28942539189634 11.929756882485597 12.437104543394735 13.09738836736883 13.715961664727562 14.248419068032034 14.680681679792691 15.016705097267751 15.268571535284359 15.451263246385238 15.579668358834773 15.666973639066557 15.723922099633912 15.758589203814557 15.77642518075903 15.780378777155873 15.770974647328083 15.746266985343562 15.701638206976389 15.629456257646703 15.518650108965954 15.354311005639797 15.117474644000731 14.785282118529995 14.331752960252862 13.729458610297396 12.952429527838504 11.982028692093156 10.808062695096032 9.572688717075277 8.519861331763014 
9.479260712291413 10.459364336577043 11.413450591217547 12.289869424223962 13.045779402426337 13.666561841848685 14.158169017497993 14.53475096066358 14.814420390543438 15.016033211474166 15.157132082681361 15.252778960763335 15.31504402337361 15.352919239097886 15.372450483226793 15.376921061053357 15.36696500947445 15.340535100487855 15.292696041192192 15.215258776799644 15.096318619308866 14.91980768964604 14.665216012683702 14.307665107371319 13.818518656034566 13.166659410452782 12.320503883535983 11.24982719491736 9.934312546247543 8.32891843019615 5.96577384321923 
6.507077283680731 8.851938131265321 10.3332491722198 11.483936759267307 12.401319911978709 13.125778436856228 13.685951641255171 14.108620842279803 14.419365199923513 14.641812834896681 14.79671079345385 14.901330738575806 14.96927256807275 15.010567655182347 15.031933620635723 15.037038574987903 15.026664053123906 14.998696745724308 14.947922846168387 14.865643953328426 14.739180264657742 14.551373431236629 14.280240579113904 13.898947139688278 13.37623199269514 12.677293616127386 11.764766549597859 10.59904870668784 9.130359587121317 7.255821428145441 4.88766635204173 
5.200703620479616 7.563714922937495 9.376470872071602 10.751636238558383 11.818630581267485 12.643711614205195 13.272375880510358 13.741724700379436 14.084134517304625 14.327848086725947 14.49682238900277 14.610582566601764 14.684301660088702 14.729084879606743 14.752348388013818 14.758168494410809 14.747499080855816 14.718192085762348 14.664798353492461 14.578171234153439 14.444942381728438 14.246985593276104 13.961021677709999 13.558527762020795 13.006069956121015 12.266029878505565 11.297400147099626 10.055378283730256 8.487367132999305 6.539550464106489 4.173433590548785 
4.352987475948774 6.717362366176224 8.63160199868071 10.145008791616426 11.32473328388203 12.23393585011136 12.923185356039886 13.435281871834823 13.807319443088765 14.071202009199105 14.253642630053099 14.37619727626202 14.455500047327444 14.5036735248312 14.528806439123207 14.53537682034207 14.524520132084614 14.494078963755552 14.438414006186726 14.348002151683207 14.20889593622774 14.002166492599134 13.703491339995715 13.283062708927275 12.705958718929407 11.933017933972218 10.922066301196114 9.62927686561088 8.012269974613249 6.036662463716331 3.6875071821228667 
3.7876301452575287 6.135760369228576 8.092004326571299 9.67634596916441 10.93006170653576 11.90179262202876 12.639575559803543 13.18757726533305 13.585299802979268 13.867050803710361 14.061605026051199 14.192158567097005 14.276583751993819 14.32789351788638 14.354779469938304 14.362088687896575 14.351132721265655 14.319763287829321 14.26219511501044 14.168604835943773 14.024585690201839 13.810588854261267 13.501526179412402 13.066732429053479 12.470472088992194 11.673119887125148 10.633091550666478 9.309768414972726 7.667813453768367 5.683188025904372 3.3498594302421156 
3.4030886277057117 5.735472783219214 7.708473523993572 9.330590492446472 10.629498885544088 11.644152597427526 12.417923957034649 12.993991239348182 13.412545128567734 13.709176977214058 13.91401693349133 14.051461648969443 14.14035029350517 14.19442104413056 14.222871699584548 14.230867749959545 14.219879927408414 14.187780592352516 14.128678461994962 14.032522989366916 13.884563741430444 13.664804974936406 13.347644801803517 12.901919911240018 12.291577372845875 11.477161279216539 10.418257917791216 9.076983025484697 7.4224661942098695 5.435924732755867 3.1153807897145533 
3.1416064556989447 5.461223260270122 7.4406257662032775 9.08303240492084 10.40916297360495 11.451941755789928 12.250954149421645 12.847728372548946 13.28223996582472 13.59059458349355 13.803709439525926 13.946787348095246 14.039370670390799 14.09575225697025 14.125530809415187 14.134131439162388 14.1231602569057 14.090515609568726 14.03023339915261 13.932099415794564 13.781119020670033 13.556992874434158 13.233800557534177 12.780129791248013 12.159892629836259 11.334030084173829 10.263215185207512 8.911513036645063 7.250727433266941 5.264869348365185 2.9539009473186812 
2.9651463593797005 5.275271599778961 7.2567354993963615 8.910196106122108 10.252659681154146 11.31345670329198 12.129524322685048 12.740909174247264 13.18706722839486 13.504201603528996 13.723636396703386 13.871080697012781 13.966560924463217 14.02477307391094 14.055618017966946 14.064722309137341 14.053801176491229 14.0207794854456 13.959645520303516 13.860071468972016 13.706894979614397 13.479617315661711 13.15212901165987 12.692910335104736 12.065953474857428 11.2325983828136 10.15435251579287 8.79657526819596 7.132669454068482 5.148183230283506 2.844069422892723 
2.84734709119275 5.150768961570569 7.132644569978822 8.792300167669502 10.144675326326977 11.216943778147249 12.044293929232955 12.665652615950409 13.119960946891169 13.443354988004343 13.667356012617374 13.81798407264389 13.915590530133173 13.975155311427965 14.006798727265158 14.016297230165488 14.005449928395382 13.97220555015679 13.910522154893327 13.809993960734435 13.655342804118886 13.425935076663304 13.095541458999794 12.632591804049541 12.001171027049399 11.16293420394713 10.079979933075228 8.718518969886105 7.052944395348369 5.069709434227004 2.770321015809924 
2.7694110990165717 5.068304379244876 7.050207241344148 8.71366446648699 10.07235599386027 11.152089632857976 11.986894781728385 12.614913964902973 13.074696613192232 13.402299244569331 13.62936016518956 13.782108036033089 13.881119973006351 13.941576143289575 13.973752933661086 13.983534500998653 13.972781675121697 13.939462860908979 13.877516983675488 13.776483114387197 13.620996859051868 13.390318922652156 13.058118799020253 12.592770281692239 11.958403477277447 11.11687976075657 10.030704135212456 8.666680261848892 6.999891494716267 5.017420001644111 2.7211570055406287 
2.7176786526022507 5.013683354317966 6.995928800477361 8.662350687712777 10.025671669699973 11.110686645036594 11.95059611398906 12.583016741686288 13.04627422659465 13.376428181513978 13.605250328823253 13.759151519080199 13.858886975245182 13.919784858784645 13.952231798602925 13.96218632708001 13.951552501014811 13.91831428013138 13.856398906888204 13.755304106108008 13.599591431748678 13.368415787615309 13.035320989881239 12.568565706701863 11.932228450943219 11.088251366968805 9.999413625881036 8.633001464018445 6.964722398334375 4.982270319904984 2.6879386933382805 
2.681872028158267 4.976253686680832 6.9597573805868445 8.62956913072921 9.99734323864003 11.086862215075385 11.930627212911368 12.565939446759891 13.031119236772298 13.362399128353026 13.591783562521739 13.745900857031703 13.84567599246922 13.906555108048254 13.939000693327571 13.949017960596466 13.938538633569076 13.905559747638351 13.844004494944993 13.743339965165323 13.588055862872132 13.357179087640706 13.02406370691344 12.556735566167214 11.919056580836266 11.072874071869938 9.981122525395822 8.611580374242003 6.940745513922517 4.95719024117495 2.6638488765015267 
2.6535201092744374 4.947393171979188 6.9339639546714 8.609079852755237 9.982685674613862 11.077178749343018 11.924356060261507 12.561463056281 13.027157682099418 13.358136540949666 13.586821477866247 13.74014248519461 13.83920896826649 13.899563284760703 13.931711081839458 13.941676651986205 13.931404993295802 13.898907063341035 13.838114922372162 13.738481168331514 13.584427094559741 13.35481838832864 13.022719926197613 12.55573388203767 11.917224804729404 11.0686363105205 9.972860148638812 8.598257357154072 6.922585360015715 4.936021709638254 2.642781909347974 
2.624136902734134 4.918821299024798 6.912044662431462 8.596775423744441 9.979665708831908 11.080866812057845 11.931494445178933 12.569269809555879 13.033812603662074 13.362755550320246 13.589209880830879 13.740519090127862 13.837990060028396 13.8972280579026 13.928737650005464 13.938527389436292 13.928539856400949 13.89680595882407 13.837291214289019 13.73946690222971 13.587707660191606 13.36069415178375 13.031082711418158 12.565779121818721 11.92718863847145 11.075751434505158 9.97382456536143 8.590380253760388 6.9053515940049595 4.912151925670442 2.617845446979239 
2.5824102696094524 4.880230591736208 6.887603813526722 8.590815061180937 9.989571897506943 11.100451207026993 11.954426823051268 12.591019823996314 13.051927734797983 13.376412336264226 13.598602538734493 13.746348712755845 13.841127865436832 13.898536859290076 13.929007596124976 13.938482692593103 13.928882609084562 13.898271309148443 13.840691129345892 13.745696503817271 13.597679707871894 13.375157730954804 13.050281573045265 12.588933562568334 11.951874748236271 11.097442099231575 9.986158383990405 8.587098000811068 6.883729537232109 4.876380096521595 2.5787813151998944 
2.5088595786890266 4.814875710948779 6.8537062202023895 8.59319407518442 10.01909699572923 11.142889015335582 11.998600348460371 12.63032310821225 13.083565888651435 13.40005995576292 13.615228399135708 13.75741708896932 13.848150321383772 13.902876340370701 13.931839655976022 13.940844110854872 13.931762028229045 13.90271210809815 13.847881936586171 13.75701940932754 13.614670518068607 13.399308185468161 13.082588076435702 12.62909419396047 11.997108674269452 11.141142463584014 10.017127696945447 8.591060345871872 6.851490645247889 4.812679058155914 2.5067910833476668 
2.3594291547327244 4.692809120797589 6.8030180458999086 8.617292193074675 10.084004595236006 11.220883039133193 12.072631218009445 12.692393704148104 13.131579515722583 13.435073674178819 13.639598121180486 13.773751132078603 13.858823322934068 13.90987789550357 13.93680340051958 13.945165649473749 13.936755400124461 13.90977674794469 13.858659021080266 13.773509463907475 13.639261830908566 13.434624264714708 13.130999753607536 12.691670736671348 12.071760004712631 11.219869586330358 10.082868335091515 8.61606683781462 6.801750419257661 4.691555391339962 2.3582496935682875 
2.0462024417832234 4.424857009799757 6.7657266427067135 8.699472201114407 10.21292202833598 11.353177136911194 12.187478166704235 12.783090125615844 13.198852204057676 13.48272995971207 13.672161520862186 13.79538880435739 13.872985170949242 13.919286822953342 13.943605116562383 13.951144625015747 13.94357455714787 13.919222639869478 13.87288143379067 13.79523715524166 13.671951921716671 13.48245181059683 13.198495849046758 12.782648676307886 12.186949458915015 11.352565524251442 10.212239651176167 8.698739400340358 6.764971316595522 4.424113172293318 2.045503272384604 
0.7467375324903117 4.158502731013912 6.840167234436392 8.90806067038857 10.447019624428187 11.562032867671917 12.353936405020086 12.907128015396223 13.28721112705003 13.54359256999244 13.712963193576307 13.82217518154828 13.890413035365354 13.93086323417539 13.952004363438036 13.958542794233724 13.95198273854547 13.930817867393365 13.890339837313505 13.822068407115353 13.712815973550892 13.543397694905911 13.286962090281481 12.906820267546285 12.353568695322151 11.561608461121278 10.44654713638404 8.907554300467726 6.839646405432108 4.157991475927849 0.7462698932092365 
-5.781828860302211 2.8732631088640512 7.478042891838398 10.223508237640305 11.809183400233817 12.704979510216031 13.216630962634998 13.519671624626508 13.705571682209257 13.821406323858232 13.89328923858399 13.937158427546821 13.963231071116745 13.97802671252379 13.985505433927138 13.987776981862527 13.985501139040688 13.97801765734053 13.963216352730633 13.937136769031126 13.893259098627146 13.821366048254186 13.705519672944286 13.519606563442261 13.216552205507206 12.704887727100738 11.809081078138124 10.22339958095475 7.477932970385488 2.8731581692567074 -5.781898141766681 
-6.454699787423633 2.0139029141508615 7.663276298752632 10.861185357114254 12.50676073323218 13.284442604181558 13.63825217840714 13.804631577231573 13.88990713014892 13.937231944522832 13.96446901310318 13.980155001517165 13.98901736051834 13.993828756726312 13.996178404893337 13.996878574667686 13.996177659637153 13.993827178817224 13.989014779675632 13.980151176264869 13.964463657890136 13.937224758840037 13.889897636768263 13.804618419195485 13.638232355490988 13.284411965302272 12.506717036319493 10.861131184087967 7.6632196449512735 2.013853899805662 -6.454734034552821 
-6.468012456585976 2.102782642649946 7.90960914665492 11.238117976434506 12.86762357735643 13.561312178880321 13.826035490018466 13.92343222455011 13.962120121201297 13.979987140380315 13.989246723439438 13.994242740362804 13.99692381163078 13.998316075998549 13.998972553745665 13.999164332903023 13.998972441688036 13.9983158380281 13.996923420377959 13.994242154973703 13.989245907106977 13.979986165418465 13.962119148770938 13.923429080053566 13.826017224645751 13.561247061090807 12.867466052177122 11.237840356894242 7.909232918520899 2.1023958328471597 -6.4683023577715755 
-5.968392566309961 2.773406417937095 8.46664879281058 11.642601405400553 13.128752709073732 13.71204079060835 13.907155342171867 13.965564420548434 13.983170977152554 13.989476668383924 13.992286567770766 13.993688888348453 13.99440304697672 13.994758086344474 13.994919770608933 13.994966065748855 13.994919756202721 13.994758055754327 13.99440299713747 13.993688809920275 13.992286433176098 13.989476652157073 13.983172684396216 13.965570676255542 13.9071447926777 13.711889099212044 13.128192347409021 11.641315975191281 8.464595053756717 2.7710077117155634 -5.970222809976045 
-4.292868041397171 4.104791988985774 9.450597361404904 12.23507574500504 13.412189889416174 13.815003864201497 13.927528738046846 13.954146310664054 13.960118836732368 13.9617146925641 13.962304398136496 13.962572514135443 13.962701513733142 13.962762777681652 13.962789660919782 13.962797192078762 13.962789659743455 13.962762774994456 13.96270151050556 13.962572514190636 13.96230433915223 13.96171439094903 13.960120872877873 13.954169747531616 13.92760965979968 13.81496093656193 13.411009269981744 12.231076695657817 9.442566832378262 4.094344310574363 -4.301740519984278 
-2.9316677227371666 5.104253960035238 10.104559604116677 12.52854678601644 13.443872674157042 13.710505585181192 13.769440412563409 13.779359106323358 13.780789231491434 13.781050604607074 13.78112810107361 13.781158128606936 13.781171151917778 13.781176869392977 13.78117920771182 13.781179834283238 13.781179207755292 13.781176869015953 13.781171151319766 13.78115814719239 13.78112809392036 13.781049725098974 13.780788536503705 13.779401824521441 13.769739959468081 13.711399685534303 13.443799901960297 12.520181070171223 10.08102495184135 5.066578571859184 -2.964616156762323 
-2.7055671303819917 5.269151248496507 9.930744513568342 12.040668291368284 12.781971720630885 12.975355508711985 13.0103702250358 13.01423492045873 13.014436188330341 13.014456049019143 13.014465728702575 13.01446813112113 13.014468843903321 13.01446914540076 13.014469256918195 13.014469283934524 13.014469257024247 13.014469145030747 13.014468840691293 13.014468158873697 13.014465826184503 13.014454594480485 13.01442997101169 13.014293465779417 13.011063520966424 12.978590925191838 12.790169048408886 12.040654044538542 9.87388793914351 5.159338225374208 -2.8245999244330267 
-3.2229383510614613 4.44425250504963 8.315413585444594 10.031148768014512 10.621209761042081 10.767998875769058 10.791741098361289 10.793495818540372 10.7933926461796 10.793375091329773 10.793378549630715 10.793378964880166 10.79337889397247 10.79337889163552 10.793378892445146 10.793378891911996 10.793378892584379 10.793378891472983 10.793378888116536 10.793378992781104 10.793378775225966 10.793373432824925 10.793379596843689 10.79355343821957 10.792822197525817 10.774604414199786 10.644497217757298 10.087992463276928 8.315415083552844 4.0901703276784005 -3.50011842541706 
-2.5800474901539694 1.5603129478420719 4.139160931808074 5.388960562188155 5.827792253166075 5.936883124460259 5.953920009104102 5.954922709106711 5.95477579322212 5.954755516807904 5.9547581941840475 5.954758537506103 5.954758467849226 5.954758464324722 5.954758465573542 5.954758465381997 5.954758465709754 5.954758464402398 5.954758460950716 5.954758558369038 5.954758491745827 5.954754057498289 5.954759080370882 5.954963438713138 5.955164131568314 5.945521170362372 5.865190562694175 5.498757415841393 4.49326889880139 1.560330353213635 -5.075696991871842 
-5.648062928175937 -5.069296004443848 -3.453806591468693 -2.6240228429451258 -2.3239715670959344 -2.2488316109288937 -2.2371215446531227 -2.236473149467656 -2.2365876178118578 -2.2366031047003587 -2.2366011782308077 -2.2366009152947592 -2.2366009641948 -2.2366009663232607 -2.236600965136311 -2.236600965207997 -2.236600965033651 -2.2366009661845916 -2.2366009698094538 -2.236600901611066 -2.236600927843358 -2.236604142407149 -2.236601756533439 -2.23644677253147 -2.236122511597239 -2.241366612521204 -2.291258060715635 -2.5049977320697407 -3.1766435944136253 -2.5731688648745306 -5.647645766056852 