Step: 1080.0
12.53774304920495 12.426720700896666 12.969876344079022 13.536653367520909 14.115190506282717 14.637967038841044 15.081334041661453 15.441038533765134 15.722790467158278 15.936743761726314 16.094391237435797 16.206763844259136 16.283412675150146 16.331870945396634 16.357397583563447 16.362862108787198 16.348672842462143 16.31268823980286 16.250087626586822 16.1532132347642 16.011429160312964 15.811073083481283 15.535602048976076 15.166056155862645 14.681996980610759 14.063151059237708 13.29233325119589 12.359825031945777 11.28357173850007 9.955353087038668 9.928034820568033 
11.934238814333046 11.557544272661868 12.073246576804113 12.761260522174615 13.42196192387835 14.00719445110841 14.498108472614675 14.893995638516952 15.20296422675605 15.437041356946024 15.609250414633953 15.731875304650137 15.815464083880679 15.868301744563206 15.896162900903024 15.902204475011263 15.886898150117046 15.847940269603136 15.780114863370788 15.675123090136012 15.521428002560798 15.304194866214862 15.005431962764607 14.604454807972406 14.078814467848337 13.405885423859658 12.565372940325139 11.544473338213654 10.337579126305144 9.093160727031043 8.063065376221324 
9.095338450414362 10.054793645515801 11.013497013153389 11.916742718990594 12.716929138294281 13.394113114293635 13.94880241388052 14.389954075715327 14.73130420640354 14.988467129493582 15.176943337054741 15.31080614391394 15.401911650323708 15.459481301984615 15.489918943352688 15.496743379604236 15.480544339926583 15.438902750197862 15.366252947125092 15.253702225539431 15.08885888991729 14.855749993985244 14.534929448870187 14.103880729928887 13.537801473190672 12.810804760986361 11.897553701636049 10.774409512900409 9.427570245745805 7.817935533378553 5.481635108304223 
6.084893378473255 8.405787061295664 9.889660156728558 11.066977320323472 12.030470128143001 12.814729562688791 13.442274388812551 13.93414923935057 14.311128095085547 14.593291399414216 14.799154001587295 14.944906719942948 15.04391463034037 15.106460446629521 15.139657852868575 15.147444281485816 15.13057373851687 15.086556513796596 15.009526822211722 14.890056435233541 14.714967530347883 14.467225913126901 14.126009245901361 13.667033895902751 13.063171936394818 12.285270561448824 11.302747682178872 10.083281306294339 8.584029717178682 6.707670303825322 4.369367721681905 
4.733872954983253 7.069695828943998 8.88335996439571 10.285300875625577 11.400284198821373 12.28843230814338 12.98861327427142 13.531679648510123 13.944779920855453 14.252300526044472 14.475772756746519 14.633546439722101 14.74053852599334 14.808128719353455 14.844170423743726 14.853047962138616 14.835711082639 14.789638943612648 14.708718067557667 14.583055277009514 14.398781526559517 14.137929345506233 13.778476845597842 13.294633160007907 12.657376822261554 11.835114870231438 10.79407598470546 9.497165885128876 7.89895362696139 5.951076011384959 3.6176654946543363 
3.8383382962327435 6.172170181795384 8.085764703838251 9.626188476791764 10.855764672542808 11.831168493037435 12.59588734518245 13.186009561239311 13.633002353254563 13.964616475604148 14.20495110218322 14.374294418138284 14.489003757168636 14.561499818332546 14.60035104591978 14.610384953516647 14.592760866757255 14.544958589731646 14.460669757263428 14.32961576326664 14.137351865071313 13.865144593886964 13.490020637886275 12.985069796393926 12.320030931654525 11.462091452583667 10.376675249557794 9.027992727779319 7.3810415357356725 5.406942036879275 3.0933032445813775 
3.2248269343086307 5.539059232454931 7.493129372254267 9.104713578282757 10.41003465533293 11.450895913425388 12.267830185606039 12.897869041332399 13.374521237815069 13.727665608916004 13.983287027667444 14.163227013076526 14.285062052715915 14.362126509934193 14.403633692427436 14.414822241180437 14.397057971050922 14.347844110410891 14.26072721944188 14.125125122468768 13.92614089335953 13.644456832074901 13.256417083967971 12.734399585556552 12.047543479317149 11.162844737922331 10.046617807287317 8.666562674338447 6.9949309848913765 5.013298175473819 2.718198212727305 
2.794259279448221 5.089538625698051 7.058893896212634 8.708425283267676 10.06052012723835 11.146955672119612 12.003210455370906 12.664944042685251 13.166023701462734 13.537363614957707 13.80614520523922 13.995332409046156 14.123452124114985 14.204586498177402 14.248495151565708 14.26077595637757 14.242984674686333 14.192661684822692 14.103251921157142 13.963946140218775 13.759512116862194 13.470217389840384 13.071964164792151 12.536756168370639 11.833595435601039 10.929876009244454 9.79333748581477 8.394660681006236 6.710765124686216 4.728609211175899 2.4488199510543263 
2.4907760236060277 4.770358124537456 6.744757912186965 8.414702016824906 9.795401158385136 10.912292376074362 11.796717164902054 12.48234504871925 13.00253784052185 13.388506754179112 13.668082169762556 13.86496726871363 13.99837967037392 14.082978178621643 14.128960903879966 14.14222364940488 14.124487043329975 14.07333426271146 13.98214317454752 13.839942069461337 13.631261680601247 13.336092163428006 12.930075860587076 12.385069266235172 11.670188354432865 10.753414693446873 9.603790205464785 8.194159629232434 6.504300010467771 4.524087783073258 2.2561358928838264 
2.2775601351715395 4.545087573037092 6.5203615472805945 8.20146188661193 9.599685804264633 10.736600436871704 11.640592008623157 12.343553865826314 12.878079540652502 13.275293923412185 13.563319643186729 13.766313017565103 13.903969159002772 13.99137255169917 14.039058816324056 14.053160544461965 14.035534622380421 13.983806262788672 13.891310761265329 13.74696264268594 13.53512824075143 13.235616115905648 12.823923428731627 12.27187875811233 11.548798061888396 10.623218885926208 9.465199436827085 8.049064592911384 6.356354268810224 4.378597891839931 2.1194461753496747 
2.128786785114744 4.387460974531988 6.362174076311166 8.049593616538985 9.458770511674057 10.608871441799295 11.526267186371562 12.241479833079081 12.78638018271367 13.19187679479385 13.486200708541048 13.693782839042843 13.834645431403391 13.924182197687072 13.973182616964705 13.98796197826039 13.970485387375392 13.918414893353413 13.825057930597387 13.679246920460056 13.46522884135703 13.16268382714148 12.74701608307067 12.190060635799457 11.46131887267314 10.52977147219157 9.366222207534854 7.946010807456576 6.25181648690099 4.276183100125518 2.0233638111273002 
2.025590200213162 4.2780066211590695 6.252022687264264 7.94344526110639 9.35989823711437 10.518961185279391 11.445610140610547 12.169367650784679 12.721542426768725 13.13284880091783 13.431574598410618 13.642343689808879 13.785419084275155 13.876426192684406 13.92634642828446 13.94163425106984 13.924338151939638 13.872149372670714 13.778353982278333 13.631718300681506 13.416389084535068 13.111932015736231 12.693656779010789 12.133375005688617 11.400700226604705 10.464923411106314 9.297390113190916 7.874184518887323 6.178820696137862 4.2045824739669015 1.9561611524612246 
1.953765321250346 4.201962498006961 6.175873380786572 7.870609318049945 9.292666964087692 10.458396966394117 11.391725794000907 12.121459816304649 12.678545676441699 13.093620806964758 13.395078569630195 13.607735650053996 13.752066602505707 13.843887086778096 13.894329313328736 13.909954114929242 13.892872773814746 13.84079751743008 13.746994053666997 13.600166440628433 13.384358563331242 13.079001102859088 12.65925939605093 12.096835008412894 11.361331274186618 10.422205262797887 9.25120391306721 7.825048659215816 6.12803411652281 4.154182260988066 1.9086538062501714 
1.902148059634274 4.147748959061933 6.122777948918385 7.821490619002635 9.24912110064681 10.420771403817916 11.359440144824612 12.093437311370952 12.653591596723697 13.070669679558968 13.37330861741218 13.586587615213292 13.73121038004357 13.823169420280463 13.873721968129795 13.889510299392137 13.872691687048725 13.820992394850743 13.727657216989249 13.581325315719948 13.36591978369956 13.060686583899892 12.640549405778055 12.076947871942004 11.339282368193814 10.396986982291121 9.222096859669518 7.7920042725976435 6.091985712700148 4.117103298401171 1.8732505696707782 
1.8611535164673183 4.10557952751441 6.083885926765932 7.788848189255512 9.223743384978745 10.401996199560378 11.345632711218888 12.082715397774216 12.644318050962996 13.061669685108663 13.36388594131626 13.57643915964735 13.720312593154295 13.811677205453897 13.861895261495237 13.877667859107095 13.861183551860826 13.810178872888363 13.717880996776481 13.572863620782176 13.358906252589719 13.055000080008 12.635682571146887 12.071894594746007 11.332518336367903 10.386646491023908 9.206427893012831 7.770069393815112 6.064366701869383 4.08621140403927 1.8429097202860867 
1.821029697897442 4.065853323354673 6.051433036019693 7.767474155265999 9.213623055400816 10.400659116417739 11.349571270659903 12.088668480135018 12.649911455135063 13.065519850835953 13.365429693247654 13.575681930293062 13.717600087589087 13.807530606657583 13.856912791227517 13.872478352388145 13.856431848182853 13.80652166231776 13.715971556483183 13.573303494138404 13.362142603676887 13.061153059666017 12.644304336283025 12.081699625162665 11.341190924721516 10.390920647909558 9.202707087124391 7.7556984515744265 6.039242611627998 4.053788671867998 1.809675887990072 
1.7690889232439033 4.016823354049661 6.017652943010269 7.754362307170139 9.219187280838394 10.41874025666314 11.373345608641472 12.11280764119602 12.6711172308252 13.082265846675062 13.377440810985458 13.583432082778089 13.721936748825641 13.809441344230319 13.8574085926007 13.87255756002503 13.857089794774428 13.808774801946596 13.72086642803414 13.581878968184064 13.375309894932085 13.079456615313386 12.667537874870389 12.108392439226753 11.36807385118148 10.412653939125358 9.21240396292504 7.747079421662704 6.010140772826988 4.00940584830138 1.7621141736080799 
1.6844129456394314 3.9402107454622426 5.974076715632397 7.7502264420665465 9.246287963389758 10.462825578867333 11.422355896940529 12.15883718741192 12.710096567944493 13.112892359501053 13.400093509322014 13.59934251087766 13.73265823357252 13.816564369987411 13.862448538534334 13.876949514916085 13.862240077981419 13.816129912020669 13.731964002210397 13.598341282402703 13.398729204706505 13.111106698726658 12.707837795167544 12.156070418720867 11.41907404820638 10.459059244159013 9.242112233233206 7.745762672083174 5.969487730718943 3.9356893232916206 1.680164658104607 
1.5217774245771905 3.8044434342222586 5.911511284718443 7.76676825291082 9.309854668863519 10.545540297290799 11.505549725182172 12.23239091567533 12.77002739148864 13.158947616945863 13.433930071475908 13.623365340280163 13.749384456608809 13.828342048390754 13.871391356590575 13.884992500106652 13.871255091033083 13.828058890590452 13.748934036404902 13.622719405670285 13.433055469446632 13.15781048918868 12.768598522568977 12.230651907038858 11.503499343472825 10.54320004452746 9.307272455377737 7.764019111945865 5.908694390552 3.801674217194606 1.51917783373813 
1.1927105533129498 3.519852497891133 5.856323219438093 7.837851452360069 9.437816764779882 10.686135042814433 11.634810332476283 12.340154937712676 12.854336184256356 13.221976393714947 13.47947075684734 13.655485359369914 13.771829394117766 13.844357200603973 13.883763186900437 13.896200009518791 13.88367132826475 13.84416676410728 13.771527550919306 13.655054437354401 13.47889022762245 13.221225607421365 12.85339777908041 12.339018695077584 11.633477064370823 10.684619933752872 9.436151515185845 7.836084665593019 5.854518732237057 3.518086232686379 1.191053937485417 
-0.10101586010352925 3.2234939382023913 5.8990735567870045 8.028356605815718 9.671461665818276 10.908618820844426 11.822774043131606 12.488118496737878 12.965520473103345 13.302799800670254 13.536788585150257 13.695463342191186 13.799634281872521 13.864212038275976 13.899157792987971 13.910167190309627 13.899089787480333 13.86407114457632 13.79941119110373 13.695145262844767 13.536360712151254 13.30224731719034 12.964831020392117 12.487284946191716 11.82179729162808 10.907510215597219 9.670244595833847 8.027066856328089 5.89775846474215 3.22221121240598 -0.1021853542843251 
-6.599379426085246 1.7552665755624048 6.356440394443703 9.264227146411761 11.070098512457827 12.168934005608474 12.837511603090555 13.253036300365117 13.518572956610559 13.691412850064015 13.804216023292696 13.876983569624816 13.922741115853375 13.950097259559346 13.964507203639277 13.968984399895493 13.964490685451262 13.950062884864101 13.92268632207403 13.876904810330437 13.804109143792763 13.691273556512575 13.518397250228043 13.252820791554912 12.837253899786049 12.168633732614865 11.069759213124353 9.263858583386334 6.356060125905808 1.7549030720709433 -6.599627550264246 
-7.3380901948581965 0.8213869098817235 6.482051846275856 9.9092397732653 11.844018131282885 12.864691209617959 13.382847348079734 13.648233831411632 13.791555340201796 13.8741531496627 13.923848508746516 13.954104324032544 13.972274483469945 13.982733774314454 13.988089218380475 13.989728256276154 13.988085642329438 13.982726302566878 13.97226250211896 13.95408698448345 13.923824831955717 13.874122083505709 13.791515227311741 13.648180226591306 13.38276929425744 12.864569137279835 11.843829572936805 9.908974496192767 6.4817307703491895 0.8210710363098267 -7.338322657345818 
-7.374464836716762 0.8895966653733863 6.740132551400096 10.340388793501994 12.290326240082148 13.235360541402432 13.654309715203937 13.832445939648956 13.910621959366697 13.94839749312858 13.968600700253955 13.98003263513503 13.986557738115803 13.990168175680964 13.991963166588992 13.992503807857087 13.99196247956202 13.990166735164387 13.986555415198145 13.980029257235836 13.968596148308313 13.948391927902419 13.91061522185818 13.832431195978627 13.6542538504866 13.235179431004529 12.289886169053155 10.339577229396376 6.738975105185403 0.88834692880605 -7.375414361133302 
-6.8908874786383425 1.5531322833020496 7.3307912188289235 10.813450278813404 12.629945767900802 13.451855714066811 13.7793407816608 13.898368121867138 13.940830778392536 13.957374939790846 13.964907767505533 13.968783648536048 13.970872596025371 13.97198230764263 13.972517858468763 13.972676548177692 13.97251774256648 13.971982064188264 13.970872200068102 13.968783058325394 13.964907044301619 13.95737515138986 13.940836127504006 13.89838093377574 13.77930990196952 13.451539530999922 12.628820181116772 10.810878198486199 7.326621045258747 1.5482114112051897 -6.894691219579814 
-5.314130267464483 2.820506010260615 8.31642480302276 11.45802190019198 12.970266766003393 13.58375676877715 13.795508755001347 13.859418541374165 13.87748719202692 13.882958992605204 13.884997067036934 13.885928958662237 13.88639869450717 13.88663716024493 13.886748517479905 13.886780913243316 13.886748504361568 13.886637133212464 13.88639865214166 13.885928869412279 13.88499684337816 13.882959840578394 13.877500525712245 13.859485820075207 13.79566747245123 13.583665911976468 12.968389946399649 11.451805712811288 8.304102049901267 2.804432454683436 -5.327710653410534 
-4.064615498830943 3.724755542768882 8.909733802920043 11.71013148231661 12.947034641420752 13.393293151788367 13.524229057438449 13.555747649949343 13.562324508504709 13.563733460552148 13.564132586157577 13.564288198015 13.564359269193533 13.564392894180957 13.564407791604639 13.564411995051403 13.564407790942198 13.564392893242575 13.564359274953492 13.56428818515612 13.564132207349152 13.563733132540095 13.562343158097041 13.555902344798513 13.524861376810275 13.394674622714662 12.946873770996639 11.699713712079921 8.880965665720398 3.6795927414413265 -4.104215191196488 
-3.9442147678312045 3.7469368734806134 8.566564319486782 11.019480712315744 12.043326804813287 12.384753476793474 12.473272373643978 12.490566023460714 12.493066844847945 12.493375854237556 12.493436161188823 12.493456908163761 12.49346503535285 12.493468465962561 12.493469890775547 12.493470278038833 12.493469890548223 12.493468465393816 12.493465047572696 12.493456926613357 12.49343555675282 12.493373621786649 12.493090394572766 12.490851815257406 12.47480762055161 12.38977668511074 12.053359634730986 11.01941508332932 8.508191112471357 3.6345243045404634 -4.064515821463388 
-4.602641912315681 2.7203204602459645 6.714406602836617 8.714665545910947 9.535813332525235 9.80021846842888 9.864277386742504 9.875115770598873 9.876189596371391 9.876217840154734 9.876218270497402 9.876220949401581 9.876221731488355 9.876221928868834 9.876222005509389 9.876222026255292 9.876222005273405 9.876221927506661 9.876221745894751 9.876221003349517 9.87621754473946 9.876213580993804 9.876213148665077 9.875519525557857 9.866822225046672 9.810422362486955 9.56402669448593 8.772945880184425 6.714405713181085 2.3877278176852648 -4.863780702558184 
-4.199956917636832 -0.2317341210826322 2.46006282821586 3.9289461572747104 4.543407910576848 4.74092875516799 4.787684902216212 4.795075538748191 4.795631382740774 4.795597581295353 4.7955896272253495 4.795590420726907 4.795590623964405 4.795590610000655 4.795590606970763 4.795590607409622 4.795590606779637 4.7955906082272355 4.795590637411949 4.795590495469647 4.795588937520462 4.795592303469128 4.795650543323029 4.795512386048743 4.790741062735682 4.754377003367219 4.587943083893259 4.041258151907108 2.79273221936248 -0.23162891815929001 -6.508958558822857 
-7.118592784478599 -6.497571713837851 -4.79439503514762 -3.81121167690185 -3.3895731968853773 -3.253362195224046 -3.221214135554693 -3.2162254086416437 -3.2158867998278913 -3.2159204899453506 -3.2159272759314868 -3.21592678323257 -3.2159266450952377 -3.215926658193252 -3.2159266610674213 -3.2159266608050947 -3.215926661199686 -3.2159266596816884 -3.215926635080324 -3.2159267191070238 -3.2159277955354133 -3.2159248676971854 -3.215873567818262 -3.2158770483331667 -3.2186979268678075 -3.2417720950261906 -3.3505001092620366 -3.6909838468556795 -4.533248497873494 -4.187483211673567 -7.117671509152127 