Step: 2700.0
10.524772271836726 10.35529584584119 10.938402633981097 11.55295571743332 12.228608466061006 12.893234074738915 13.51358218679664 14.072994000633127 14.563981492715948 14.983920200007837 15.332755136601946 15.611670670272552 15.822268441908951 15.966029231413383 16.043948171311886 16.05628705769311 16.002414258903176 15.880715906644223 15.68856848278821 15.422366148926136 15.07759844267418 14.648977335793585 14.130620127469172 13.516312085354985 12.799914945658985 11.976074816460526 11.041732401665728 9.998135883039385 8.86845371880185 7.495140760432028 7.5379139256944985 
9.876745207035697 9.37672380969824 9.86783923457354 10.602528153428803 11.365502989625838 12.103229204899323 12.785386049527835 13.397521423852753 13.933281891687798 14.390754689574573 14.77038933603866 15.073759380843995 15.302772310899618 15.459138702305898 15.544005010935948 15.557700747191845 15.499573861188486 15.367899574602903 15.159853339435752 14.871541150357986 14.498082040077449 14.033740006664079 13.472108303154487 12.806362705450837 12.029631117359143 11.13561046028117 10.119632706050815 8.982008830720387 7.723232200047543 6.510345695646518 5.628498962347003 
6.912482931990542 7.7286039264116075 8.636941865295189 9.57310820409005 10.476388188039227 11.313805177118992 12.072040591656654 12.744549744569186 13.329164854282212 13.826307788961255 14.237834186540645 14.566223657016792 14.813996061000955 14.983280985031886 15.075499549239911 15.091135749507645 15.029584398998663 14.889067567509974 14.666613282265025 14.358090466762723 13.958293567101018 13.461069788687146 12.859482076543602 12.146002563543691 11.312735505829748 10.351664342869439 9.255004808409426 8.01488347528803 6.632569668915202 5.08444452521437 2.9187594290738583 
3.744773128857742 5.905907920739319 7.324558574761137 8.525670811304282 9.591182736173705 10.541622690663026 11.383448947897552 12.120494294510358 12.75614921229725 13.294021279636766 13.73789488544243 14.091480504532216 14.35811606751053 14.540484953750354 14.64037636127331 14.65849913274611 14.594353776668234 14.44616385012587 14.210865006892188 13.88414711826831 13.460541598813855 12.93354198662043 12.295739851788058 11.538947315240534 10.654252710000774 9.631901024689626 8.460659303653964 7.1263994387784075 5.602361280661707 3.8037040776692383 1.651561920771426 
2.215335403075576 4.376740981936301 6.1135104095502735 7.532611445579214 8.74898902261256 9.808413831002271 10.732507741131453 11.533452799326948 12.219630849410104 12.797713855577934 13.273439640178033 13.651809445770127 13.937039901992522 14.132421458693484 14.2401580749986 14.261226734406074 14.195277090615102 14.040581143830627 13.794035847544473 13.45121583481727 13.006467801515715 12.453031318522648 11.78316101834593 10.988207905123826 10.05858342171672 8.983448242110684 7.7498149694550955 6.339903104136738 4.724443510711246 2.8661350452782988 0.733005272789793 
1.1293391859321007 3.273876318914582 5.100022742439533 6.652037469862808 7.982755491370693 9.134171748587962 10.131642992815943 10.99140445807176 11.724913925168815 12.341047414167438 12.847100397566098 13.24918313465482 13.552310600983287 13.760350121412445 13.87591691213201 13.900268791883668 13.833229286634557 13.673154825212983 13.416952394868114 13.060146584404428 12.596987954541842 12.020586903881465 11.323047008140177 10.495556452031591 9.528370255510422 8.410574538785426 7.129437459613224 5.669205438371365 4.0111501499495175 2.136926801876945 0.03724140810067856 
0.32011557444413646 2.4300551165479543 4.2864917614433 5.904536604294144 7.3108745387748995 8.532185210362124 9.590061622384901 10.50064254526854 11.276312673290954 11.927010221056754 12.460976680911454 12.88510064547029 13.205016948687033 13.425076010319929 13.548259595114045 13.576091964108306 13.50857696719982 13.3441787797498 13.079854405366136 12.7111382152288 12.232271629715168 11.636363794450912 10.915561150328964 10.061194888211212 9.063867142409153 7.913437002438663 6.598925439730592 5.108679705066774 3.431472250210855 1.559301693562845 -0.5085218426578924 
-0.30533124773006 1.7708249639921931 3.6326493489425284 5.28374269011925 6.736733156557943 8.0077477452527 9.112535419655034 10.064903422042834 10.876578256579617 11.55755919764714 12.116422565470344 12.560468672471458 12.89573529297501 13.126930446719072 13.257333471534624 13.2887021576493 13.221212334602422 13.053446455926018 12.782439405497767 12.40378252925813 11.911780376910695 11.299648656130879 10.559736813413942 9.683756065524252 8.662998235653664 7.4885557018586395 6.151629539336683 4.644127514181084 2.9598262279806513 1.0961898145035074 -0.9435009862769926 
-0.7975391199587945 1.2486051557516507 3.1060028013631413 4.772868318204261 6.254353197745969 7.559678477050581 8.699680347052048 9.685273250812072 10.526740729207978 11.233489345620253 11.813962489934156 12.275559412481572 12.624520082157385 12.86578557782774 13.00285875323122 13.037690251126188 12.970609950102064 12.800317485586264 12.523939021754702 12.137151379760866 11.634369071655657 11.008985008202181 10.253652463756653 9.360596286832969 8.321949496213266 7.130134072087154 5.77834252446961 4.2612114395981875 2.5757589207725418 0.7225425721854911 -1.2932012104387196 
-1.1889774576660244 0.8316355493789657 2.681074260364506 4.354853224815404 5.853873641086937 7.182906321034118 8.349073474603797 9.360657384853459 10.226303458084606 10.954520204134049 11.553340886144426 12.030052180170266 12.39094828799393 12.641105307780025 12.784187234883397 12.822299429031059 12.755903879302652 12.583806629180211 12.303222959766474 11.909921063176096 11.398440278926392 10.762375858334646 9.994719404367324 9.088244066044952 8.035928425654618 6.8314240466910086 5.469585452081271 3.9470854369100343 2.2631153900203747 0.4201106351703397 -1.5756352683052435 
-1.502293063070412 0.4970869596473303 2.3379893581401348 4.014436567746919 5.524724455018989 6.870634974018037 8.056529168168906 9.088498083442506 9.973650851011131 10.71953877339109 11.33367942500386 11.823146847636329 12.194211274254624 12.452027862539104 12.600382960586543 12.641509183029795 12.575979577896808 12.40268836710361 12.1189222189555 11.720522208137984 11.202132682456064 10.557529299835489 9.780014832300507 8.862868601197752 7.799834433986015 6.585633098182922 5.216486731103706 3.690640913186043 2.0088601247494564 0.17485387681059905 -1.8044285458505729 
-1.7544502803972062 0.2275658959500481 2.0608500128922183 3.7384601009133314 5.256882348226796 6.615706310617507 7.81714966876817 8.865501043089392 9.766533754069025 10.52692494084444 11.15370120935763 11.65372566392236 12.033239317888974 12.297469394623295 12.450316117756456 12.494127850602048 12.429572153867023 12.255607823256932 11.9695603722651 11.567300643298077 11.043523012315033 10.392115683747573 9.606610560908877 8.68069394863547 7.608752032336495 6.386417466808749 5.011077420453277 3.482302113360211 1.8021593397105489 -0.024604787817422966 -1.990519605970909 
-1.9590378841082936 0.009015230827918164 1.8364864155923932 3.5156096597827267 5.04132744112708 6.411356563766871 7.626083301884725 8.688262327133762 9.602545207725417 10.374898735765573 11.011981461076155 11.520536259041426 11.90683975743198 12.17623442198713 12.33275860283702 12.378883329873915 12.31536078623291 12.141187096955736 11.853680522793375 11.448674646965943 10.920823984717607 10.264015839172272 9.47187622035155 8.538348137040758 7.458306646071732 6.228157395260549 4.84634880615565 3.313723543195628 1.633655943966136 -0.1880260215727575 -2.14326912892325 
-2.127813424899014 -0.1707376150556474 1.6534700326596352 3.336038889280123 4.870187585946167 6.251669417370259 7.479078839592858 8.553790009888695 9.479551121359462 10.261851085148086 10.90719196550476 11.42237003477379 11.8138288685146 12.087117499560362 12.246468412593591 12.29450055080975 12.232048210891483 12.058115391967577 11.769955274675006 11.36327488728634 10.832564637312187 10.171550090808733 9.373757638376926 8.433174348230223 7.344962534615275 6.106158697186439 4.716248783163351 3.1774860764852737 1.4948427852888428 -0.3244117426562663 -2.271353758293359 
-2.2720224914399405 -0.3232283426250196 1.5012474820818646 3.1910145182306233 4.7368323979701845 6.131948946085936 7.372961618395448 8.459962430679305 9.396072616692203 10.186636895964842 10.838314375629297 11.35821322862406 11.753138590413117 12.02898082998048 12.190250164005905 12.239754425820697 12.178414297222401 12.005211362814755 11.717267057366605 11.310053661569887 10.77774087252473 10.113681879145082 9.311039507405193 8.363542974773887 7.2663441016002555 6.016899925085695 4.615732788027887 3.066832609260698 1.377437971776713 -0.4428989941809343 -2.3837100881218407 
-2.4039300809197885 -0.46076375759460303 1.3692667553680915 3.0726823997941053 4.636125751588285 6.049202744639354 7.306147766761531 8.405968970741835 9.351623331508806 10.148814486147543 10.80480091393416 11.327350208924283 11.723880933772529 12.00079401825574 12.162980470085321 12.213488332293768 12.153333847479024 11.981446777938643 11.694746112479551 11.288348956406347 10.755921474480715 10.09018536895969 9.283594950506657 8.329195668180875 7.221659745810944 5.958455648883808 4.541015319316802 2.975513824738369 1.272673610482149 -0.5539482581051314 -2.4908381446097603 
-2.5392221885833792 -0.5984611472927411 1.2459991155402055 2.974203767238195 4.5651343924524985 6.002941763355529 7.279277602490038 8.392749310352167 9.34698835033232 10.148808328888178 10.806659196864624 11.329399335764089 11.725354883975738 12.001624675952762 12.163589551683664 12.214590744244648 12.155750982108133 11.985922132196471 11.70175367647219 11.29788674489856 10.767288785465658 10.101753956638065 9.2926030656806 8.331622737806978 7.212284036705917 5.931270305045975 4.490292591613115 2.897987843091724 1.1704284853645268 -0.6712411406590054 -2.6070582267162994 
-2.7015407530714954 -0.7580522826162295 1.1181761145756068 2.8909169513049475 4.5249277319761445 5.99642791753726 7.295957286585947 8.423384172262981 9.384398012341293 10.187957252253966 10.84443322849073 11.364262133474446 11.756983383963398 12.030572308059467 12.190994465661227 12.241926560004199 12.184606072354246 12.017787706041148 11.737799246380602 11.338703324846225 10.812586058094308 10.150009431454444 9.340681437884518 8.374415667419282 7.242471615822009 5.939396928937499 4.465559536850179 2.8306297101702245 1.058541290590172 -0.8153888468464284 -2.754949237594385 
-2.935872037309008 -0.9737457794265595 0.9703739617333251 2.82603262932655 4.523648730249678 6.038211556855519 7.363423723703927 8.503307204442224 9.467512549454645 10.268395961121001 10.919049627357918 11.43196889780271 11.818172656465123 12.086643357511257 12.243984866428463 12.29422508922613 12.238716401544291 12.076108366796285 11.802384526185403 11.41097067310414 10.892939331363209 10.237356672666781 9.431844214952577 8.463456598761383 7.320008555498727 5.992034452840893 4.4756967360064746 2.777457597889121 0.9224480445202471 -1.0197281433748233 -2.978662057826699 
-3.324064109042806 -1.3292398579756248 0.8136845273577145 2.7991659643581306 4.579910837357014 6.143258841144737 7.492767784733032 8.640143768834013 9.601112818562777 10.392714078020694 11.031501919886134 11.532410765041575 11.90809392625245 12.168572894619928 12.321069347480908 12.369933504198237 12.316618653975281 12.159677609808066 11.894773890974687 11.514714098644367 11.009525048224878 10.36662527078028 9.571176884817042 8.606745401596314 7.456431012520315 6.104659959756682 4.539881948950745 2.758686040430192 0.7738533471167336 -1.3672490271075535 -3.3593867762906395 
-4.526003967401554 -1.7263097736875994 0.705976904570242 2.8527366373386345 4.72376522054498 6.332714998603863 7.698314177550075 8.842992397854982 9.790406540772421 10.563350965291786 11.182359660578044 11.664961503252407 12.025399331449197 12.274608323226172 12.420298808532976 12.467052360776275 12.416389613518477 12.266796012033248 12.013702681518694 11.649424507258631 11.163068559235402 10.540453940995631 9.764134093253903 8.81367674985632 7.666406651629871 6.298800598508388 4.688573117453895 2.8171444237850007 0.6710094437660032 -1.7594770736575984 -4.555817250455088 
-10.522151294626239 -3.7934155480246754 0.28662769365926855 3.3445984257359385 5.711094345028877 7.547664771847102 8.966033040135217 10.056069096519638 10.891133276867329 11.529115151332546 12.013701716284887 12.376524935921118 12.63969008646733 12.818099982866991 12.921245338426681 12.95438988565292 12.919219741959411 12.81404834023407 12.633615174911506 12.368439158180244 12.003634283383088 11.517117488192342 10.87728092645634 10.040462153311285 8.948803793112987 7.529006893938742 5.691325254663177 3.324253291790462 0.2665811734309266 -3.8117186748854683 -10.534935990742865 
-11.524349670671155 -5.0824408122226625 -0.06965004688520121 3.6246647507604535 6.361560312582808 8.366588636208789 9.814994422093026 10.849929919453073 11.585800568243252 12.109414146975372 12.482973852490588 12.748776717717503 12.934342370933571 13.056889167400994 13.126652465146398 13.149016781193142 13.1256582621855 13.054899482410034 12.931356731501381 12.744798342195224 12.478010370569626 12.103471539334546 11.578866161917059 10.841946966751532 9.805847094987016 8.356135842702752 6.349759175169286 3.611786511976798 -0.08277083068029083 -5.094157602724671 -11.532668992062817 
-11.822743472978546 -5.369792602815969 -0.1389340336691372 3.854695387614248 6.7796302967700495 8.85473825256386 10.28475006116546 11.24786374606193 11.887690039524905 12.311412928412258 12.593478929267231 12.782410520667591 12.908186912471038 12.98851119082063 13.033319587683424 13.0475985909312 13.032859936237793 12.987592264285109 12.906811391286588 12.780585769285498 12.591215677992658 12.30871201257035 11.884505936656382 11.244039095348631 10.279942613144161 8.848417195980746 6.771256785295744 3.8441458205798082 -0.15085165726566005 -5.381136205174238 -11.830952469224522 
-11.70946059834655 -5.189724843191792 0.04653724661997904 4.0730609987415765 7.004939665323139 9.035299763802799 10.380962790676675 11.241024646172034 11.776857417104447 12.106803027129208 12.31049834161008 12.437703758033992 12.517636662592833 12.56659340699135 12.593208482447418 12.60160953484421 12.5930136711747 12.566206604835017 12.517066712077634 12.43697091414783 12.309637385216368 12.105851898218113 11.775808178503475 11.239708078517426 10.378859542872224 9.031371778596515 6.997776585012171 4.0616212759104675 0.03138022114714151 -5.205666577079189 -11.721386397703291 
-10.949483609560744 -4.751841211404933 0.3320739410102908 4.221240424499344 7.003524565940043 8.87288500008235 10.05860026220684 10.77354558275007 11.187686584322412 11.421730300328095 11.553309790076021 11.628266944266368 11.671789745037772 11.696931162340958 11.71011135116404 11.714210606044249 11.710047666795985 11.69680866659559 11.671623746039662 11.628095057719932 11.553207950706607 11.421819724565527 11.188096301320579 10.774265925461965 10.059149236521348 8.87175510655738 6.997782903935236 4.207603030972959 0.30963507518013333 -4.778457942363458 -10.97106826086627 
-10.504024732569418 -4.689533882476444 0.13701064959073084 3.7825032414510384 6.338673869802845 8.0112425256719 9.034390254369518 9.622015878274315 9.941481694762693 10.108181170778673 10.193437048414387 10.237291400739021 10.260429558726715 10.272825605934692 10.279018379630205 10.280904780640466 10.279001395930091 10.272797905815665 10.260411786796105 10.237338050505281 10.193669732414456 10.108826932374365 9.942878797222955 9.624501238457867 9.037919909169947 8.014552705240602 6.337603797078385 3.7689499836270413 0.10562935265239771 -4.734110091478128 -10.542284328836669 
-10.963404620085711 -5.4264849012862 -1.0284368456869006 2.21346160227726 4.456130258757166 5.898489339893152 6.759010421726645 7.235980675529532 7.482810625141655 7.603254735814054 7.6596583584447835 7.685707426040875 7.6979503638838 7.703872322963744 7.706629472509315 7.707442457507331 7.706627315834662 7.703875654050674 7.69798531017612 7.685846438995009 7.660073805786402 7.6042991901528625 7.485097645360596 7.240388157299899 6.766455532690107 5.90915349794797 4.467587466525874 2.212716392772008 -1.0710712740027322 -5.504644186865173 -11.04478310637534 
-11.991602273208544 -6.951697432032296 -3.3408349913317688 -0.6644758482166284 1.191576420860874 2.377669716721305 3.075199033531564 3.452976483440715 3.641882030697763 3.729592161421824 3.76784782127463 3.7838655975155158 3.7905240259930832 3.7933580250434855 3.7945507840314856 3.7948850276954644 3.794552810672512 3.7933704339514165 3.790576114680285 3.7840412666390764 3.768354870098457 3.7308796749424267 3.644800564957138 3.458943121244306 3.0862942273792973 2.396608830467068 1.2208880284944543 -0.6228205947529899 -3.3408082127813072 -7.152362965906356 -12.146093725929344 
-12.262703823397779 -9.498714082088988 -6.975244346207331 -4.954759798556358 -3.527309712862524 -2.6127315751005686 -2.0781063100122426 -1.7922445441623949 -1.652210599569431 -1.5891958716073429 -1.5629881826875323 -1.5527781034813355 -1.5489540089496567 -1.5475262406696666 -1.5469960294041998 -1.5468578307126972 -1.5469932775589026 -1.54751287660618 -1.5489020402432352 -1.5526058200318018 -1.5624883952735293 -1.587906503725231 -1.6492149147762412 -1.7858967176299563 -2.065637333336232 -2.589540406688448 -3.4845564183323376 -4.877184604023206 -6.7734174573063415 -9.497085164223199 -13.654938698272845 
-14.222087068634027 -13.618618122927588 -11.971431547528786 -10.586842600849316 -9.592763368218483 -8.95391681709838 -8.580972321437894 -8.382440399523356 -8.285921672180173 -8.243003490111464 -8.225485238236777 -8.218862107144394 -8.216497004885987 -8.215673071575878 -8.21539028220038 -8.215320352403996 -8.21538809258291 -8.215662741324696 -8.216457218905555 -8.218730208220531 -8.225100981406754 -8.242005406011781 -8.283580853481135 -8.377413743511529 -8.570910796108782 -8.934561391865117 -9.555875041683194 -10.505785255362076 -11.815901544309266 -12.219656838353897 -14.2169857218193 