Step: 495.0
13.818013564910478 13.717135895289127 14.15700982129544 14.575493406254285 14.953450574487835 15.246788746501997 15.455437548555958 15.594408471603227 15.682137293352127 15.73501270519377 15.765593446027832 15.782620363219712 15.791745688649069 15.796394118026114 15.798488514101807 15.7989520303595 15.797977972804198 15.795075429016102 15.788881457090257 15.776700651190044 15.753709055669868 15.711765375897636 15.637841659424275 15.512258654321565 15.307222497311717 14.986607942682326 14.508617590242253 13.832896834563291 12.946515261705173 11.752202516051895 11.707806777171184 
13.265376883687855 12.939150051328955 13.385650156490575 13.915266529528754 14.358891208417809 14.694387816418784 14.929441228922517 15.084613858055132 15.182002472221585 15.240462588279255 15.274172731070419 15.292899539166168 15.302918467056733 15.30801602898861 15.310312813553336 15.310826689657627 15.309774855219654 15.30662771203372 15.299906647259416 15.286683815131846 15.261714800384956 15.216139643277101 15.135759250540275 14.999074346861274 14.775591869933733 14.425356046904907 13.901094752798732 13.155794750157924 12.149909854496379 10.990692659200588 9.887237865407842 
10.570278825530494 11.594576610667348 12.494549090440545 13.236194927589821 13.803346146770805 14.209578408783406 14.485689034350889 14.664503852496276 14.775286846615431 14.841172394889192 14.878900278943997 14.899746135939695 14.910852106079837 14.91648650592962 14.919025556190963 14.91960952485612 14.918493163976013 14.91511590216531 14.907888963583337 14.893656143040166 14.866752193311738 14.817582944212342 14.730719537512662 14.582674487184503 14.339827798007985 13.957335760616585 13.380165554642714 12.546478494300898 11.399505986233638 9.859007875273589 7.432996540469969 
7.756087467159601 10.156092980827921 11.585412707538348 12.594405179100775 13.308618911972452 13.799912838384095 14.125125861186273 14.331984767467993 14.45848741055455 14.532988182840132 14.57532408149046 14.59857335595081 14.610899762833869 14.617132464353594 14.619942614431306 14.620612432191596 14.61944484402991 14.615855972986381 14.608155269537118 14.592969963890658 14.564231227234623 14.511634144671675 14.418547326959384 14.259517777982891 13.997800112186843 13.583657808043526 12.954206386815269 12.035156978548407 10.737644569818722 8.92339492458269 6.482812045797067 
6.63206698925074 9.061318466594434 10.823179917296128 12.048529223841836 12.897314790074496 13.470353821713097 13.844347770222655 14.079600558864449 14.22219774151527 14.30557379012633 14.352671133588144 14.378406341380575 14.39199499419963 14.39884676807413 14.401939392637018 14.40270419583612 14.401498026529698 14.397720849673366 14.38959220546498 14.373544278234254 14.343144045193695 14.287447430493621 14.188750565679861 14.01987547593986 13.741419474045896 13.299724218526677 12.626461692762796 11.63992214205387 10.246473317604034 8.355944599296695 5.908077599792883 
5.972013437052796 8.413958540877479 10.278298322357228 11.633888665800438 12.580869697801859 13.21993938435899 13.635658048782219 13.896127967360819 14.053388050129975 14.144996749395892 14.196568631064649 14.224662509686839 14.239457568828268 14.246904822059518 14.250271836699657 14.25113308654305 14.249899692235568 14.245961651117005 14.237463313481053 14.220671676862537 14.188847429688833 14.130517287916922 14.027111306677758 13.850113335752932 13.558194598306118 13.095203150294724 12.390171740506311 11.360568037299034 9.921248786578287 8.000233883107237 5.560288653782171 
5.584029064780696 8.020503996169076 9.928035976154598 11.347483662923787 12.3554295071955 13.040754661236317 13.48798344254163 13.768469750009412 13.937789840854869 14.036351007398387 14.091779064520336 14.121938352528494 14.137803490977776 14.145784771405701 14.149400930656169 14.150352967000964 14.149101934609329 14.14503277796009 14.136230705874112 14.118831820617588 14.085857669330146 14.02543247007291 13.918353070760984 13.735182947704914 13.433399840180126 12.955598860322592 12.23019957722344 11.176393018125205 9.71457551708362 7.781913073632412 5.349466975020093 
5.355753048530376 7.786075543425005 9.711709479028029 11.163159005433023 12.205374662389653 12.919841851288279 13.388540823147286 13.683454195950754 13.861836808458664 13.965793069668964 14.024290678082503 14.056128272802104 14.072877810523522 14.081306878011578 14.085135013726228 14.08616679542265 14.084905708649874 14.08073515308875 14.071696752513384 14.053829733007296 14.01998231911312 13.957997017933161 13.848249751665694 13.660738998416837 13.352305533279688 12.865073302076135 12.12766720730046 11.060816585041746 9.588152080506406 7.6510835257120515 5.224181456865952 
5.223895788169649 7.649497967369046 9.582902978651418 11.05022065596485 12.111005751999876 12.842541860471524 13.324730477099045 13.629226303549943 13.813898531462875 13.921733008961917 13.982501039154402 14.015609511881198 14.033041956149308 14.04182258081505 14.045819835008578 14.04691720496459 14.045651706623822 14.04140737732224 14.03219583169115 14.013989320022343 13.97951916123385 13.91644548149269 13.804887716268807 13.61453118107363 13.301921764368856 12.809075153645693 12.064951144095604 10.99130039305959 9.51346993031374 7.574872518677983 5.151589727213596 
5.149484894280443 7.571990216831047 9.508702280569194 10.983830736984249 12.05439194665668 12.79546644536296 13.28562227777805 13.596065652445466 13.784808909985744 13.895242721476123 13.957577041081658 13.991583417835637 14.009507973198081 14.018546203517012 14.022669432967634 14.023817245817051 14.022551397396903 14.01825768269404 14.008928529774398 13.990492942561728 13.955608515826047 13.891825091432839 13.779116623640874 13.587008358401786 13.271925939820864 12.775899801784806 12.028156301562856 10.951042158941561 9.47078425231904 7.5317394468152585 5.110658833961915 
5.108491282446342 7.5291255264899375 9.46724104686388 10.946199377052862 12.021817464494463 12.768051683962359 13.262703935218218 13.576638394219042 13.767855843505547 13.87991649209782 13.943254928330743 13.97784807862485 13.996099132791196 14.005310450312383 14.009519583302536 14.010703212984454 14.009440112926466 14.005118276205401 13.995719046571287 13.977145597010914 13.942011869909681 13.877804203639606 13.764416834578922 13.571294817536291 13.254816640948874 12.757048830710088 12.007388913539804 10.928512966218863 9.447096448257113 7.507951837152399 5.088138829386235 
5.086293823676701 7.505872113475148 9.444638542347388 10.925547215297316 12.003818287207693 12.75282455764042 13.249945049298711 13.565832266815026 13.758454489027804 13.87144828325073 13.93536567807086 13.97029734281628 13.98873621242947 13.998046810399131 14.0023056746261 14.00351167191497 14.002254279536583 13.99792389561964 13.988496901563236 13.969863139692142 13.93461268423204 13.870195747212097 13.756459844504295 13.562801812780437 13.245570273224677 12.746849650326887 11.996132598654832 10.916279438648196 9.434215506692407 7.495005435966496 5.075878741222036 
5.074111053601108 7.4931537990426875 9.432395113565207 10.914523114844124 11.994379795095801 12.744981871635812 13.243466543049868 13.560383032972705 13.753705364109097 13.867134502850336 13.931301863914893 13.966367086887447 13.984872917421752 13.994215656531685 13.998490406402805 13.999706308382075 13.998458424826616 13.994140020671866 13.984727974890301 13.966108933887242 13.930863045678715 13.866419616556986 13.75259076930321 13.558724870247378 13.241120940872285 12.74183845076068 11.990404034551222 10.909796331794453 9.427136235542354 7.487708746287126 5.068904989127074 
5.06654152006535 7.485415105022 9.425379876773594 10.908783400784335 11.990038596184242 12.741823826777187 13.241118951156718 13.558480304329949 13.751978896185019 13.865428813794805 13.929549217656428 13.96455216033197 13.983004732260493 13.992311007871907 13.996566672571744 13.997780131862338 13.996547489748297 13.992266141910536 13.982920098535587 13.964404156542022 13.929302511096859 13.865034891227664 13.751376926461795 13.55760212162976 13.239899544088376 12.740217254089188 11.988036807847072 10.906432809722501 9.42278911387444 7.48274856225255 5.0639973686544515 
5.059725533872146 7.478808623602809 9.420350111440433 10.905966793432025 11.989249806230006 12.742359544564223 13.242181663233579 13.559475073284158 13.752599885436195 13.865601695080603 13.929328653063772 13.964038204404165 13.982295452884172 13.991484541803663 13.995680461283571 13.99687796636369 13.995669349938405 13.991458835084433 13.982247702936867 13.963956179299991 13.929194488993053 13.86539154291992 13.752284757964365 13.559023628881175 13.241565373640535 12.741559989674498 11.98826681288934 10.904825150494007 9.41910219537489 7.477530914039782 5.058508716068188 
5.049628395415255 7.469588664393886 9.414857499196915 10.905172611827933 11.992240453546845 12.747276356570781 13.24729544422288 13.563734667131317 13.755643653066766 13.867503810871726 13.93034452428491 13.964443922332695 13.982317420099614 13.99128525698345 13.995370385995184 13.996535910764782 13.995364158377246 13.991270999931812 13.9822913304558 13.96439987146891 13.93027376821374 13.867394980624054 13.75548333126506 13.563508835155382 13.246991924392614 12.746888055641834 11.991768798472966 10.904630211738453 9.41426897295863 7.468988889337394 5.049058139696401 
5.02960227429487 7.4521123809538015 9.406406938889457 10.907218234478185 12.001639709786735 12.759427875399142 13.258638368906293 13.572608897289308 13.761802894103408 13.871398235556562 13.932609661201793 13.965647462749073 13.982880565858144 13.991490496664827 13.995399774444376 13.996513738140957 13.995396389113877 13.99148282441175 13.982866726050052 13.96562447816437 13.932573376084973 13.871343379467321 13.761723418316972 13.572498688153692 13.258492362996874 12.759243464303864 12.001418159346805 10.906965717677648 9.406134768034537 7.451836169452635 5.029340044347536 
4.9855782367355586 7.414964351725719 9.39234141900498 10.916496567373601 12.024582252095994 12.78481986961833 13.280187747948899 13.588375231177055 13.772242487550878 13.877810575322675 13.936311177703274 13.967666735024162 13.9839220416104 13.99200065451345 13.99565375516454 13.996692673786718 13.995651963348058 13.991996632665991 13.983914885651208 13.967655037229882 13.936293013062423 13.877783559257654 13.772203955472403 13.58832257614382 13.280118915813633 12.784733954146242 12.024480070225179 10.916381052049159 9.39221766929535 7.414839245704049 4.985459623380672 
4.879642192175993 7.335014333533135 9.37077637430406 10.94923690206828 12.076181186389368 12.833534151126846 13.317639501667257 13.613944470718446 13.78834527895184 13.887351431491519 13.941688872227024 13.970570165823613 13.98543375148437 13.992774780570953 13.996078372067236 13.997015498130796 13.996077439041342 13.992772705507116 13.98543010756845 13.970564298733917 13.941679904435988 13.887338300157994 13.788326826837306 13.613919601974533 13.317607398046912 12.833494520989213 12.076134495411543 10.949184520585057 9.370720581570179 7.334958134391157 4.879588980271886 
4.631502769712688 7.128890154865738 9.383707945695864 11.04552935139961 12.182137355537733 12.919066243509631 13.37734649838319 13.65212157538075 13.81129706134887 13.90049728343902 13.94891655885138 13.974405994880033 13.987413640606254 13.993791586120299 13.996645572186512 13.997452621629787 13.99664507669881 13.993790493260711 13.987411744253759 13.974402983523346 13.948912022189415 13.90049073498515 13.811287984485629 13.652109496461815 13.377331083550818 12.919047406739931 12.182115354854316 11.045504845781021 9.383681990085243 7.128864137317898 4.631478162026822 
3.355155621134312 6.986652783308953 9.553255185517374 11.275562003100156 12.37461040241523 13.05413747466075 13.463875359318237 13.704450785395558 13.841578766359838 13.917366838948423 13.95799883410707 13.979149765377208 13.989834398219394 13.995026866795913 13.997334013217026 13.997983788012244 13.99733371145385 13.995026203975797 13.989833254983596 13.979147962736027 13.957996138628037 13.917362977085096 13.84157345211719 13.704443761570998 13.463866449641818 13.054126642417195 12.374597808222662 11.275548035317142 9.553240450830039 6.986638066318589 3.355142047092354 
-3.0263594544139623 6.47213403271492 10.701701398653942 12.585975310551357 13.360017345115356 13.686440967558138 13.840362008058026 13.919101129045554 13.959873952637913 13.980563431700086 13.990794339576901 13.995728787444111 13.998049894847373 13.999107262853132 13.999552831910309 13.999674437874894 13.999552803983434 13.999107201279172 13.998049788085915 13.995728618122602 13.990794085232151 13.980563065217494 13.959873443293452 13.919100463680524 13.840361181869765 13.686439937687036 13.36001600615808 12.585973669816314 10.701699615527026 6.47213233581124 -3.0263604272111366 
-3.4193928103070266 5.890381269842494 10.999206135251308 13.05966567789627 13.722434688883693 13.905513263909668 13.960088353801089 13.98155465659315 13.99150026253586 13.996163957628422 13.998300646366314 13.99925902904346 13.999680323418982 13.99986074239452 13.999932959218437 13.999952064849216 13.999932957229348 13.99986073800686 13.999680315827813 13.999259016978495 13.998300627891814 13.996163934166175 13.991500225657497 13.981554560001268 13.960088356099238 13.905513633518167 13.722435301201843 13.059665348708965 10.99920415186688 5.890378096232219 -3.419395351549183 
-3.3944778814989345 5.985976949169323 11.136130142966513 13.223384484023429 13.83715138657908 13.968737123370369 13.991441408845397 13.996489917193387 13.998451599207641 13.999319220940464 13.99968967127787 13.999844601777907 13.999908467598466 13.999934253105124 13.99994407391807 13.999946593717189 13.999944073819373 13.999934252884055 13.999908467207646 13.999844601374157 13.99968966999968 13.99931921479705 13.998451637513648 13.996489898217385 13.991440605005241 13.968737465817945 13.837157101061722 13.223398547625523 11.136145293429676 5.985987848190774 -3.3944731046298586 
-2.942859348994683 6.545352888230952 11.473036625477455 13.373794606891162 13.892439278678804 13.98739107803733 13.998419188059781 13.999472157708551 13.999770167841543 13.999902758959127 13.999955914236427 13.999976698550952 13.999984756132829 13.999987831553751 13.999988948425898 13.999989226525543 13.999988948421848 13.999987831561906 13.999984756068779 13.999976698426527 13.999955916729718 13.999902750337464 13.999770106763716 13.9994727802457 13.99841894298836 13.987378272798146 13.892433331364012 13.373841213738869 11.473187544945015 6.5455505182301605 -2.942689239724461 
-1.064203532817054 7.883661891502374 12.21050995394659 13.647201774239498 13.958890286845241 13.999173735597262 14.00179454056924 14.001915622244159 14.00194840066771 14.001959437411172 14.00196403687994 14.001965767562673 14.001966381611261 14.001966605272443 14.001966682840045 14.001966701545964 14.001966682837102 14.001966605265256 14.00196638177778 14.001965766627176 14.00196403709672 14.001959469336752 14.001948243208739 14.001914916474508 14.001804128685919 13.99917109162707 13.958696756339858 13.646970354873673 12.210527741311218 7.884304863275651 -1.063630190081825 
0.4836645828642754 8.925234848827342 12.752717958491363 13.831740706525085 13.997665444488764 14.005616544835014 14.004902317338619 14.00495838139759 14.004970976103131 14.00496821349184 14.004968333792446 14.004968360272446 14.004968344470642 14.004968342179644 14.004968340844814 14.004968340460113 14.004968340853374 14.004968342116443 14.00496834465954 14.004968361266243 14.004968319356289 14.004968268020999 14.004971231745794 14.00495521106247 14.004899543736359 14.005778748566575 13.997666081461123 13.828873371922661 12.747176962199283 8.917393540195603 0.47852067468750475 
0.8312637308117933 9.28052709198588 12.87819371159542 13.784378177316931 13.895310673571212 13.893950221990632 13.892681717501569 13.892784408364578 13.892798196617019 13.892794656815612 13.89279486426888 13.892794899606434 13.892794888356027 13.89279488947546 13.89279488941809 13.892794889381756 13.892794889433846 13.892794889446272 13.8927948879537 13.892794904065518 13.892794847668343 13.892794577224699 13.89279944215546 13.8927814168719 13.892637509492165 13.894138931133558 13.89818848230485 13.784378919444807 12.83904600194561 9.214982886086245 0.7547206418316954 
0.7526891487433205 9.134401559514796 12.14865656631215 12.878968024270334 12.963367900286997 12.96060265340658 12.959410312560385 12.959505903185589 12.959519338566823 12.95951612187971 12.959516288675811 12.959516327204195 12.959516317351817 12.9595163183882 12.959516318401723 12.959516318370602 12.959516318405012 12.959516318484395 12.95951631630302 12.95951633203067 12.959516296777439 12.959515839744633 12.959520808666943 12.959511877567136 12.959304491653509 12.960581650599329 12.968933203574345 12.91811449445455 12.148656511379343 8.754259128354917 0.47663196375993944 
2.388191510366242 6.848751673759666 8.757990873754034 9.279047039399144 9.343128721811466 9.341409512733156 9.340432756096869 9.340496476574847 9.340509139094031 9.340506632132445 9.34050670758171 9.340506746838383 9.340506738713959 9.340506739363459 9.340506739412236 9.34050673938202 9.34050673940045 9.34050673953428 9.340506737619828 9.340506748729936 9.3405067436892 9.340506252757667 9.340510060213095 9.340510116771984 9.34032349352064 9.340858974669377 9.35099907467953 9.344588795117856 9.138132886510675 6.8487528631135115 -0.6699534411120838 
-0.9927288324668082 -0.6704082311159155 0.47916498901132076 0.8154288230328027 0.860753183869381 0.8598479062042966 0.8591485305104504 0.8591870126310402 0.8591969047222574 0.8591951488538107 0.8591951789431514 0.8591952102851511 0.8591952044089685 0.8591952048114437 0.8591952048612187 0.8591952048384521 0.8591952048471219 0.859195204962443 0.8591952035971658 0.8591952106369718 0.859195214560829 0.8591948497606802 0.8591972203636776 0.8592013064055686 0.8590548984135076 0.8593611114471372 0.8659224505627138 0.8919689700000858 0.7552251539589317 2.38770671642794 -0.9927562925867554 