Step: 810.0
13.070454338864735 12.967993896877044 13.480391123252383 14.003041747551112 14.517068528635129 14.960835281181241 15.317767567627559 15.590510943946596 15.790475691618104 15.931857212469776 16.028489333610736 16.092306905619942 16.132762303645734 16.15677096169419 16.168895803678762 16.171572887399453 16.165250227324663 16.14836522273801 16.117128988693498 16.06512524338939 15.982774653443208 15.856767900787183 15.66963297943004 15.399670636438401 15.021565851545793 14.508075141500463 13.833512823784814 12.979402970306351 11.956388253108987 10.665666218723677 10.626244357019756 
12.483306596424613 12.132083699876835 12.632422096935395 13.273928045174953 13.865328532819017 14.364996985791658 14.762078389623488 15.063460457082185 15.28350119756019 15.438649963383982 15.54448999193584 15.614293975504214 15.658503246818555 15.684728373506202 15.69798240805495 15.700944727401701 15.694122741407291 15.675833762831068 15.64197423739036 15.585585154280617 15.496268320591767 15.359563418551762 15.156460192731792 14.863287479054382 14.45228215058844 13.893211795491084 13.156466029192481 12.219381169283505 11.06828758499389 9.840968931519619 8.776411125585739 
9.690779691686997 10.681357337444492 11.63029995665641 12.488085387569754 13.215204459347897 13.800755773791204 14.254355914991528 14.59342506393002 14.838591845583837 15.01032928364745 15.126946527208663 15.203603039582173 15.252041155235924 15.280745075429044 15.29528111669457 15.298633485964917 15.291408927766263 15.271835147943241 15.235522053765377 15.174996790464137 15.079070127387201 14.932147166162324 14.713657098918723 14.39783251629744 13.9540965799592 13.348276090192709 12.544786611454128 11.50889241552224 10.21564776289263 8.615780962027097 6.2386019231971535 
6.742430285938166 9.099696831741301 10.576834222769072 11.708626616532003 12.595717009955877 13.282552078080906 13.801889296035139 14.18413589158924 14.457647496797104 14.647833139112421 14.776285100938656 14.8603865350739 14.913382424612388 14.944750621255963 14.960682810259586 14.964513583826827 14.956981844679218 14.93625508461104 14.897689223759897 14.833337996257656 14.731272251800021 14.574824178024809 14.34192948404092 14.004784461381877 13.530029093085965 12.879557421469013 12.011662470065152 10.881781647908428 9.435198551006618 7.564961940711217 5.1810489627776235 
5.463910901280052 7.841241853362157 9.650589368140322 11.006403293683956 12.04155358507709 12.826656051927365 13.411693787018365 13.837737476611975 14.14020094761445 14.349275107663829 14.489843709052565 14.581558726204994 14.639211215491315 14.67330599579442 14.690684837130027 14.695053078850277 14.687302572105807 14.665566766866007 14.624984565223379 14.55719047160214 14.449595042617117 14.284574335943319 14.038744054197052 13.682533726259704 13.180261787214006 12.490780397698739 11.568449432283405 10.363209396169843 8.81733563653662 6.872939547414785 4.489409066026885 
4.645788042180456 7.026472444358618 8.938021378441963 10.431578475491385 11.57792702126401 12.444876413076114 13.087818997503634 13.553840224559583 13.883319574224522 14.110270837044675 14.262413822772704 14.361447087144759 14.42359680069807 14.460339261327272 14.479140562420639 14.484069323710361 14.476177109870099 14.453584692512432 14.41125370678678 14.340464896374009 14.228071755561556 14.055654911007615 13.798762490110214 13.426466780865926 12.90146587804843 12.180875294224679 11.217652228324638 9.962478201132017 8.367670783074805 6.394695759389321 4.026497762308751 
4.109748086165286 6.47615207091587 8.430412420839778 9.994441245857594 11.213350767334848 12.14071435007026 12.829704459800395 13.329061845427294 13.681801446899653 13.924490585689997 14.086985781291819 14.192641136462232 14.258897281545531 14.298077926642119 14.318206223415595 14.32368244862271 14.31571158145111 14.292417421806176 14.248624047844041 14.17532915270031 14.058943733260891 13.880432518067105 13.614555028692415 13.229462477089244 12.686925968623076 11.94343490360235 10.952340449980904 9.667333162309125 8.047606978431592 6.0648676112421125 3.710942040783102 
3.7525838644027565 6.105079968192474 8.076773592185358 9.678183158322803 10.941014895283045 11.90941659901159 12.6321775032059 13.157307152741687 13.528711457279359 13.784375282751524 13.955578114686016 14.06688901146573 14.136694521598711 14.178005038534355 14.199308245312773 14.205288172781282 14.197286994752101 14.173441538469104 14.128474884883202 14.053170299601339 13.933607753171659 13.750307198676992 13.477494204125636 13.082768179395169 12.527488422660175 11.76817932380276 10.759199546257827 9.45680382433602 7.824502458264551 5.839152131716696 3.4965921821284414 
3.515367136643543 5.856729781777228 7.835440153911697 9.456818252019602 10.745788851856844 11.740699763346777 12.486797557965813 13.030663686339615 13.416163027488457 13.681909916778016 13.860029192762868 13.975908577670468 14.048619714455127 14.091694111317592 14.113983808288825 14.12040164071484 14.112404980723289 14.088148624645747 14.042285588855146 13.965444972839947 13.843472325888678 13.65658554517298 13.378675266128097 12.977048476939348 12.41295300385825 11.643200764746192 10.623102978341773 9.310720956564083 7.672109386609201 5.686823994383975 3.3526024730704442 
3.3594282044026085 5.692682648516918 7.673979994347655 9.3061513879434 10.610556417711429 11.622143376172462 12.383715860735826 12.940559148018998 13.336163162023228 13.609334711651767 13.792652962831745 13.912021214742655 13.986979056655093 14.031432231299675 14.054503604632185 14.061280894330823 14.05331289187354 14.02877338558828 13.982269377815738 13.904323949316229 13.780623376544977 13.591188609619602 13.309709803121645 12.903353576182983 12.333388219237804 11.556937505359 10.530038314946568 9.211928303119466 7.570151660196957 5.585719455115272 3.2573223246829697 
3.258269067956165 5.585937882889272 7.568062179269745 9.206202743437498 10.51977756473525 11.541740280280496 12.313315167729307 12.878818816344484 13.281342231425468 13.559699432775252 13.74670181959548 13.868567861411897 13.945146219591104 13.990601011767112 14.01424764360715 14.021301197043819 14.013379350399815 13.988673365713234 13.941761535703352 13.863096102114616 13.73825641006662 13.547133778762689 13.2632935820689 12.853830238686793 12.280060907309052 11.49935686471038 10.468258402218568 9.146756450015797 7.503291907176464 5.519709049151542 3.1952178054722773 
3.1933475540226834 5.517349470321277 7.499790375317173 9.141505375917598 10.460762198117395 11.489287135712502 12.267286841282013 12.838415847559139 13.245463244657337 13.527216870202135 13.716625902794918 13.840113843584012 13.917736830500727 13.963834885335094 13.98785559698993 13.995102480661561 13.987242502930977 13.962481763192244 13.915381818146434 13.836347990281048 13.71088480316783 13.518788336037419 13.233526618358313 12.82212869960043 12.245928425039885 11.462452249141567 10.42857456922185 9.104793452518855 7.4601544301812694 5.477062105333833 3.155074992585892 
3.1515273881785433 5.4732717598625324 7.456203885854564 9.100607281455376 10.423898186182935 11.456918667242514 12.239171644236846 12.81388705317544 13.223697121454729 13.507424704406128 13.698155917352524 13.822481298321474 13.900610828648663 13.94700659713297 13.97120364367414 13.978562768444679 13.97078389026815 13.946085583012792 13.89902184959908 13.819967582262027 13.69436960388508 13.501936978223696 13.216028049877506 12.803562589780517 12.225810351228212 11.440341251762366 10.404240294495356 9.078404493526179 7.432414058175513 5.449209441260918 3.128708435524432 
3.123211428176567 5.44376562855615 7.427943403349862 9.07534829883545 10.402447530971452 11.439208344757231 12.22455893157865 12.801503592264236 13.212716068894029 13.497200464207491 13.688257076726204 13.81266183752676 13.890759684410115 13.937099882806667 13.961269559722213 13.968660118184701 13.960990516906422 13.936491117084163 13.889718388678746 13.81103172212159 13.685830093047132 13.493725717739592 13.207920350117433 12.795126802612932 12.21640447608643 11.429203290998153 10.390701083848978 9.06219226104095 7.413937748930047 5.429658206074704 3.109852678813498 
3.100689605299067 5.421002580745744 7.408040208178011 9.060163589479412 10.392286612928155 11.433163315563219 12.221162202453817 12.799320974725738 13.210678904997584 13.494683259320073 13.685003074913446 13.80865948274609 13.886130998879038 13.93202398699842 13.955942076078937 13.963279719721546 13.955761700161505 13.93163266496316 13.885467194820984 13.80763079477051 13.683488510509537 13.492539885534024 13.207755053681002 12.795477317798872 12.216300107046441 11.427257097059492 10.385413312804815 9.052521904667202 7.399950497347493 5.4128832175058506 3.093010882587044 
3.0762825442843895 5.397537474989797 7.3907730117568775 9.05161117593062 10.391897845883983 11.438383574992107 12.228948321661488 12.80720599867657 13.217163039202664 13.499140658473797 13.687405317295582 13.809300657681291 13.885429621351529 13.930410994382722 13.953816568916304 13.96100863903093 13.953703008516747 13.930165950769911 13.885017276708204 13.808667845089515 13.686483485544157 13.497850380101184 13.215422083884633 12.804941433588734 12.226112037192573 11.434969211149232 10.387955700294796 9.047256887790919 7.386186201940164 5.392948334285428 3.071947291562857 
3.0395304633335547 5.363942081386271 7.3705514416005755 9.048495835676269 10.403009487257894 11.457640845364368 12.250413058420946 12.82686494796604 13.233049244626828 13.51078882562417 13.695212095401468 13.814031467693713 13.887918989871537 13.931421539250703 13.954003510577216 13.960944887997771 13.953933712655624 13.931271705471673 13.887668797746212 13.813651074906062 13.694663578302894 13.51002904248862 13.23203457889226 12.825558054174449 12.2487911668612 11.455704477902255 10.400789801814485 9.046058521755244 7.367995381697438 5.3613919405738475 3.037123810422242 
2.9718634603256335 5.304416431627808 7.341322165737219 9.053477460850846 10.43267834767819 11.497978080418683 12.290925468621444 12.861782689330463 13.26030343598563 13.530542823406963 13.70867494102258 13.822709616868257 13.893234269317217 13.934571940554658 13.955963124345168 13.962534292570558 13.955921041499877 13.934482050282073 13.893085279835992 13.82248511446986 13.708354351677613 13.530103150207893 13.259721963702173 12.861040661105912 12.290012447967984 11.496896372470095 10.431446570821958 9.052132257998446 7.33991720489549 5.303018383962808 2.9705452934049297 
2.830066151122484 5.190074617821779 7.296826856801717 9.080776783808199 10.49695238845061 11.571952126958463 12.358772566545086 12.916851690933347 13.301551855161247 13.559660131048657 13.728275033078653 13.835394265850523 13.901212962150943 13.939588263746469 13.95937117595756 13.965439799103002 13.959345974591868 13.939534685872461 13.901124781936153 13.835262520028571 13.72808863296969 13.559406891916503 13.301220018050811 12.916431910822986 12.358260192729277 11.571349440315235 10.496270338035218 9.080035736642746 7.296055981917455 5.189309527205264 2.8293454931609836 
2.5268932292798487 4.932304354111297 7.269476382511546 9.167977854059128 10.624541161314252 11.697749175319611 12.46423185789832 12.997399411848397 13.359356233099502 13.599263593089761 13.754418088722476 13.852143518488349 13.9117490304913 13.946289993273252 13.964016581146037 13.969443203380255 13.964001063107359 13.946257133673058 13.911695272371675 13.852063784239743 13.754306169940559 13.599112773054559 13.359160170682582 12.997153259071137 12.463933504279469 11.697400431913984 10.624148645499554 9.167553344863196 7.269036489262884 4.931869633978305 2.5264841088972148 
1.226762086083678 4.685128187464729 7.362137937677234 9.384932096631104 10.855980644837791 11.896271103225189 12.616936272054392 13.107438124131205 13.435210909824798 13.649800570112905 13.787139632372474 13.872842239587412 13.924680317247415 13.954505973197929 13.969730074559092 13.974377509765782 13.969719384015585 13.95448336993227 13.924643422671165 13.87278767082947 13.787063274484304 13.649698001659845 13.435077998436958 13.107271772579406 12.61673524175532 11.896036781018744 10.855717592672757 9.384648249750683 7.361844439574936 4.684839011195227 1.2264971135335632 
-5.303921215010634 3.5179207848105913 8.102761160363126 10.731527191714285 12.178693177002776 12.958674539590152 13.387918585908057 13.635390629209022 13.783511965800079 13.873196525069908 13.927013916571653 13.958683357846594 13.976826185146257 13.986775871249204 13.991668697784084 13.993131891467414 13.99166682057819 13.98677188174364 13.97681962385947 13.95867356713506 13.92700008984887 13.873177778543711 13.783487426029254 13.635359586452017 13.38788078164894 12.958630557863197 12.178644566086733 10.73147612906682 8.102709783594145 3.5178714457323785 -5.303953031648082 
-5.9343874904040135 2.704549023701285 8.318089994995226 11.35520195987924 12.82356472577796 13.468429800549519 13.742034847489682 13.86467308595982 13.925966216020996 13.95925162127977 13.977834770723309 13.988140499891461 13.993734267087946 13.996657830338453 13.998041878663537 13.998446989570148 13.99804159463954 13.996657224231399 13.993733264182248 13.988138992674285 13.97783263039684 13.959248715584918 13.925962322761626 13.864667538334245 13.742026468920507 13.468417852282448 12.82355095765786 11.355190588827352 8.318085130340066 2.7045504873568014 -5.934384739913293 
-5.936959111379487 2.8008065316490907 8.551235961460613 11.69538608280504 13.133811265453428 13.69473135323052 13.888170131375187 13.953052190347687 13.977546317804023 13.988687861662383 13.994354641468284 13.997308797296276 13.998829057225358 13.999586554085276 13.999931662864268 14.000030470566426 13.999931626277077 13.99958647581826 13.998828927271935 13.997308599718417 13.994354357981019 13.988687531204327 13.97754609868641 13.953050973687652 13.888160630494111 13.694698004695393 13.13373692848118 11.695270905098143 8.551100545069945 2.800686336621427 -5.937045019265727 
-5.435401146899897 3.4649768076106473 9.078021584898044 12.0534219471838 13.348704182101228 13.81052733311114 13.947515212730947 13.983407000512656 13.993168113568684 13.996570053511373 13.998086239424403 13.998825130625141 13.999186198789872 13.999357962807256 13.999433306190275 13.999454403618463 13.999433302254234 13.999357954344491 13.99918618516047 13.998825110031456 13.998086190757089 13.996569998650692 13.993168892886889 13.983410983790018 13.947509842316173 13.810431282442465 13.348356543695493 12.052652925724122 9.076852346442482 3.4636573671581004 -5.436381537932187 
-3.712313653643821 4.8179089593830655 10.041284181279524 12.599728978707162 13.591242562362202 13.893433247613133 13.966303259400746 13.980832450999175 13.983644720632514 13.984366724827403 13.984639749543394 13.984762841057162 13.984819885238641 13.984845765023877 13.984856672661822 13.984859655196345 13.984856672422604 13.984845764370352 13.984819884060784 13.984762845107996 13.984639744700786 13.984366479606491 13.983644864856915 13.980844054617677 13.966357008441538 13.893406726723677 13.590368759184237 12.596812090875039 10.035492993955055 4.810517944500114 -3.718587584264587 
-2.2991233274879166 5.853851956605138 10.707982752019955 12.897551033007343 13.640416014981854 13.82631767210055 13.859508985841074 13.863702628796004 13.86417618126933 13.864267761795983 13.864295434394016 13.86430568415226 13.864310008141818 13.864311800164428 13.864312489111907 13.864312667080814 13.864312489151576 13.864311800193947 13.864310006516897 13.864305689893174 13.864295490487189 13.864267395967966 13.864173656316304 13.863716982652472 13.859688538995366 13.826991081423406 13.640373961954776 12.890373240508799 10.687837658041023 5.821375793522208 -2.3273481188538416 
-2.024299883694016 6.085935667936395 10.618238410423432 12.515966970290298 13.108158012888318 13.237137264643458 13.254356322941845 13.255272669383862 13.255240429152618 13.255251459556032 13.255255179002939 13.255255411595632 13.255255519004242 13.255255572295574 13.255255585946491 13.25525558864735 13.255255585975195 13.255255572585316 13.255255516197328 13.255255410351444 13.255255315858237 13.255251215928917 13.25523382418474 13.255277334674473 13.254735224538793 13.239500369591685 13.115245877113225 12.515965321772445 10.563215050983995 5.979989692911442 -2.1401722493971813 
-2.4571831794786 5.38429570871568 9.153057559154107 10.693905848732214 11.163121210861588 11.259481162542464 11.270252234352762 11.270245559975617 11.27012012130331 11.270123518770545 11.270126040179449 11.270125849888274 11.270125806045199 11.270125810110521 11.270125808861154 11.270125808344561 11.270125808857424 11.270125810674585 11.270125803083593 11.270125836618659 11.27012623317211 11.27012370811162 11.270109834286226 11.270227436729316 11.270776224403841 11.26422677900018 11.183141022539388 10.748934090287959 9.153058439010891 5.019934792665946 -2.741192055226123 
-1.6598488768568256 2.5653106362856932 5.057105558694961 6.174043185582367 6.521950423219612 6.593453368394888 6.601035451784575 6.600858394189753 6.600736533994848 6.600738499390357 6.6007407395608055 6.600740599214634 6.600740563946667 6.600740569774182 6.600740569809945 6.600740569639226 6.6007405697763435 6.600740570442008 6.6007405617148684 6.600740577351196 6.600740936032754 6.600739085639635 6.600725370780095 6.600818419056317 6.601584413624461 6.599515441728077 6.55429458352976 6.279993788368546 5.421477150813525 2.565307411783704 -4.261480437316717 
-4.803881315503048 -4.257377528815864 -2.7064610100930833 -1.9687939958849079 -1.7312821356761205 -1.681987392064136 -1.6767620000218324 -1.6769082203823558 -1.6769984071883832 -1.676997261673757 -1.6769956091966258 -1.6769957039670926 -1.676995730202729 -1.676995725878635 -1.6769957257869768 -1.676995725906999 -1.6769957258223727 -1.6769957253371335 -1.6769957316588748 -1.6769957233834554 -1.6769954598250605 -1.6769966672264243 -1.6770073151969156 -1.6769453581349767 -1.6763463602144446 -1.6767594902942378 -1.7031688332037442 -1.8529135897912192 -2.422470069753598 -1.6554927211821764 -4.8036560416845395 