Step: 3240.0
10.086310746374403 9.900431315149088 10.481274137057337 11.088317574279614 11.761352466543363 12.428720830337399 13.056800037316613 13.627999078535256 14.13360363493937 14.56960683947894 14.934525415798463 15.22816508604743 15.450882931702306 15.603121976973382 15.685105685637668 15.696634322763678 15.636952198449036 15.504668469747187 15.297721146257484 15.013377748169074 14.648268918184014 14.19845519744608 13.659535042978343 13.026819567961603 12.295640569141847 11.461941232395205 10.523637879096572 9.482342012041338 8.360664293031437 6.989777837241414 7.050739624413577 
9.429967734421664 8.899229391787403 9.373133946341168 10.098628887703125 10.858136876801654 11.598557005485125 12.288939607573136 12.91376448304726 13.465321346121327 13.940184915642844 14.337248127940478 14.656584616711774 14.898748929674362 15.0643239560519 15.153617721163815 15.166458188198778 15.102058217734935 14.958934800571788 14.734872731197415 14.426926070180617 14.031452993260665 13.544182670610736 12.960319019618392 12.274700070279088 11.482061819577739 10.577536844710885 9.557577717768092 8.423138707470635 7.17419218304195 5.9803060385379965 5.132824952513488 
6.442460426696374 7.223545534745025 8.10844593279518 9.031168875746962 9.929356411515002 10.76892363855229 11.535564754810355 12.221443514197459 12.822869620102265 13.338605504271804 13.768814212828618 14.114350892469284 14.376272983042163 14.555492287608056 14.652524783420416 14.667312737445346 14.599104225976228 14.446380685843028 14.206825696589094 13.877329130110631 13.454021027929702 12.932329817505423 12.307060476073575 11.572490608514341 10.722487533321544 9.75064622813823 8.650543536802214 7.415340329391193 6.047491507924366 4.525187453514757 2.3985612775255736 
3.2470898754934425 5.36986800987258 6.76142702023287 7.946038574185987 9.004582005284336 9.956381393987092 10.80657548994467 11.557493956606212 12.210832593003142 12.76838791533103 13.232113283926434 13.603969456817746 13.885722705801108 14.07874910962557 14.183866474633527 14.20120176870969 14.130096537007589 13.96905003926426 13.71569779889878 13.36682117715969 12.918381172202713 12.365566499061462 11.702841089174266 10.923966645865201 10.021953000186416 8.988838060983989 7.814975498623188 6.487631177644499 4.98132550373149 3.212352259065493 1.102462121156177 
1.6874519214276784 3.8077375640464046 5.514620118242391 6.9148647807208325 8.122650457017214 9.182606000151484 10.114927795956351 10.93013620492056 11.634765903205412 12.233533382823492 12.730210581572855 13.127926204889611 13.429217955808504 13.63598103107113 13.749382775318 13.769778476777342 13.696646101492156 13.528548314479691 13.263124036181502 12.897106970256676 12.426363838424964 11.845939349229095 11.15008632553861 10.332243721426032 9.384893202766412 8.299146300132612 7.06376744379437 5.662477082067887 4.067205181324146 2.2414357063076453 0.15337349976953749 
0.5700018088847117 2.6707310238770936 4.464567510866763 5.995739591903112 7.316469719874829 8.467662384457329 9.473204203396623 10.34756557562695 11.10023058366703 11.737988783681683 12.266042466125723 12.688511408187967 13.008627848954974 13.228778385944807 13.350477977547698 13.374323556697423 13.299953845779168 13.12602944758308 12.850238909130356 12.469329960509821 11.979159144904477 11.37474639572133 10.650312187913858 9.799260972962337 8.814050271187236 7.685844845833377 6.403767464918303 4.953604682116175 3.317761692384233 1.4785143223586532 -0.5734359834226986 
-0.2712609145080784 1.7922176565494765 3.6140876734490424 5.209511465133152 6.60463040962636 7.82505595449859 8.890876356069445 9.816385951881909 10.611889293717725 11.28512022994975 11.842108385241131 12.287639871839248 12.62546727110761 12.85837788126521 12.988191557209497 13.015733367798077 12.94080896434365 12.76219872688524 12.477678137269365 12.084064934518349 11.577287455750236 10.952462425428347 10.203963729122872 9.325456081246385 8.309860502510272 7.149219135442257 5.834483693983598 4.3555702352968675 2.7023550116164445 0.8673810282887533 -1.1501314313368056 
-0.9288262578765175 1.0982503558750245 2.923355345479451 4.5501843315332735 5.990850866343202 7.260412038375756 8.373073231315598 9.34072501224519 10.172917898549413 10.877338375768097 11.460239609217574 11.926713117536146 12.280819280954413 12.525623873243 12.663184863127084 12.694523592704156 12.61960412555117 12.437335711963145 12.145605940109307 11.741345856305701 11.220622807113145 10.578751861241066 9.810412764233092 8.909757982608234 7.870502910628747 6.686014711729232 5.349492703785734 3.8544469726817994 2.1957543498837637 0.3713905511669883 -1.6154983648624426 
-1.4528063758946796 0.5416921580810992 2.360308274607657 4.001377916672362 5.46954631196242 6.772947516377321 7.920828540832933 8.922115310954778 9.784823726091284 10.515944441708404 11.121491508654726 11.606553573760626 11.975301897884 12.23095926664091 12.375749892509088 12.410851840702064 12.336369581942213 12.151338803223268 11.853770035191639 11.440732459627126 10.908474639340328 10.252575181364826 9.468114329307223 8.549859103066801 7.492463859958698 6.290711616327386 4.939859624174636 3.4361874152037313 1.7778263898193394 -0.03416484468077495 -1.994710811908954 
-1.8753003891255091 0.09117644490832286 1.8998696510926316 3.5464337930448493 5.031261415023245 6.3580097001667 7.532159929366038 8.559931523911454 9.447610774232958 10.201188889390066 10.82616609804368 11.32741947989691 11.709086073209088 11.974450245603258 12.125842113806849 12.164559474624385 12.090825288528377 11.903789712819373 11.60158172399781 11.181411278894599 10.639719151056509 9.972368469689982 9.17487035445196 8.242637297084643 7.171264144747451 5.95684875513031 4.59637905220496 3.0882177777638264 1.432692988196339 -0.36725781130166596 -2.305519183035903 
-2.2186403706057103 -0.27578815429181425 1.5225181483364787 3.1704561223903736 4.665805259576269 6.009201421897504 7.203307750397452 8.252073999643505 9.160155923047647 9.93248463722052 10.573940731738288 11.08909049989541 11.481960202761522 11.755841838956618 11.91313447946079 11.9552293557861 11.882446998066259 11.694032768646213 11.388214281353044 10.962321011519812 10.412963170960325 9.736263881314036 8.928136211926056 7.984595397618612 6.902097236498455 5.677896353312843 4.3104208561278945 2.7996586591097765 1.1475405458702983 -0.641714665768334 -2.561348941138082 
-2.4995402001810216 -0.5763250967779566 1.2126413549919712 2.860587401335284 4.363473850425119 5.719708774986885 6.929750397544356 7.9956619208590824 8.920663166677826 9.70870321697776 10.364064404234686 10.89100253758735 11.293428179698406 11.574635405078482 11.737085507063098 11.78225293159691 11.710539517371613 11.521261316363564 11.212710124641445 10.782289448149964 10.226721895559862 9.542321787013776 8.725322935032267 7.772246977705673 6.680292388893021 5.447718884779225 4.074197835999591 2.561098912479882 0.9116890655888586 -0.8687675068815746 -2.7730040772439875 
-2.73141215518952 -0.8243016874149288 0.9572696181894281 2.605725188185996 4.115476750353629 5.483024597350961 6.7069297427474535 7.787629095611275 8.727110493338161 9.528495238695466 10.195583165306745 10.732406367426549 11.1428236011994 11.430175320236392 11.597011256837034 11.644897637802554 11.574308247767465 11.384601706039737 11.074085899529628 10.64016903923896 10.07959480358047 9.388755927937138 8.564075655501119 7.602438743299004 6.501642340093794 5.260822485556043 3.8807983521521767 2.3642735764778378 0.7158543332235137 -1.0581079938479185 -2.949780797146963 
-2.9259164729627023 -1.0317889657165147 0.7450743021175831 2.396123285857206 3.9140528014137366 5.293370257414898 6.5307747212725396 7.62521736196467 8.577655413865925 9.390598606510723 10.06756368857902 10.61252589266234 11.029421618064967 11.321730457490188 11.49214940898867 11.542364187720912 11.472918941946851 11.283184385915252 10.97142412928648 10.534958915407467 9.970427785419187 9.27414295873371 8.442530233050226 7.47263713631736 6.3626743363783405 5.11252928647429 3.7241583480257314 2.201741809895485 0.551510843686497 -1.2187487534424413 -3.100362505691666 
-3.094274826734648 -1.2103076159606703 0.5654924746467855 2.2230153980666962 3.7525339954741606 5.14603599653181 6.398147471885964 7.50640985938923 8.470997260910252 9.294115066714724 9.979291793422181 10.53069473545187 10.952530638464175 11.248555968782979 11.421703366763685 11.473823026835383 11.405535308589961 11.216191299921315 10.903939811328335 10.465901333374486 9.898450930685527 9.197611858798156 8.359558450850512 7.381218180201121 6.260944394402473 4.999195051752285 3.599085324241357 2.066604256907718 0.4102613468814409 -1.3599120988859879 -3.2337548061225228 
-3.248773374819143 -1.372215167289645 0.40785142388768353 2.078356055993145 3.625559561245759 5.037825309532247 6.3073266511601265 7.430350851171317 8.406701511828684 9.238741272737787 9.930426273115183 10.486451988482937 10.91154746635899 11.209921930954104 11.38485523242086 11.438420046678651 11.371324713811491 11.182869039232974 10.871010013266256 10.432539331778637 9.863379043179451 9.15900474382107 8.315006325581582 7.327792409880469 6.1954321472565175 4.918595675889524 3.5014735057264916 1.9523259107725124 0.2831262862351214 -1.4921950329885503 -3.360558220139623 
-3.4050864939907832 -1.5326874901187553 0.26039706011997465 1.9549140487629717 3.529723464845823 4.967801844472622 6.2586081941301765 7.397770676196291 8.385476320715238 9.224934408528732 9.92108687361102 10.479578593700907 10.905961034074046 11.205097387111037 11.380738584082472 11.435243640017257 11.369423898372537 11.182498222121145 10.872154371017029 10.434720176902436 9.865456229848308 9.158989113675728 8.30991018387783 7.313568919201465 6.167091303801741 4.870648938344025 3.4289662145645963 1.8528939527655452 0.15968445120892966 -1.6294071445988558 -3.4951451530351827 
-3.586623513531192 -1.7133758135022357 0.10952649134515595 1.8473365983445709 3.4652569633686805 4.938463948276216 6.255016620559169 7.4113756292695685 8.409360727238303 9.253978926832565 9.951850918997204 10.510055939817764 10.93529208489335 11.2332813921805 11.408365344961483 11.463248489911518 11.398859599325883 11.214311807499216 10.906955196964354 10.472527313638382 9.905419112701548 9.199085808837923 8.346643835551152 7.341707230445618 6.179533287633897 4.8585799939924765 3.382655047548447 1.763929294660066 0.027382187596605264 -1.7921301162347867 -3.6599077052606934 
-3.8372966502945873 -1.9480100582650324 -0.060660829999167165 1.7575160287035143 3.4389079713287076 4.957197417643263 6.302956802104069 7.476085866999237 8.48175027033022 9.327908048631018 10.023630072531065 10.57792992701395 10.998959928167443 11.293477289548461 11.466505897293029 11.521136293334193 11.458423514263007 11.277359032197102 10.974908722188005 10.546124008024037 9.984349046552936 9.281563474128317 8.428917387474286 7.41753249949375 6.239664998921228 4.890373089159846 3.369973557398645 1.6880804961289961 -0.12886287785609818 -2.0132526084616025 -3.897943929434242 
-4.236207491935107 -2.3177035040273632 -0.24109180583352066 1.7025875233277044 3.4671076797608937 5.037346106216261 6.412471194366824 7.598948437626288 8.607168543071694 9.449230608244001 10.137401459501886 10.68306904192213 11.09607371876558 11.384313029853269 11.553528100721907 11.607199998504395 11.546507343909413 11.370317840110483 11.075204769764255 10.655496571019427 10.103386070091336 9.409147454242875 8.561532296979017 7.548436259577446 6.357940835547887 4.979846135526266 3.4078765427304614 1.6430378711433702 -0.2994099192762725 -2.3731689513642276 -4.287689127547306 
-5.4137774104242276 -2.7298232289756705 -0.3788368445986034 1.7207918915357499 3.5768007442788963 5.19801273518546 6.596744311899666 7.788569478772834 8.790709510040115 9.62042656262306 10.29377827916111 10.82481509622974 11.225155173457136 11.503819057883595 11.667208935911455 11.719145899951355 11.660911593950985 11.49126717477402 11.20644135855611 10.800094950919892 10.26328820518842 9.58450417808153 8.749814581834197 7.743303622430613 6.547868218377503 5.14645984101246 3.5236857771178993 1.667412496062313 -0.431002106702181 -2.7791054136447895 -5.457991003291071 
-11.280491059986465 -4.8903248196386535 -0.9831331315313546 1.9983718466343245 4.362204272492824 6.248869115396997 7.749673138615807 8.936878412574 9.8706375865252 10.600264558083156 11.164688085880016 11.593357831368138 11.907621393887775 12.12224377032273 12.246761526306901 12.286494920695503 12.243156835532892 12.115055441543227 11.896895474931275 11.579172059837047 11.147159180091963 10.57955375173188 9.846953611343956 8.910481356774616 7.720888776122075 6.218127526920367 4.3301131862231035 1.9658256532106118 -1.01479418412061 -4.918954166807713 -11.300454221295523 
-12.344225693294689 -6.273465316381562 -1.492841054624285 2.104808066978137 4.850335158725115 6.936165631384077 8.505282704743497 9.674201983486729 10.538852711009207 11.17564310254812 11.642601015091621 11.98165315019807 12.221669895528308 12.381577488653575 12.472999319568084 12.502164741774488 12.471031358785929 12.377652581128439 12.21581213960094 11.973902127766179 11.633011145852693 11.164275856044343 10.525759741516623 9.659405240361078 8.488772725656702 6.917954502343516 4.830598932398412 2.084119148607496 -1.5132358065367602 -6.291290055621461 -12.356776166237466 
-12.73000045905975 -6.6908519737689724 -1.7194172727621642 2.1701369909608155 5.117310600245931 7.299119070225703 8.878535671341256 10.000177393463177 10.785805371088127 11.331884839147824 11.710237215281044 11.971268293479577 12.148469849308166 12.262943857103021 12.327149394829693 12.347548340538967 12.326132541757712 12.260918508196633 12.145454459338486 11.967292530347116 11.705337290160434 11.326085281899541 10.77907979371781 9.992389605727444 8.869388501247592 7.28818330160356 5.104230208031587 2.155048652036381 -1.735394991547601 -6.705466640340242 -12.74041813647182 
-12.734289452738563 -6.6784540237048065 -1.718284281736863 2.207756979497844 5.180001900843783 7.341304099932967 8.858411542713602 9.891743570652274 10.579485254084142 11.030643728715951 11.324843045161243 11.516381389335843 11.640072623446818 11.716991557110463 11.759089833398034 11.772358276240906 11.758607506958088 11.716036850498249 11.638668678797412 11.514568378935445 11.322675770984215 11.028170248623132 10.576688528139094 9.888430610962441 8.85405877714236 7.334951008822328 5.170442325519778 2.1942422880649466 -1.734958049814572 -6.695321693408505 -12.74674478426003 
-12.165516834394523 -6.454512050819159 -1.655067620099304 2.1465432248285063 4.994709538440995 7.021711870357265 8.398119527037819 9.294476139215233 9.858364535427574 10.204464549553768 10.414200674888939 10.541007453157802 10.617594969853196 10.662766648067578 10.686639949867436 10.694061889992227 10.68645956523821 10.662418962195407 10.61711273612555 10.540454263503701 10.413679764648517 10.204108520417735 9.858275404605225 9.294571984905827 8.397844894148085 7.019605910539708 4.988148410148928 2.1327562857202365 -1.6766218876536054 -6.479483228712814 -12.185601522289607 
-11.873352088653732 -6.5545625233781255 -2.014487060556343 1.554727149442952 4.193097113300409 6.036302606361119 7.255310141358831 8.021064974233369 8.48067035355725 8.746675494324174 8.897049678134723 8.981300566796538 9.028523299369805 9.05466773335273 9.067890610901987 9.071923129854339 9.067834078449827 9.054570872079067 9.028428857190596 8.981298024878505 8.897300425172814 8.747426766740135 8.482222450727017 8.023631101875523 7.258674526708874 6.039147585921596 4.191663226766631 1.5420081709825977 -2.0428990033255077 -6.594371585099546 -11.907386265740204 
-12.39749002182827 -7.371977620041873 -3.2540968065222486 -0.07901942732338466 2.2480932188057725 3.8552005804974674 4.899199177686303 5.538141608912032 5.908032090495777 6.112023495933054 6.220399536110896 6.276725469778953 6.305803171636291 6.320701825732702 6.327807397008474 6.329913570050199 6.32779895054617 6.320704356530912 6.305869679936936 6.27697242170749 6.221051614655422 6.113462506927096 5.910821219147162 5.542971236366391 4.906665375328564 3.865189679501365 2.2583130474439153 -0.07985165129739123 -3.291678107999208 -7.440389731415934 -12.46868701668161 
-13.413244162677998 -8.873059600780772 -5.498510164519482 -2.873750829799102 -0.9397562632520519 0.39181253543428873 1.2482177110854769 1.7634908533015905 2.0543312318338756 2.209080542084169 2.287336888885115 2.3254369803338806 2.3435923557413765 2.352132869687738 2.3559205091466398 2.35700045334822 2.3559287651617757 2.3521703727271936 2.3437176408767644 2.3257827471060697 2.2881702498782315 2.210884552097299 2.057894560550856 1.7699849068271671 1.2592423112709954 0.40942510959051887 -0.913580309683074 -2.8371445892173575 -5.498389632757841 -9.04907299430725 -13.547991062654008 
-13.726520148800851 -11.232772897197023 -8.864821380463505 -6.8769046582310835 -5.383862795398906 -4.351869282177178 -3.690698101540223 -3.2966697670738965 -3.0776803663569265 -2.963809499716789 -2.9081107765338414 -2.8822446068080705 -2.8706815306069404 -2.8656460548748384 -2.863573814506562 -2.8630085968863015 -2.8635618381934282 -2.8656025050954255 -2.8705510443592313 -2.881899331306587 -2.9072868555664484 -2.962012536446899 -3.0740580110571685 -3.2898381992441523 -3.678442654705344 -4.3304877093683425 -5.345888795988597 -6.808955331974787 -8.687295890784485 -11.230836650853595 -14.955302198858755 
-15.483083069790117 -14.917164280947418 -13.3660068551733 -12.000367055243215 -10.958629836721668 -10.236215703340255 -9.773710152033063 -9.498992902481392 -9.347196979541843 -9.26896502681976 -9.231203164711603 -9.21400757036834 -9.206534543516927 -9.203399071616083 -9.20215922696472 -9.201829643965288 -9.202149507409064 -9.20336484034866 -9.20643381028409 -9.21374270107017 -9.230570821216759 -9.267579297688794 -9.344379815259309 -9.493609650069265 -9.763864155740292 -10.218433256647886 -10.925934519649914 -11.92936260677046 -13.22990618744412 -13.680847018754653 -15.477452086594042 