Step: 2790.0
10.44681429056782 10.274501439341634 10.857446801636218 11.471065735788924 12.14679989573674 12.812584269375261 13.435073383321487 13.997408174427012 14.49184451320044 14.91547266312677 15.267944878816136 15.55016417221274 15.763478892798227 15.909158875851451 15.988042250975278 16.000296354962693 15.945263004670752 15.821371646342866 15.626110406446367 15.35604838588132 15.006904905354814 14.573664873681084 14.050747010082262 13.432249111455326 12.712336594604599 11.885927199409032 10.95017229710282 9.906415420987695 8.777747746191235 7.40461653349195 7.450566615480321 
9.797290229687858 9.291892061535966 9.780208193898067 10.513695619719522 11.276645757761043 12.01557766278009 12.700027371071828 13.315315412059228 13.854805787938691 14.316273969656736 14.69985061016299 15.006803268817093 15.238764160367666 15.397214690877036 15.483130770216798 15.496739288005003 15.4373593021358 15.303312989163922 15.091896940294912 14.799407026182443 14.421211756883581 13.951871591262107 13.385307436644194 12.715035332141051 11.93451498721304 11.0377430951025 10.02029131093505 8.882618711090226 7.625150022617137 6.415395772833296 5.539620718526472 
6.828840153884081 7.638817764685958 8.54326341412479 9.477500206720904 10.380506371513295 11.219083070831628 11.979702407758746 12.655549742632552 13.244142143627935 13.745560355638073 14.161313801874524 14.493551013934452 14.744494525314602 14.91602660417151 15.009384374159408 15.024941073896256 14.962060193705105 14.819014176051557 14.592961337862885 14.279974993177785 13.875118345004088 13.372558323826675 12.765711914466529 12.047420272956355 11.21015042644135 10.246220228546239 9.148131070493493 7.9082301525325045 6.5280258160188005 4.984239465344192 2.82546350191287 
3.6561197752655348 5.810518524054387 7.224637498262524 8.423299680045947 9.488239445266494 10.439744307234298 11.284001899833763 12.024534722049816 12.664384498263233 13.206787633930851 13.655154672081137 14.01283994355472 14.28286217888716 14.467639514755408 14.568763879667687 14.586825290516426 14.521290421580959 14.370436374872243 14.1313378420228 13.799903073917935 13.370950934913912 12.838317399141323 12.194974073573345 11.433130805269121 10.54427006322569 9.519006659380429 8.346436368056885 7.0127183782399625 5.491350093633988 3.6977105980846434 1.5530478326084287 
2.1211852318134716 4.275358111910728 6.007105718474875 7.423357043622969 8.638904696368447 9.699288210298254 10.62583788404132 11.430394722607755 12.120961866903377 12.703811510676001 13.184280809099585 13.566990398627711 13.855816346037892 14.053766351655428 14.162834123705295 14.183869879940362 14.116486865441814 13.959013529534488 13.708494142548895 13.360735056571324 12.910388312781098 12.351057715796523 11.675402901905827 10.87520003546751 9.941284073837874 8.863216475707473 7.628370591318184 6.219274353818547 4.606902889644585 2.754112797687004 0.6289665790827252 
1.0294407973760173 3.166259301875572 4.986956928726761 6.535784519186952 7.86545135966747 9.017729001490318 10.017672717466507 10.881155955226658 11.619232637739636 12.240352992273822 12.751386543644378 13.158039545524217 13.464965846709587 13.675733117145255 13.792733747752512 13.817091045187624 13.748589512282978 13.585644645819068 13.325318499211503 12.963379956872567 12.494401835923796 11.91187935127672 11.208344528927974 10.37543608794982 9.403858732081801 8.283124669928627 7.000883401025861 5.541698570994974 3.887075576124741 2.0187984630965667 -0.07242444842160985 
0.21434491684310072 2.3160841439645625 4.166672189573931 5.7812265178211035 7.186317890483429 8.408405182774336 9.468771892064526 10.38317858870303 11.163584704620169 11.819479170509872 12.358654000366366 12.7875716604902 13.111486268213255 13.334432415781423 13.459156968120633 13.48704217945211 13.418050246671235 13.250706738511779 12.982130903091507 12.608113144331881 12.123232949259812 11.521003484745934 10.794021362221818 9.934091426560732 8.932288550567822 7.778918780367108 6.463400039567884 4.974403567254107 3.3009313647161984 1.4350978346029142 -0.6237998328757237 
-0.41699833835872735 1.6504808574883434 3.5060736521553624 5.153394874566767 6.604962971938795 7.876682547440466 8.983984354164734 9.940282456580006 10.756858752559475 11.443241640383238 12.00753598496847 12.456595110126653 12.796057500801655 13.030299970459458 13.162355440598121 13.193832495833835 13.124862692011014 12.954091911123905 12.678723873126573 12.294616826505816 11.79642806907814 11.177795151601696 10.431537752392403 9.549861872443167 8.524552767288405 7.347168138962054 6.009319900996583 4.503247327121754 2.822957044476094 0.9660237241500396 -1.0642927556984425 
-0.9150405698563168 1.121959086504702 2.9727574377631876 4.635587631761578 6.115492156954619 7.421465299369383 8.56401518129129 9.55364827009518 10.400185068946287 11.11254083482525 11.698666689069805 12.165495106725551 12.518849146012114 12.76332409135649 12.90216544651808 12.93716777650191 12.868614098535465 12.6952692345771 12.414434197874657 12.022062732227392 11.512935701712724 10.880884420935073 10.119051050902897 9.220174847211275 8.17690145912124 6.9821353693531 5.629493488670223 4.113952627821204 2.43276435926427 0.5865955946931913 -1.4193426674813425 
-1.3121750560772807 0.6988398604212043 2.541329087827229 4.210828926596902 5.708130317879201 7.037771227788077 8.206534860697849 9.222280361466636 10.093171851741525 10.82720663200288 11.431905600084969 11.914069675612765 12.279559343802347 12.53309106403751 12.678061134375087 12.716412314766021 12.648557202856999 12.473368529609766 12.188241882869482 11.789231595501251 11.271255990055188 10.628364224486765 9.854054386009416 8.941632687375996 7.884608785452471 6.677133568769239 5.31449980670082 3.7937303454543585 2.11425535715427 0.278620409550115 -1.706909180571676 
-1.6309833785773877 0.3583641688414602 2.1919880226244364 3.8639347690509 5.372387710101263 6.718888737055217 7.907447982583119 8.943717501709017 9.834306525130295 10.586235195094142 11.206488871221586 11.701637346948061 12.07750097658884 12.338862115814768 12.48922965678944 12.530667470903442 12.463696770856084 12.28727973026746 11.99888824944626 11.59465801355285 11.06962413680058 10.418030870874336 9.633704408165713 8.710475380088486 7.642637041630818 6.42542657974326 5.055518875757086 3.5315203832054003 1.8544408860994086 0.028102246085980456 -1.94057651525999 
-1.8883778062833354 0.08319482303636029 1.9088961433029281 3.5818105920658887 5.098309085605565 6.457733208787256 7.6619368895361095 8.714752860510156 9.621434970785039 10.388108571398924 11.021247925483252 11.5271935335235 11.911720833570913 12.179671719427478 12.33465981873568 12.37885903863878 12.312882784926906 12.135758844905405 11.845002357713604 11.436786524713101 10.90620753226825 10.24763629766126 9.455144846992683 8.522989234612565 7.446124038081338 6.220716344527467 4.844621605761327 3.3177827058075255 1.6425200127133261 -0.17630543209296545 -2.131255036630801 
-2.0979104742128443 -0.14068568465161943 1.6789259918159611 3.3531877600987343 4.876924494652251 6.247596890872942 7.465213627021791 8.532054997516237 9.45223175828012 10.231136784170491 10.874855229052686 11.389588754574739 11.781133030807728 12.054433319470565 12.213232951608807 12.25982332103361 12.194900316874348 12.01752986447848 11.725223661072498 11.31412463260694 10.77929945159406 10.115131900860524 9.31580504114469 8.375850978875423 7.290733627987528 6.0574128673109 4.674822565093497 3.144190883500646 1.469152278842131 -0.3443481079473456 -2.2882914552042406 
-2.2713191191437114 -0.32542891316277034 1.4906706712765958 3.1682428843724417 4.700388195649015 6.082596180748774 7.31306865691927 8.39268434650694 9.324626213628552 10.113784421213909 10.766064821743523 11.287703196331591 11.684647031425078 11.962037086049715 12.123803346683347 12.172380664785644 12.108545170993885 11.931371201532894 11.638308457704285 11.22537935289726 10.687496004120618 10.018893992854672 9.213674387584195 8.26643450937904 7.172948752480069 5.930830785699358 4.540071797873951 3.0033246575442774 1.3258287436639173 -0.4850289434928541 -2.4203632532057386 
-2.4198457159610176 -0.4825682412356334 1.3335757235246732 3.018238985425171 4.562067183085113 5.958038756916797 7.202341730494162 8.29454715873769 9.237181321046604 10.034960847398656 10.693922987507273 11.220595118244933 11.62127154876895 11.90142450916664 12.065255625043466 12.115385238134325 12.05267439246501 11.87617518192671 11.583207629735368 11.16956410437878 10.629844416783895 9.957924982310928 9.147562043011167 8.193119151765599 7.090388050061549 5.837431300780922 4.435300848470604 2.8884021000561324 1.204245938014984 -0.6075021228546756 -2.536421456535773 
-2.5557632302989632 -0.624423575849223 1.1970646985658748 2.8952868675159595 4.456786854796106 5.870900021004178 7.131430966990021 8.236832956091405 9.189429085029731 9.994258415871785 10.657927876770474 11.187602829402817 11.590177232451282 11.871626038725948 12.036527731526466 12.087741052409608 12.026221733662005 11.850969689813649 11.559103050312252 11.14606163437495 10.605948192970652 9.932020016160118 9.117344826571568 8.155630681667471 7.042224866836774 5.775239086489458 4.356667785879298 2.7931210713250794 1.0955943402030377 -0.7222574819579091 -2.6469891032891573 
-2.694763886460125 -0.7661309765163845 1.069561750503222 2.7924735148045863 4.381528839479487 5.8206139315351555 7.100921079176658 8.220451931281252 9.182149629771269 9.992116140630637 10.658115107597352 11.188380683548925 11.590702924874071 11.871750362259846 12.036590776349886 12.088376676424746 12.028170288009246 11.854892490630627 11.565390173664504 11.15462652001666 10.616008649152459 9.941876508951879 9.124185032279078 8.155416965164019 7.029764349628292 5.744607210830379 4.302269143354031 2.711851109009441 0.9896919248080385 -0.8430081959908252 -2.766404495360211 
-2.8604613520796254 -0.92942128769609 0.9377270798562518 2.705005995972538 4.337210034279473 5.810308292397765 7.1143206315180505 8.248426563697276 9.217548385367719 10.029871691879416 10.695041724432457 11.222849873495154 11.622292923755284 11.900917515392317 12.064380834180238 12.116174914606253 12.057477986878498 11.887111500775273 11.601595561192356 11.195309103104014 10.660775201160863 9.989107062574803 9.170666273179092 8.196001286543718 7.057152862931498 5.749443411175733 4.273935957630824 2.6408249258696483 0.8742957749362672 -0.9903736746537164 -2.917226500359053 
-3.097669346332144 -1.1484376759434087 0.786033954420501 2.6358471261405003 4.331719563399408 5.8483282932408995 7.178726190603096 8.326109621166072 9.299249057311892 10.109650514437854 10.769637863955916 11.29104702128537 11.684357186085995 11.958133320320174 12.118683245103119 12.169859050891711 12.112956774242011 11.946688931321237 11.6672216339494 11.268283729968141 10.741372562728625 10.076101626890226 9.260759740035008 8.283177782526064 7.13202839539599 5.798733190395344 4.280286358580506 2.5838042817687543 0.7347319316297234 -1.1976305122730517 -3.143437203873919 
-3.4877723221244956 -1.5064443892968098 0.6251856914362641 2.6041506152654152 4.3832752734007 5.949355896568842 7.305054198096479 8.461038332854425 9.43200000027361 10.23403723897092 10.882898988119976 11.39286013116578 11.776053939819802 12.04211010170777 12.19797702535907 12.247844070540523 12.193113125520327 12.032394278006445 11.761517912383287 11.373570142305248 10.858976130347692 10.205681299596005 9.399514414596386 8.424853678900845 7.265747626868432 5.907663794864832 4.340096198421067 2.560535317402586 0.582309281482102 -1.547332907911112 -3.5257617099332776 
-4.685405315950902 -1.9062668424165348 0.5121244571237054 2.651563296888593 4.521368396411798 6.134183846837607 7.50744738245536 8.662245853204787 9.621006064912 10.40548822535767 11.03540479471469 11.527654082957362 11.896005500891167 12.151048361634546 12.300255414245612 12.348069152154434 12.29596587967427 12.142480651594408 11.883189081018314 11.51064927023349 11.01432007481873 10.380500242415225 9.592380273058057 8.630356158624426 7.472793691177781 6.097406698373957 4.4832593171156905 2.613068745337771 0.47434455041780016 -1.9420741115978406 -4.717579713767258 
-10.658544439444574 -3.990253437694088 0.060105093204978706 3.106550963379697 5.475256893453382 7.323561706610961 8.759170880322381 9.868600000005452 10.722806103893756 11.378216325038517 11.877783221657765 12.252858346860087 12.525489666462882 12.710599460545122 12.817706005681995 12.852089153057886 12.815440523726632 12.706070851601423 12.5187064148672 12.243841600701698 11.866574074152533 11.36488127420211 10.707439111178868 9.851323473029188 8.740144543787503 7.303013733364678 5.453548695636508 3.0842742598178696 0.03820994386991404 -4.010207339445574 -10.67247787907457 
-11.67138826367904 -5.29541355921213 -0.3222569112960911 3.3578671161797766 6.099996469703575 8.123057352418295 9.595988703600284 10.656933958264526 11.417024699018661 11.961409491716157 12.351793994739229 12.630621112381476 12.82579283677886 12.954907149288413 13.028477320521615 13.052046701365315 13.027342437361469 12.952637557026286 12.822391019051832 12.626094737290172 12.346156429135485 11.954673341183232 11.409184558602803 10.647941621716758 9.585740360080916 8.111431157416046 6.086980316362148 3.343778489158 -0.3365164991400851 -5.308093271395287 -11.680376585257777 
-11.984844091779006 -5.605027713791017 -0.4179869113612012 3.560970927488869 6.494356481724623 8.59263841440351 10.052434247376139 11.045712264733112 11.712319235598528 12.157864310231595 12.45669178561231 12.657945551933121 12.792404073372857 12.878455963067195 12.926510761942179 12.941818618916814 12.925974734868706 12.877385207940378 12.790803158561959 12.655824587331592 12.454064566581934 12.154734007337112 11.70864092130261 11.041327859212661 10.04700287936327 8.585639000048111 6.485274277902815 3.549722277285154 -0.43054181757598226 -5.616891599523524 -11.99340628368337 
-11.892277467656783 -5.454314970540631 -0.2642318303788408 3.749008095433061 6.69318831546273 8.751323187925701 10.130572591377048 11.022977084632592 11.586067731253403 11.93701482049789 12.155919319881702 12.293673248593795 12.380657789419697 12.43407544420896 12.463150304664458 12.47232615028929 12.462918174473897 12.433614915237474 12.379979659722608 12.292800719461592 12.15489031581657 11.93586870186368 11.584793825080123 11.021398753055513 10.128163389942708 8.747049839358542 6.685667765645053 3.7372456104279963 -0.2796339561898283 -5.470411885328582 -11.904294012499172 
-11.166967695646035 -5.055137219736712 -0.018397702629829468 3.86049699136093 6.66017882148601 8.56219914627628 9.784597769050096 10.532697291039435 10.972990199727906 11.22578065367631 11.369926110424434 11.452941683006495 11.501475464719778 11.529606335209314 11.544371476606214 11.548963108217194 11.544293661595766 11.529456717859237 11.501272006779246 11.452726444769187 11.369780455712702 11.22582922093311 10.973358433107496 10.533361453911958 9.785056837141127 8.560943406844748 6.654319698528547 3.8468373091174195 -0.040694130436711926 -5.081484309766088 -11.188304708103358 
-10.750155735970763 -5.02342743809661 -0.24437249761423552 3.3930700613181246 5.969652168626896 7.677030865160598 8.737359650079766 9.357013226854093 9.700420189315883 9.883240387057187 9.978550491150724 10.028363009657951 10.054925603770158 10.069230104152782 10.076387338366212 10.078567324426338 10.076365988270904 10.069195089955771 10.054901059835032 10.028409706664075 9.978798473623147 9.883923334946498 9.70187321934427 9.359552211908676 8.740904569691462 7.680295904292521 5.968535162083643 3.3796611120013575 -0.2752412990014612 -5.0671698979979825 -10.787673419675269 
-11.222983155392813 -5.7773190572355775 -1.426127704312904 1.808985282092573 4.071993041857909 5.547591134157589 6.442587872990645 6.948316732667993 7.2158143319076276 7.349499494745855 7.413659321850814 7.443967398032856 7.458458180339024 7.4655337267315165 7.4688378394034 7.469812233553643 7.468835140984416 7.465537687960447 7.458499265904063 7.44412615522015 7.414119528172069 7.350623561853839 7.218212824710206 6.952837380152276 6.450085678706586 5.558179970121151 4.083253357165661 1.8082267811282868 -1.4678496160157053 -5.853704708602849 -11.302503170949088 
-12.250897139258534 -7.30095186608724 -3.7297470341598955 -1.058247476193938 0.8161571622085165 2.0313491918569486 2.7584973227348875 3.160459779827974 3.3662730909067378 3.4644227332666286 3.5084958998595783 3.527502910960386 3.5356129354882433 3.539126553147666 3.540616670141623 3.5410349042704126 3.5406194592301943 3.5391423479123625 3.5356758199365905 3.5277059049067168 3.5090599769322184 3.4658087499054098 3.369328219263117 3.166562237789326 2.769637312949125 2.0501070580986354 0.8449383012028534 -1.0175044816839371 -3.7297045075845907 -7.49707374910767 -12.401735724089939 
-12.531393977926816 -9.815942975608998 -7.3182106115902 -5.300132299235591 -3.8575209249658324 -2.9196024517396606 -2.3615133073595063 -2.056743320082899 -1.9037178776433354 -1.832872144497587 -1.8024467219444065 -1.7901722490563223 -1.785411015633304 -1.7835801281197274 -1.78288800116729 -1.7827064106407133 -1.782884219786449 -1.7835629629474707 -1.7853479532702539 -1.7899728698540467 -1.8018910970235613 -1.8314866777674812 -1.900589490725966 -2.050267538441993 -2.34902406745345 -2.896677418670227 -3.8155952534139037 -5.2243100448025155 -7.120863047087184 -9.814254077317434 -13.89355402057522 
-14.454091757042727 -13.856801405798876 -12.225297654188914 -10.841692008398985 -9.83668809316561 -9.181273049012114 -8.791758988507762 -8.579942229597549 -8.474356501227147 -8.42602412751385 -8.405629513163634 -8.397626928551794 -8.39465421589982 -8.393579568266448 -8.393200713540136 -8.393105849669915 -8.393197698461691 -8.393566270941147 -8.394605894493145 -8.397474298363433 -8.405202594735552 -8.424952626023021 -8.47191447939809 -8.57481949812252 -8.781690280964105 -9.162154063878512 -9.800530074762174 -10.762470675905123 -12.073361986427173 -12.487748415832376 -14.448878720318332 