Step: 3555.0
9.857856324352753 9.663024952327401 10.241466092897596 10.842561984590372 11.511454271714538 12.176835329698312 12.805032542769105 13.37814288451894 13.88700681215181 14.327100316916562 14.696397770369996 14.994176877053746 15.220315767868708 15.374857508629503 15.457729037487182 15.46855566950749 15.406539483013429 15.27038378889163 15.058253136794145 14.76776241809583 14.395991768820636 13.939528124170975 13.394542265698002 12.756927467923806 12.022566208607119 11.187871699834698 10.25108446815033 9.213855363471852 8.09839977232159 6.7300299709491025 6.800747477384465 
9.197266865695447 8.650094441355952 9.113709413706276 9.832215994057083 10.586911054908613 11.32503528108297 12.015467554992751 12.642319666734581 13.197384563235298 13.676669283497727 14.078474691155455 14.402299344433773 14.648176723445157 14.816254810761885 14.906519247838544 14.918607743422367 14.851687086569486 14.704376349631799 14.474706237146835 14.160108054776705 13.75742834914768 13.262968597573655 12.672555708556004 11.981662967454977 11.18563072182473 10.28011618375428 9.261955596561492 8.132273800919501 6.890656907465197 5.7078983551666544 4.87850293977423 
6.197905827797332 6.960298487947872 7.8315924872618545 8.744972803969487 9.637297198503342 10.474027006331745 11.240510158447014 11.928440250058669 12.533559775769676 13.054003523317844 13.489288021564699 13.83964388039909 14.105564133944632 14.287490089184443 14.385589084307316 14.399597485102197 14.328713072021063 14.171526837692312 13.925987157949226 13.589390622034818 13.158394412991528 12.629045738900178 11.996825126923753 11.256703004162127 10.403214365296762 9.430553470518962 8.332790119033916 7.103444546293597 5.745453056562537 4.237859819072971 2.1317487063102174 
2.988560221902245 5.0909245133262555 6.466919188645418 7.640476860628282 8.691999919405257 9.640316231562103 10.490056178841446 11.242982608884308 11.900149544177628 12.462662663591903 12.931772303580175 13.30876407292467 13.594795900915072 13.79073746073112 13.897031431641164 13.913582963690098 13.839678705661575 13.673934445253433 13.414268789562428 13.057898674849795 12.60135052204083 12.040478150946733 11.370474098392263 10.585851997267754 9.68035554562488 8.64670046038329 7.475835972922302 6.155561179092918 4.660919362646737 2.9087094596900664 0.8209856037302673 
1.4137918029221404 3.5122478062975775 5.202072521260328 6.589936841527819 7.7896981978479145 8.845528622925753 9.777071196794887 10.594209596631021 11.302771561741928 11.906722430139766 12.409075574369206 12.812234323349692 13.11808430922365 13.327978526232437 13.442682700991575 13.4623142273691 13.386291225654174 13.213299313086388 12.941278050112683 12.567424697761178 12.088208711716497 11.499385191954307 10.795987436679967 9.972263672103509 9.021491832038285 7.9355289208854165 6.703807734164159 5.310627220022883 3.728392088772869 1.9209096059496498 -0.1435364268359459 
0.28069854218819584 2.358234681749543 4.13372857808105 5.6514034215446225 6.963243246113435 8.109729068551841 9.114180571136691 9.990389676924039 10.747080998891992 11.3902386528594 11.924253765507668 12.352472065309696 12.677430873910124 12.900939285978513 13.024084362525727 13.04720901566106 12.969886859915258 12.790907297061585 12.50827623245555 12.119231840906979 11.620269336547942 11.0071625739044 10.274961928595996 9.417934568514118 8.429389495768469 7.301290340614888 6.023470100365892 4.58230518996866 2.9606359754432283 1.1409744290311972 -0.8859920633577036 
-0.5764099888144193 1.4625402335980133 3.2648816183722644 4.845813984041871 6.2312794917357115 7.446484128119494 8.510940346425622 9.438233776858217 10.237866552443778 10.916718611766404 11.47995923063359 11.93155381386476 12.274518388597787 12.511028158035451 12.642449142244184 12.669336288426068 12.591424600393267 12.407628524862872 12.116056737928055 11.714043111295501 11.198189021631745 10.564406565170238 9.807946045287157 8.923383967798806 7.904541154638386 6.744301158141159 5.434355061704494 3.9652154017911143 2.3271726775621313 0.5129640081203359 -1.4782482439306466 
-1.249806066138943 0.7514309488771581 2.555883862910512 4.167308691793702 5.597638217559978 6.861529526675067 7.972600796434844 8.942006884867325 9.77845763111703 10.488741066109938 11.07820354065082 11.55107098774477 11.910626734724941 12.159290562078532 12.298641017086961 12.329413265605847 12.251494934173117 12.063934061405511 11.764966422326188 11.352063733628116 10.82199925244982 10.170922920476853 9.394434812851651 8.487644698951712 7.44521131550117 6.261380319769669 4.930115903834132 3.445534215069558 1.8029189683814837 4.2009964493730127E-4 -1.9588976806342482 
-1.789429651191756 0.17794716869626245 1.9748393129209387 3.59965742762917 5.0568739121146145 6.354220315012749 7.50034131242442 8.50339985013746 9.370534316045305 10.107794126944095 10.720241527089119 11.212055766859201 11.58659128381743 11.846391436541438 11.99317566549746 12.027819813338935 11.950345892348961 11.759932620741312 11.454952988992265 11.033040438341294 10.491181135134072 9.82582661931495 9.033019601172901 8.108527754863315 7.047989937054948 5.847102848871886 4.501914230034027 3.0093232131695733 1.367869276484647 -0.42122343281053076 -2.35297496475123 
-2.227236511808759 -0.28912668572969213 1.4968216448890583 3.126348193029429 4.59967533887413 5.920050472840259 7.092334198969656 8.121954075639694 9.014281497990192 9.774323583790899 10.406583830415627 10.914986191390994 11.302811189265082 11.572630398039813 11.726243833789542 11.76463094820664 11.687926000917786 11.495426039271393 11.185636244121802 10.756353795686488 10.204788097653195 9.527712604502359 8.72164238978367 7.783033357628286 6.708505637112554 5.495106213125447 4.1406406301338485 2.644108127623318 1.006251154482503 -0.7698302039633788 -2.6781259242278903 
-2.58544060730869 -0.6721561015387298 1.102438703206429 2.7326156342576615 4.215984429863847 5.5527613167308685 6.744967965474455 7.79573119210741 8.708752538630641 9.487934492250597 10.13711457890917 10.659861156856117 11.059303544438297 11.337987140800386 11.497755338735526 11.539664720623467 11.463940663024179 11.269979002265595 10.956396999090963 10.521134085978726 9.961600100400995 9.27486616194228 8.457891434271643 7.507778352348425 6.422050162104004 5.198947796890827 3.8377462536412636 2.3390893782012685 0.7053314229776642 -1.059146647206782 -2.947700461446981 
-2.88066404774496 -0.9881664280204996 0.7761796335873397 2.40570629203076 3.896205179010614 5.245654236969345 6.453847724164074 7.521992155489774 8.452310531566066 9.24767534908017 9.91127647057797 10.44632454211775 10.855791094211938 11.142188806218378 11.307397199821244 11.352539501337573 11.277915755880148 11.082995903156117 10.766474740770102 10.32638863388406 9.760291466544327 9.065484575703305 8.239292141315962 7.279369620079996 6.18402833310387 4.95255466966665 3.5854988032088255 2.0849075215146446 0.45448109031616807 -1.30035458724285 -3.1724550967927874 
-3.1262556414595952 -1.2509578178496297 0.5051426142686841 2.1345856786994593 3.6316176918936964 4.9922999746379135 6.214506171736939 7.297779289201386 8.243062563176323 9.052347067614573 9.728285599363005 10.273813860804943 10.691806824142468 10.984787256227872 11.154696335097322 11.202732229239555 11.129260158388858 10.93379594648155 10.615063880604577 10.171128406527718 9.599597421943011 8.897892179013947 8.063574408912194 7.094714348291447 5.990273002987182 4.750458585371052 3.377004452747213 1.873313487147918 0.2444334194804601 -1.5031262280874922 -3.3616667570694827 
-3.3338403628352626 -1.4725663567356477 0.2780283496462974 1.9095304100104002 3.4144813593414005 4.786946071205732 6.022912793631633 7.120396439625433 8.079253572590689 8.900800995790393 9.587345903270762 10.141710035087668 10.566797614896016 10.865232449402718 11.039075573921194 11.08962771723478 11.017317681374832 10.821676609064067 10.501397899682955 10.05448244377194 9.478468179194273 8.770740928536219 7.9289189421543895 6.951294840408039 5.837303238633793 4.587957593875814 3.2061690106522147 1.6968392121015912 0.06664387190015769 -1.6764850453616622 -3.5240260114932536 
-3.5146271262861624 -1.664506256949702 0.08426262188930753 1.7217428574049858 3.238084706647954 4.624841316109823 5.875904987922428 6.987829578624549 7.95961856508964 8.792207439394737 9.487840939642547 10.049467801630197 10.480209836384748 10.782927965003761 10.959891355960838 11.012548704724408 10.941398468374416 10.745955175108065 10.424810417002467 9.975788872509526 9.396200883214439 8.683192824954686 7.834193502151932 6.847446913950638 5.722604854010256 4.461319131447882 3.0677092832658523 1.5485074812282282 -0.08734094842754546 -1.829689251784313 -3.6685649127841735 
-3.680894249708487 -1.8391432959420118 -0.08687737842468003 1.563081080010151 3.0969406501944934 4.502660149013878 5.77165473607323 6.899154835049715 7.883699402855829 8.726282037331462 9.429484406357924 9.996708422811553 10.43154106522979 10.737255641600278 10.91644224406171 10.970756987227517 10.900780392721614 10.705978194141293 10.384761825849704 9.934650119413957 9.35253753707366 8.635076853557406 7.779184580624589 6.78267398959108 5.645009594680849 4.368147548029889 2.957350468218519 1.4216449457539175 -0.22659077382571502 -1.9733816891058396 -3.8059108223385674 
-3.848269345639488 -2.011642680992563 -0.24722799995599654 1.4261323390182727 2.987403063426903 4.419221273990394 5.710250481232261 6.854953704501983 7.852118117214149 8.703451715939083 9.412409572635216 9.983257050854773 10.420343580697821 10.727558075079374 10.907939226148715 10.963417697891426 10.89467241628679 10.70108954803647 10.380819894828452 9.93093778255077 9.347711572606332 8.627002165323194 7.764810908988415 6.758002069440609 5.605227372751309 4.308078191219408 2.8724582052749406 1.3100207737177052 -0.3616433655465886 -2.1213928256550316 -3.9504182064458635 
-4.039974078436728 -2.203545121869363 -0.4105040847065047 1.3052299927331024 2.909289213728028 4.376622217442109 5.694388889444151 6.857698358777663 7.8667692940206635 8.724929204202494 9.437173719043203 10.009107193228566 10.446167285467036 10.75307050817066 10.933431825129995 10.989521801198343 10.922134527630583 10.73054975925634 10.412583337637841 9.964730742333275 9.382419230455472 8.66039421315867 7.7932752399811065 6.77632746255618 5.606510726199067 4.283903130068058 2.813677628575038 1.2089110204955613 -0.5051922244383019 -2.294217780908336 -4.124312754550118 
-4.299266364785374 -2.448229011633601 -0.592757315086186 1.2016560456224914 2.8686602792158467 4.3816438122607 5.73001304711179 6.91199635644277 7.930862086890846 8.792652985029076 9.504650847493192 10.074296174412533 10.50843307939226 10.812797832957347 10.991688479285681 11.047766261117019 10.981953011176856 10.793402731662567 10.47953979199091 10.036170360341519 9.457687926082045 8.737407901381832 7.868079815840031 6.842639040651134 5.655279183289458 4.302974555512335 2.7877276416561534 1.1203267213285595 -0.6724921338440115 -2.524408304440258 -4.3700474444789466 
-4.703690481536792 -2.8253278686533547 -0.7858078362274162 1.13137181707228 2.880867398198404 4.446782534682729 5.826575514239155 7.024531622440713 8.0487269872892 8.909047072092072 9.615788467809818 10.178680202468291 10.606233367056776 10.905338405331447 11.081035660966112 11.136397268491889 11.07247559525789 10.888291688084415 10.580854746360309 10.145220739454889 9.574615935517333 8.860669513928027 7.9938167655623085 6.963947076095631 5.761377228881135 4.378241067855787 2.810459032116668 1.0607586005624496 -0.8548211708352359 -2.8908713158839032 -4.764493803981203 
-5.868387423684419 -3.244836628181974 -0.9390411510229176 1.1306141074553004 2.9713043684957983 4.59005307948427 5.9965868769009925 7.203558472468224 8.225320075069924 9.076567695528105 9.771214261841758 10.321606540146417 10.73806473429748 11.028664285502085 11.199167743357936 11.25302926819037 11.191418452880935 11.013233771966044 10.715096047923653 10.291330695568325 9.733967713661167 9.03281227702636 8.175663295018314 7.148772372515224 5.937624094497328 4.528058886850705 2.907623109466767 1.066788670191693 -1.001271937216484 -3.303524711342882 -5.92099453573607 
-11.667357870002293 -5.452115748565423 -1.6400172982957146 1.2913351534185191 3.640060920438154 5.537931149360385 7.0675688175291285 8.293317521943631 9.268921337807894 10.03909926119572 10.639866936634666 11.099053881672434 11.437231615505036 11.668857316241153 11.803376266184632 11.846096372110523 11.798737194527199 11.659616945595594 11.423469308881481 11.0808970277921 10.617497928051533 10.012760954047765 9.238920683745823 8.260031207272696 7.0314604072184705 5.499592868752271 3.600290226310945 1.2512499046371546 -1.6787980084506293 -5.487032116886515 -11.691684479657587 
-12.764093321979495 -6.886461687119494 -2.234566531990571 1.2978907265494037 4.028995423108598 6.137445835617476 7.752340141667296 8.977947519087834 9.900853180121588 10.59137806562336 11.104302335649631 11.480328034488785 11.748268462823031 11.927487267552541 12.030115071614722 12.06274268551259 12.027458464089863 11.922195742258436 11.740387187729796 11.469927452493284 11.091476746080756 10.576237534591607 9.883508027510777 8.958492582761949 7.730859933474548 6.114074931711771 4.0040660874197895 1.2721697519555064 -2.2595839398106765 -6.908131432005094 -12.779296334247725 
-13.19682987456567 -7.374501320425484 -2.548998358236873 1.2674076053728878 4.203065439095613 6.417851621074831 8.056623210298902 9.248228803342675 10.102915235567846 10.710246199351788 11.138981735934175 11.439031086859309 11.644710961929766 11.778350194105524 11.85349732257993 11.877320563835909 11.852054530736675 11.775480096089252 11.640445768479482 11.433419679369766 11.132083241862121 10.702110404360711 10.093544579668372 9.237525983444435 8.044352325617675 6.403680469068177 4.1867755459396765 1.2493032626990512 -2.567618194578491 -7.391214437140252 -13.208656518390068 
-13.261977154391632 -7.449773748989332 -2.646841915896324 1.20427893119279 4.171077834613258 6.376037192970861 7.963991250981645 9.076743710453155 9.83959899187749 10.354612619326597 10.699117699509953 10.927989620062652 11.077880144233918 11.171868805001672 11.223506273658382 11.239765685284745 11.222785985078096 11.170443846208702 11.07578432156218 10.925276917243805 10.69585657644536 10.350860978032927 9.835345339434152 9.071804511672472 7.957877058417686 6.367873694595093 4.159807188331349 1.18932850722003 -2.6645537204246423 -7.467283905517107 -13.27480555782443 
-12.787748768225267 -7.331654886771142 -2.6958079488744047 1.03420698601511 3.88718032166556 5.970516099198198 7.428836789614874 8.411673970853393 9.053166438867922 9.461831740739775 9.718220857731676 9.877780813434585 9.976177297198934 10.034938625565587 10.066173539141646 10.075888123562132 10.065886191687431 10.034382708615293 9.975396298104426 9.876851706262292 9.717257561649088 9.46096712908906 9.052487063455363 8.411073583091886 7.427757150166169 5.967572182956632 3.8799535911229834 1.020206533468075 -2.71695785179187 -7.35578380655625 -12.807055294358303 
-12.56727362902039 -7.5060915574089195 -3.1305707213767175 0.3719259974637457 3.022874854839497 4.929662801857181 6.23509736839042 7.088270981810089 7.623201455139385 7.947349259945132 8.139054515365832 8.250870977726208 8.315523973128593 8.352034686609626 8.370681359258306 8.376382055942674 8.370583227979992 8.351861078000185 8.315330034968886 8.250761846703757 8.139203295738074 7.947998839209342 7.624619678002776 7.090611438937352 6.238090417105926 4.932023589044761 3.021102659362349 0.3595768164862167 -3.1574746761128 -7.543477251526768 -12.59916407551757 
-13.11508491567495 -8.3517385620199 -4.392680768329193 -1.2773697170286318 1.0657712556613916 2.7359972499083853 3.8626163712601866 4.5828382297735155 5.02075984283753 5.27552624617629 5.418586079294182 5.496998622383081 5.539352399185673 5.561763590517866 5.5726449281767385 5.5758914875706935 5.572626881168006 5.561754252653395 5.539419070025393 5.497276087941476 5.419312492877032 5.277075517111634 5.023645873890778 4.587650722208778 3.8698211780022342 2.74540217362551 1.0752237117545937 -1.2782907301683109 -4.42777985930755 -8.415386532370585 -13.181318313072486 
-14.115109336359202 -9.827286309821066 -6.586036685343314 -4.009372916760577 -2.0585433873727528 -0.670066702730443 0.25899691142306347 0.84442696652317 1.192796661491924 1.3894207587967888 1.4953981240792624 1.5504788687496847 1.5783841323350354 1.5921786309807986 1.5984959490693085 1.6003232678911297 1.5985082767091745 1.5922319448149815 1.578552049111789 1.5509135815752975 1.496380884111885 1.391423966978054 1.19654686567092 0.8509591848615955 0.26969955195340334 -0.6533867195368822 -2.034091434474434 -3.9752914138269517 -6.585878691207526 -9.991383862291405 -14.240381077878023 
-14.441199268365661 -12.084461073591074 -9.806001975609076 -7.851783882375798 -6.343194120862614 -5.264585762236138 -4.544920407037519 -4.0950807778818294 -3.830925220917446 -3.6847198481458006 -3.6080731671556934 -3.5697302497822303 -3.551251134821138 -3.5426364071543115 -3.5389056869977615 -3.5378608934558415 -3.538885620674099 -3.5425696612063517 -3.5510684825978807 -3.5692858462267387 -3.6070902890723824 -3.6827155310037973 -3.8271111573556325 -4.088219812687796 -4.533048974231615 -5.244371694142863 -6.307745900709067 -7.788566255002329 -9.640243600544594 -12.082401580716404 -15.590530545147745 
-16.09621376683009 -15.552030024498352 -14.057156457875486 -12.71322215580174 -11.659739967332461 -10.903943458587975 -10.399859129321873 -10.085656353283854 -9.902070868518805 -9.801230377275397 -9.748949401417127 -9.723206860747247 -9.711067940173576 -9.705561750061499 -9.70324345255503 -9.702605383688319 -9.703226837342022 -9.705508471851 -9.710925607442583 -9.722864324445169 -9.748193724718822 -9.799684752121246 -9.89910746536918 -10.080257345333393 -10.390334402263596 -10.8871495874837 -11.629239254809573 -12.647136994925258 -13.930396261199517 -14.394876447922254 -16.090406144838038 