Step: 270.0
14.415315667025213 14.29518522711232 14.622334421265137 14.887077207033336 15.093179448890718 15.22604981523896 15.302962442833596 15.344064022291901 15.364707497003224 15.374566180140137 15.37908081861805 15.381075624158159 15.381929405282419 15.382282197048598 15.382416418779979 15.382444677691758 15.382390290831072 15.382203312672296 15.381719540914323 15.380534280961623 15.377713182110709 15.371184550420761 15.356544276373102 15.324884267199268 15.259255867305571 15.129821443464934 14.889334815202195 14.473102264999191 13.823234034405136 12.807462681387495 12.789814061774043 
13.927272695621465 13.599354794584638 13.939448074400037 14.297772126125752 14.54954856389248 14.706109705292597 14.794690893069724 14.841368531329366 14.864589443764531 14.875603679307414 14.880621995626287 14.882830775434693 14.883773289283745 14.884161857434819 14.884309533437 14.884340904580347 14.884282110568583 14.884079170234445 14.883553685298677 14.882265435235468 14.879196939106441 14.872089002744076 14.856129476281051 14.821557061401037 14.749715800072762 14.607523971414095 14.341720325296977 13.878200350096108 13.127868829037576 12.127533925922844 11.018813408568825 
11.408845697233438 12.43869060874975 13.222387406280907 13.768913320549643 14.114832415214291 14.315504472066978 14.424414577873954 14.48020613022668 14.507410494316254 14.520123879322082 14.525850922447862 14.528349309929425 14.529407900817258 14.529841965110633 14.530006525723707 14.530042275990455 14.529979692567313 14.52976135475482 14.529194865599903 14.527804009541367 14.524485245967401 14.51678023118678 14.499429101916771 14.46169393194437 14.382855207628648 14.225587809533407 13.928199236745264 13.398566078765615 12.521530391547927 11.140728200194886 8.700272142879879 
8.832295081284302 11.246310578135805 12.544014145102237 13.3276040461479 13.785768230988962 14.040041704834973 14.173679661696916 14.240536966960859 14.272547570317286 14.28729327563104 14.293859337289932 14.296696789227566 14.29788975346439 14.298375945864919 14.298559791064228 14.29860088541924 14.298535161065566 14.298302393563793 14.297696912502001 14.29620772947318 14.292647301487989 14.284360947766665 14.265642884342663 14.224773344437118 14.138942832132365 13.966547703925945 13.637370120393992 13.043640026090925 12.032618647197438 10.384171952538006 7.921343813470451 
7.958860066636181 10.410764069163687 12.025662244411896 12.995120801666152 13.552802527480383 13.857025346712009 14.014617830723067 14.092465646282331 14.129332908990111 14.146156038560195 14.153586164865807 14.156774372345541 14.158106670756185 14.1586469850908 14.158850937654998 14.15889785999092 14.1588296492584 14.158583926770188 14.157943136106987 14.156364875975724 14.152585867995265 14.143775474722585 14.12383254506193 14.080182350833933 13.988251984663092 13.80300604924582 13.448129305705535 12.805887409440738 11.714191725322234 9.995454441584902 7.51770184686067 
7.523673341434687 9.99654164047897 11.701355485306872 12.775035314249063 13.400359870710911 13.742403558522064 13.919330335299637 14.006463387889822 14.047572943134798 14.0662572510442 14.074476739059769 14.077990272098157 14.079453344899285 14.080044944654425 14.080268143778019 14.080320844935255 14.08025077390152 14.079994017707964 14.079323079111688 14.077669293842417 14.073706912509321 14.064463095930835 14.043526260829253 13.997677854585193 13.901097193010147 13.706562751505993 13.334505997800997 12.664282160240736 11.538616079008516 9.793649716303673 7.316932784722408 
7.3146444589149064 9.78909887745724 11.528258266306473 12.646264675415344 13.308928028164116 13.67485576935547 13.865122745736715 13.959069811456816 14.003440829673163 14.023608774621355 14.032475971134035 14.036262786883968 14.037837848755743 14.03847407725921 14.038714276700178 14.038772244316954 14.038700873657511 14.038435259937149 14.037740189301127 14.036026772996797 14.031922280503283 14.022350421664347 14.000683684933367 13.953282748023573 13.853583838197178 13.653245404476342 13.271516838441073 12.587860284581138 11.447869183731695 9.693724024551516 7.218914047823227 
7.215815511853787 9.689576155529073 11.441308320054176 12.57810489894589 13.258502662074655 13.63745806508601 13.8357519470101 13.934111853711281 13.980717871107087 14.001949347940684 14.011298169710413 14.015294437253694 14.016957526460436 14.017629589637915 14.01788370136945 14.017946110566555 14.01787390693819 14.01760162272533 14.016888503370536 14.015131338119879 14.010925188999098 14.001125921931937 13.978972503738765 13.930585652736578 13.829025392762269 13.625490056402151 13.238956409486478 12.549276546453623 11.403515142740789 9.64614528419092 7.172744388178508 
7.170566701684112 9.643487700794939 11.399863997679912 12.544317615158395 13.232634230681352 13.617964690360411 13.820571437005674 13.921491862462783 13.969478623147836 13.991401728856019 14.001077365692986 14.00522090477553 14.00694776737928 14.007646455959641 14.007911136041455 14.007977024272446 14.007904349045168 14.007627382342669 14.006901699367203 14.00511476426815 14.000841476404126 13.990897439604813 13.96844776311171 13.919492526577105 13.816927604976977 13.611795756998415 13.223049956051607 12.530813812298812 11.382794540355128 9.624335297939954 7.15173134314469 
7.15048002891208 9.622869244550598 11.380925234351036 12.528420141689972 13.22010197822809 13.608344496691368 13.813072908238228 13.915347231891486 13.96411180577527 13.986446180654644 13.99632524085046 14.000564042006944 14.002333508491587 14.003050471449818 14.003322578323923 14.00339099335107 14.003318112941148 14.003038138868602 14.00230441906718 14.000498845387332 13.996184763376267 13.986156015812648 13.963540758539443 13.914284692162415 13.811220193592616 13.605345470378856 13.215636786234962 12.52235759492205 11.37347965494005 9.614668006185244 7.142467232722134 
7.141808555384067 9.61391606675725 11.372570169300301 12.521247186907697 13.214311634808256 13.60381975749249 13.809527098550191 13.912464949915295 13.961633183241238 13.984192087753957 13.994187102787558 13.998482182981185 14.00027756215847 14.001005905308903 14.00128273733491 14.001352826544267 14.001279943890875 14.00099833251286 14.000260146623527 13.998444280402621 13.994108051383176 13.984034500933879 13.96133468597385 13.91193147814764 13.808634250393357 13.602430753135677 13.212317111997635 12.518620923004212 11.369419423260531 9.610496842114472 7.138485339620244 
7.1381224850521425 9.61009660993097 11.36897101643954 12.518114426925766 13.211745498977693 13.601791911616775 13.807931937303582 13.911174539117622 13.960534871464908 13.983203892815304 13.9932570929295 13.99758085158122 13.999389549781888 14.00012376749836 14.000403063564264 14.000474094845748 14.000401399262692 14.000119342556617 13.99937963926851 13.997559929947284 13.993214886570325 13.983122695457109 13.96038668973577 13.910919557817753 13.807520765161202 13.601174181367018 13.210885571188586 12.517010956852138 11.36767271241367 9.608704903866105 7.136775690257548 
7.136478370005405 9.608400603016317 11.367393028068888 12.516767919791715 13.210669671403691 13.60096339280251 13.807293138134872 13.910661865843801 13.960096216653408 13.982804099069995 13.992875741794599 13.997207471099363 13.999019320793405 13.999754694180842 14.000034431609805 14.000105752799758 14.000033485460417 13.999752228098728 13.999013944787128 13.997196466863754 13.99285426681346 13.982764193046094 13.960025918220579 13.91054505773323 13.80711096825788 13.600697969784635 13.21030995009966 12.516316369163835 11.366870439781522 9.607846201308087 7.1359438075455675 
7.135455188266247 9.607384056339303 11.366548450791596 12.516177035521316 13.21031991886105 13.600782007485003 13.807195736730398 13.910585730441927 13.960009212639353 13.982697101599054 13.992751114337244 13.997070776372562 13.998875501206225 13.99960712099741 13.999885166766573 13.99995612003207 13.99988465240485 13.999605806736016 13.998872712502934 13.997065239971485 13.992740653861437 13.982678296460916 13.959977160498452 13.910534146282114 13.807117659613557 13.600671281065503 13.210173315104532 12.515996471784526 11.366342420847854 9.607167418216203 7.135246952017354 
7.134077591914853 9.606107400306763 11.365726971303015 12.515926526071578 13.210516250591256 13.601190506907233 13.807610297246075 13.91089713813981 13.960195417252734 13.982781877262656 13.992768761175558 13.997049416784945 13.998833520532356 13.999555085299258 13.99982876611018 13.999898578329956 13.999828498058939 13.99955441362444 13.998832132560876 13.99704674192482 13.992763861533462 13.982773339315113 13.960181301847873 13.910875070752391 13.807577779662287 13.601145481682707 13.210457845048998 12.515855774483871 11.36564722943061 9.60602419687965 7.1339978310614525 
7.130944034703701 9.603339696263243 11.364308544541899 12.516046936601384 13.211676495668389 13.602667973118974 13.808891328452832 13.911790021728795 13.96073032042734 13.983065446450249 13.992901460890636 13.997100617896447 13.998844013524021 13.999546584439262 13.99981225661382 13.9998799306297 13.999812122347537 13.999546254264562 13.998843348426574 13.997099372081683 13.99289924481082 13.983061695385299 13.960724290308512 13.91178083944362 13.80887811941055 13.602650068583676 13.211653687278629 12.516019707441002 11.36427818559824 9.603308233013443 7.13091394459092 
7.122756937795033 9.596440719728886 11.361452626683462 12.517430729610107 13.21538421639989 13.606622100690165 13.811925526161676 13.913721839691808 13.961816499874844 13.983622783854166 13.993166647083706 13.99721765748125 13.998890644908416 13.999561628884361 13.999814354603522 13.999878590398136 13.999814289769748 13.999561472271722 13.99889033698856 13.99721709602245 13.993165675427766 13.983621182894277 13.96181399149145 13.913718110290644 13.811920276245537 13.606615118829533 13.215375464610192 12.517420416113909 11.361441237418104 9.596428986657218 7.122745740279238 
7.100829355767426 9.578564078512072 11.356475653252442 12.523562246672286 13.226133270977598 13.616087778484124 13.818312468895284 13.91742363152673 13.963757780603355 13.984569704034158 13.993603019463546 13.99740916608873 13.998970778518283 13.999593510417638 13.999826966399999 13.999886142838129 13.99982693610225 13.999593438447889 13.998970640213114 13.997408920205228 13.993602604726771 13.984569037531907 13.963756760678887 13.917422147798385 13.818310420800143 13.616085101074548 13.226129963098666 12.52355839354806 11.356471434569926 9.578559755712194 7.100825238010906 
7.036323214185436 9.534495671582238 11.350136803371282 12.548390257341275 13.253939916044917 13.636222840022583 13.83030570828106 13.923799088689735 13.966896835496431 13.986029767970326 13.994252218259955 13.99768721807693 13.999086138467236 13.999640436714573 13.999847166741977 13.999899408107577 13.999847152919767 13.999640404393594 13.99908607767752 13.997687112547963 13.994252044499905 13.986029495153048 13.966896427044642 13.923798506309918 13.830304918695628 13.636221823831548 13.253938677020402 12.548388829317892 11.350135252175333 9.534494089948682 7.036321710223964 
6.866731140100235 9.391994510020094 11.390895804011901 12.626210392031552 13.315119141867735 13.673395187709684 13.850207807194415 13.933650805821026 13.971504309074462 13.988090623836019 13.995140977782807 13.998058956022877 13.999237801656303 13.999701690637451 13.999873743683414 13.999917077313611 13.999873737313328 13.999701675955356 13.999237774585477 13.99805891005703 13.995140903773077 13.98809051012837 13.971504142231783 13.93365057232423 13.850207495940388 13.673394792753758 13.315118665704079 12.626209848765544 11.390895218718951 9.39199391708238 6.866730577283763 
5.678569243203008 9.395710212101747 11.608333082552232 12.809264888998625 13.425650425936176 13.732088445353014 13.879253965815197 13.947297744893856 13.97764858195738 13.990759807769084 13.996265737856254 13.998520714288091 13.99942342344199 13.999775854007884 13.999905732578098 13.999938316873596 13.99990572915229 13.999775846177634 13.99942340917125 13.998520690373809 13.9962656998645 13.990759750144564 13.977648498543713 13.947297629199129 13.87925381333273 13.732088254819102 13.425650196447751 12.809264624651457 11.608332802743618 9.39570993323724 5.678568985460319 
-0.15324400786922743 9.772980010085128 12.885909947794474 13.686308090432746 13.883308202230268 13.951826998924481 13.980562586786187 13.992354762488626 13.997050194860156 13.998882026913181 13.999583034342404 13.999846689042833 13.999944285902384 13.999979769022865 13.999992076282616 13.999995047786738 13.999992076165785 13.999979768757482 13.999944285427404 13.999846688239355 13.999583033148104 13.99888202505279 13.997050191580955 13.992354762387764 13.980562575087163 13.951826986875245 13.883308231227034 13.686308114860138 12.885909866525664 9.772979930205098 -0.15324407434850484 
-0.20748669682285986 9.441184927776286 13.126547111961361 13.894336056468962 13.983951399571803 13.99386114902784 13.997653088020373 13.999169774970264 13.999706115932467 13.999896531397718 13.999963599493654 13.999986943636227 13.999994992953292 13.999997735814365 13.99999863553501 13.999998845086632 13.99999863553379 13.999997735811503 13.999994992944096 13.99998694366884 13.99996359927984 13.999896532021268 13.999706115841724 13.999169764197342 13.997653141515631 13.993861068809123 13.983951229171975 13.894336337945195 13.126547920607806 9.441185242796976 -0.20748644740971417 
-0.19374990015043744 9.49050394297644 13.15223473200924 13.929001444286216 14.000324462962865 13.999736492027495 13.999759682979137 13.99993809906911 13.999982495016885 13.999996798254891 14.000001625007577 14.000003166530039 14.000003667170175 14.000003827961864 14.000003878066137 14.000003889358538 14.000003878065638 14.000003827964205 14.00000366716844 14.000003166476848 14.000001625550246 13.999996795194212 13.999982505034206 13.999938097506021 13.999759508752419 13.999737302075133 14.000323728958122 13.928998300604055 13.152233612140213 9.490509498764181 -0.19374585545046735 
0.09247416205684592 9.83058935620722 13.281942232536867 13.953220236527736 14.00270526618232 14.000164093207934 14.00000208393604 14.000047247264666 14.000047111942854 14.000048046626281 14.00004831730012 14.000048387510393 14.000048411886498 14.000048418823408 14.000048420949486 14.000048421409454 14.000048420950488 14.000048418816096 14.000048411920332 14.000048387447283 14.00004831672101 14.000048053986326 14.00004706623438 14.00004740667805 14.000002054256802 14.000161236108513 14.002717286507592 13.953218197576994 13.2819037520191 9.830525948129019 0.0924434772896143 
2.0607174531340653 10.952048302056706 13.636942332431063 13.997279416718404 14.001125844832057 13.999453533295858 13.999642765855912 13.999629598756231 13.999628970557868 13.999629439322955 13.999629361644736 13.999629374404408 13.999629374171406 13.999629374330265 13.999629374399694 13.999629374403913 13.999629374399667 13.99962937434003 13.999629374080762 13.999629374898776 13.999629360292568 13.999629433973402 13.999629068062832 13.999628920116342 13.99964531234291 13.999453020486305 14.001078415349008 13.99744900074557 13.63705428169586 10.951927877787778 2.060360333190246 
3.6312422357388914 11.761595592187005 13.860936783502206 14.01800642550436 13.999262214399481 13.999198402037141 13.999494973722095 13.999446393387453 13.999450098133591 13.999450266892268 13.999450154556076 13.999450177187788 13.999450173931663 13.999450174251878 13.999450174232404 13.999450174229436 13.999450174226068 13.999450174271063 13.999450173957559 13.999450176346802 13.99945016116617 13.999450238173669 13.999450103173283 13.999447491439488 13.999485054926724 13.999240476326564 13.999263692659461 14.017149640990759 13.862468748542407 11.763949843925982 3.6346411665426697 
3.7982511929623937 11.946946927096725 13.944182011987825 14.045769415382217 14.02236478631295 14.022974179438796 14.023272395315741 14.023212618831678 14.023218311307302 14.023218305810145 14.023218188998307 14.023218217301153 14.023218212720389 14.023218213287295 14.023218213239758 14.023218213237728 14.023218213250663 14.023218213209443 14.023218213129434 14.02321821595327 14.023218187726084 14.023218364815447 14.023217839536201 14.023214268194895 14.023279764746299 14.02282838695113 14.02322053614876 14.04576901910547 13.926343068421106 11.945928164434449 3.788893560827157 
3.865910710450279 12.183934665338068 13.859772055229765 13.930587129484373 13.9111987049741 13.91177800140914 13.912011984860712 13.911964700097869 13.911969174742152 13.911969155503966 13.91196907278192 13.911969092316781 13.911969089262533 13.911969089627984 13.911969089597553 13.911969089594221 13.911969089606316 13.911969089629675 13.911969088905249 13.911969096039506 13.9119690475647 13.91196926746817 13.911969075962254 13.91196109157496 13.912046423854036 13.911694385315405 13.909658683724684 13.948426940838898 13.859772101946135 11.87763946316289 3.7346580498704856 
6.537302681832014 10.875131795565173 11.876204478404153 11.944340920425601 11.931787200293037 11.931781588863942 11.931980763066008 11.931950804789645 11.931952430555581 11.931952686911346 11.931952599996254 11.931952614410962 11.931952612807127 11.931952612896199 11.93195261290802 11.931952612904174 11.931952612891559 11.931952613013129 11.931952612108919 11.93195261763752 11.931952593261688 11.931952616588877 11.931953540379801 11.931942132392946 11.93201541812795 11.931884469764272 11.929423481271971 11.945361813590177 12.1825000009914 10.875131513239058 3.1148693695210325 
3.1893999183706394 3.115049600416091 3.7331256524476832 3.786310720671799 3.7790893469889184 3.778757795598011 3.778925230221035 3.7789050254279974 3.77890544643521 3.778905774157101 3.7789056925904374 3.778905704707842 3.7789057035169633 3.778905703549755 3.7789057035687033 3.7789057035622826 3.7789057035602593 3.7789057036170814 3.7789057031065267 3.778905706399412 3.7789056923976343 3.778905694872625 3.778906329318646 3.7788997685364474 3.778928948737919 3.7790636360153043 3.775686416886957 3.795670166422612 3.864377292252648 6.537493382099058 3.1894090515121105 