Step: 2115.0
11.094429984272299 10.944543320013723 11.525410373416257 12.141122931109175 12.808498085899116 13.45529724139219 14.04940394363227 14.576127291222383 15.030385839267359 15.412172184004975 15.724072160414499 15.969775061873985 16.153115167365645 16.277420681289993 16.345060017319724 16.357129342444956 16.313251799408587 16.211472112105913 16.04823709448971 15.818456275855759 15.515639405730141 15.132110860570727 14.659307921254028 14.088186678123146 13.409801682782001 12.616217264797408 11.70226972431346 10.668023375114576 9.536846923811245 8.16583737987375 8.186246851749074 
10.457653800623392 9.995722039698318 10.503595619255355 11.240944104221082 11.995786299551712 12.714566330940007 13.36848642593844 13.945303818776855 14.441310836366597 14.857450920723803 15.197048009707308 15.464398852297894 15.663836642087196 15.799078482298869 15.872762141177244 15.886123220169646 15.83878655240624 15.72865711788223 15.55190159886043 15.303014722306932 14.974966407444713 14.559427978916279 14.047080683841799 13.42802240010114 12.69231853806335 11.830827737303641 10.83651656451879 9.708080481321288 8.446115696008915 7.21393492013772 6.288318524588079 
7.524917869039918 8.384722180758724 9.317610581624308 10.261369891254924 11.157775599340502 11.975871581933188 12.704382263597978 13.339325892758866 13.881463465591775 14.334332032984983 14.702903137312962 14.992599933590553 15.20856036710293 15.35507792695139 15.435181373232814 15.45033151533067 15.400222290771477 15.282678164373985 15.09364208800708 14.827248935664642 14.475979021144934 14.030885454804727 13.481888249213252 12.818127843876344 12.028372367996132 11.101465009874282 10.026871927090209 8.794527950440203 7.403494146980042 5.827350063117635 3.611731990231953 
4.395361997075348 6.604558866586173 8.052295291516053 9.264481084281526 10.324801945347026 11.255968650902329 12.066965716931458 12.764524637747538 13.355253710071999 13.846138254329599 14.244320581175485 14.556673348014007 14.789342115546484 14.947328513384555 15.03414321044132 15.051541163155717 14.999344270123942 14.87535278904684 14.675344316454193 14.393156672177549 14.020847918133967 13.548922177421517 12.96660253397211 12.262118931063723 11.422950135157974 10.435896530797665 9.286616321102525 7.958260734663128 6.4216989979519425 4.5901721247728355 2.383888129221549 
2.9081787088814277 5.121371842847246 6.890723284371143 8.323551225674564 9.536184918062363 10.576530893113798 11.468923586545706 12.228707633276874 12.86774309542748 13.396329696627273 13.823797309108002 14.158521624619839 14.40771084361413 14.577123259914984 14.670794569540512 14.690815163559273 14.637178203915289 14.507708588652596 14.298076197868747 14.001891537162177 13.610876380435874 13.115094671716303 12.503217504237082 11.76277590978093 10.880316628950855 9.84128811387191 8.629320733436519 7.2237260402412 5.592941365196179 3.6981977475354735 1.5071828660115512 
1.8666983710974414 4.066709381923073 5.928515878692633 7.496505048561498 8.824714368681322 9.957241171922698 10.922258894681237 11.73935408579627 12.42368589583827 12.987986912359075 13.443365056369307 13.799507079589995 14.06459529573615 14.245107981601281 14.345597658948355 14.368500194080244 14.314004380205343 14.179997842082345 13.962096084770902 13.653754545421378 13.246456684137167 12.729962796028497 12.092592393930705 11.321494818809366 10.402832932328245 9.321758916610131 8.061973810142705 6.604723583015801 4.929044845619151 3.0153289615475316 0.8541831638685085 
1.1031629936631342 3.272258245363274 5.1672675895128055 6.803326162314832 8.208249805913471 9.410824170284563 10.43554794144802 11.302066230783632 12.026658340463198 12.62332654656098 13.104329413622478 13.48032171775173 13.760271420075341 13.951275101687923 14.058351685360257 14.084264841048443 14.02940485674909 13.891747665504834 13.666899529819831 13.348228605421312 12.927077693951968 12.393044727980355 11.734308014751953 10.937961711327642 9.990315492517613 8.87710959513027 7.583653403298553 6.095218842866451 4.398355820036816 2.48388542136432 0.3511300634425408 
0.5236696409380045 2.6626390287046577 4.565846944990555 6.236864926084002 7.689433166662381 8.941818872352746 10.012769387164813 10.91974079137388 11.678529676608184 12.303389795895527 12.807104305319896 13.200916603633939 13.494352506259851 13.694992545495646 13.808246536279064 13.837169204175689 13.782343165960004 13.641845558233497 13.411306809157088 13.08406354715721 12.651401513141609 12.10287796372427 11.426706495457575 10.610182086809777 9.640125443463518 8.50334747169462 7.187209044388864 5.680464226288697 3.9746461085842157 2.0660696422341336 -0.04191602680610973 
0.07687165179785774 2.189417301198176 4.090905710951133 5.779492094995394 7.261448434618343 8.548189939404734 9.653651262979544 10.592534911246865 11.379360501061695 12.02796746296755 12.551183261632708 12.960515064084422 13.26583475817041 13.475072873028843 13.593948895535314 13.625763602167611 13.571272947588938 13.428656582109804 13.19358830393793 12.859410600588289 12.417410457950114 11.857188580410098 11.167109580681519 10.334818525036823 9.347813901806456 8.194085934472362 6.862863356542367 5.345543416866239 3.6368583452636187 1.7362148928150618 -0.35105197436511315 
-0.27042086841539453 1.8200616166269559 3.716165446335492 5.413327795845786 6.913594016066375 8.22399596683085 9.354861629796526 10.318401517839147 11.12765892144804 11.795745933539992 12.335247358460915 12.757711852056753 13.073198654470946 13.289880519138688 13.413716524126059 13.448210547584727 13.394268625031946 13.250164566267614 13.01161937947694 12.671996368746315 12.222609938325572 11.653141952232708 10.952155334495071 10.107691818681253 9.107941768193408 7.941980547278386 6.600575317173845 5.077066635496789 3.3683037855494846 1.4755528366927777 -0.5947774458723528 
-0.5414674318495396 1.5310816586591822 3.4210517746976166 5.122376493237757 6.634528647582914 7.9616273145785 9.111353761179577 10.093871248866796 10.92084862299539 11.604607802795195 12.157378489657347 12.590641561403482 12.914555075667339 13.137468002778812 13.265531889860219 13.302420860645796 13.249168354477142 13.104126561439687 12.86305223570556 12.519320300090344 12.06426387118617 11.487635543329901 10.778179839569663 9.924301140421155 8.914806130634666 7.7396956855769865 6.39097748265995 4.863464590577464 3.155513253316031 1.2696352198881633 -0.7870959211178971 
-0.7537109113186504 1.3045647890832655 3.189108846807844 4.892882122267848 6.413586052453554 7.753230722638322 8.917476605147375 9.91483579758503 10.75580784822916 11.45200830600479 12.015332844518577 12.45718873297532 12.787817564788735 13.01572688687957 13.147242957134635 13.186192419242278 13.133717543207206 12.988227858784324 12.74549008920043 12.398857500965951 11.939638157433206 11.357598115217337 10.641589507339932 9.780284247547772 8.762981967945787 7.5804471035474785 6.225717772858204 4.694822826988199 2.987347728694403 1.106806199150426 -0.939201384611562 
-0.9210611329817897 1.1261041181173688 3.0067859712267437 4.713112005369782 6.24127969799922 7.5915157438742975 8.767782244430183 9.777221272620416 10.629388410710204 11.335363293234412 11.906830780687452 12.355209412612872 12.69087895950548 12.922536799445721 13.056697273277504 13.09733896496846 13.045700497291389 12.900224339148988 12.656648814683418 12.308249570012475 11.846231760110246 11.260271663432711 10.539199721430405 9.67180455013342 8.647718198829736 7.458317942458414 6.097555234379447 4.5626113371682235 2.8542975574518437 0.9771728950410387 -1.0605735868785375 
-1.0554256284287302 0.9833641078336146 2.8624758715684377 4.573014368499753 6.109486749692379 7.470249006689901 8.657619226269551 9.677544736285986 10.53887724743058 11.252408098702833 11.82982818958952 12.282736541332882 12.621771040578267 12.855895758995555 12.991855544887086 13.033796665571272 12.983048193963963 12.83805947443383 12.594492056081908 12.245468103589097 11.781979793691475 11.193463734101693 10.468538729851279 9.595891360118177 8.565268359373816 7.368494926917049 6.000389224591784 4.459407403732708 2.74787381211473 0.8717581326738006 -1.1598648696453748 
-1.1680320421256891 0.8648347237360071 2.745663058707453 4.463891637104522 6.011578042324617 7.3846632591724 8.583639261663029 9.613395713139418 10.482396023467924 11.201504649172417 11.782743284685946 12.23814580762648 12.578788158322348 12.814016715926956 12.9508724275814 12.993697648264805 12.943911626531838 12.799944612752073 12.557326991589687 12.208936831411197 11.745415271992734 11.155762457228024 10.428124684184713 9.550772091028929 8.513239197065824 7.307548171486114 5.929342650942643 4.378655482650636 2.659994211020721 0.7816045165740951 -1.2458509601666534 
-1.2709921446638055 0.7584001158250625 2.646053664129478 4.37819653179068 5.942712973932667 7.331978721617001 8.54433647072726 9.58388823689816 10.459240557624039 11.181879492305294 11.764616807519154 12.220261860330654 12.560558706310253 12.795377996334079 12.932134959047318 12.975402313752186 12.926692524453182 12.78439306455471 12.543849004110564 12.19759811531599 11.735774077830065 11.146702156712479 10.417716716328705 9.536226975936014 8.491038965285473 7.273892119263652 5.881055278122375 4.314542268199288 2.5822745039152735 0.6965616430500775 -1.3287682389294113 
-1.3797979111792587 0.6492304442734467 2.552592539544263 4.30972188480303 5.900617534257508 7.31225432134379 8.540701378613996 9.590096434958417 10.470143375578116 11.193767701364688 11.775182127630641 12.22838642941598 12.56605140484827 12.798718969285135 12.934252798357592 12.977485848002727 12.930026535412674 12.790201119317212 12.55312476150356 12.21090820547688 11.753021801155366 11.166854097110432 10.438517384657978 9.553964284984533 8.500481914042531 7.268612729674682 5.854477843927114 4.262251814469463 2.5051578052718027 0.6033205573213943 -1.4226644181759753 
-1.5180891412173547 0.5157993491098782 2.4527174602009882 4.25489188329977 5.887525786466603 7.329706703048856 8.576972146337415 9.635417441405 10.51740573549655 11.238421573501991 11.81481732767758 12.262231311259931 12.594507256132667 12.822976964674048 12.955999220031675 12.998678977191016 12.952718322327856 12.81637293160379 12.584505644380808 12.248744967198618 11.797774131931318 11.217798450718893 10.49326605648705 9.607948011939486 8.546515148526716 7.29678144060327 5.852835099758674 4.219308798137917 2.4172484740207665 0.48152860721764396 -1.550068235547888 
-1.7318371431840123 0.3237100307909513 2.332013874686324 4.2189024097990595 5.913487283765662 7.3943233397305645 8.661274190392554 9.725711984618584 10.604803585120354 11.317927871297513 11.884349428621785 12.321743160843177 12.645294063466942 12.867167725099602 12.996207708309434 13.037768614845147 12.993633601393194 12.861991814093585 12.637468504413672 12.31121454626986 11.871079340364776 11.301917760278172 10.586121751538151 9.704519898510076 8.63784897223749 7.3690729738806295 5.886955123178322 4.191757649408887 2.3050246480588483 0.2976842262741635 -1.7561005481366074 
-2.1059179823123344 -0.013541167834989945 2.204815807772735 4.224983346796488 6.000040298170402 7.523005954034064 8.80573492213165 9.868997122681357 10.737147511726599 11.43477483690331 11.984687737289576 12.406816843448977 12.717689989908159 12.930219840168128 13.053635825136446 13.093470293570197 13.05155976478776 12.926048234561122 12.71138976706935 12.398352669469059 11.974037825564759 11.42194985169751 10.72221081993974 9.852084444437063 8.78707137032943 7.502918423645856 5.978963055229888 4.203454611094058 2.1834626426541353 -0.03403040846309079 -2.124997706311994 
-3.338787621466596 -0.389249020829915 2.1364312902636358 4.321536726838759 6.1812989163156855 7.739178930197898 9.02559867601232 10.074465529440252 10.919391324885071 11.591130251074128 12.116284099537442 12.516912277165252 12.810616570898139 13.01078344820452 13.126815039831206 13.16429026548576 13.125053637943383 13.007244457913476 12.805272610042008 12.509734302539716 12.107254584256388 11.58025869372113 10.906730552865735 10.06012738081785 9.009768104307875 7.722125979518131 6.163387771913992 4.303230176963097 2.1182900133973246 -0.4065676018101461 -3.354403068644491 
-9.50203025433715 -2.32811463367934 1.9526773493807992 5.0639571465438555 7.375949140572149 9.088699452550257 10.34894557762818 11.273531777727687 11.95305954810072 12.454239868330765 12.823952360533946 13.094141571170068 13.286244914911295 13.414470829623172 13.487880462690432 13.511546090150132 13.487101964877246 13.41290409085862 13.28387292441349 13.090944560044306 12.819913249967847 12.44934874824136 11.947315071218068 11.266939392358404 10.341517907022391 9.080470525093899 7.367014306632558 5.054538803309876 1.9432034968175784 -2.33689735301961 -9.50817720736713 
-10.431225038316516 -3.5089230380026133 1.7678458191520443 5.521034817232747 8.167161065168399 9.992085115339199 11.225076587662025 12.048300480271461 12.598047042958015 12.969109032367726 13.223201424048181 13.398569888044785 13.518261637825024 13.596001707304657 13.639790580033436 13.653840246226196 13.639468432100703 13.595352480943987 13.517276752179624 13.397239215122406 13.22151469459697 12.967053068966722 12.595593626436756 12.045382402594386 11.22156276044957 9.987787382724196 8.161916274985234 5.514874785655861 1.761199478797108 -3.5150759581573596 -10.435653407429735 
-10.629391753318313 -3.650469818737062 1.864267943199443 5.908052946532212 8.708386348816946 10.560451003682864 11.73720673454806 12.463677074391146 12.906722657069496 13.178725826649638 13.34931195474179 13.45885554195008 13.529767624857092 13.57423058407006 13.598759834941577 13.606570444444602 13.598635396402122 13.573979780730133 13.529387654034775 13.458344599607841 13.348670283053847 13.177950281764815 12.9057827307274 12.462457803885517 11.735423873345573 10.557604529533078 8.703878073607497 5.901560895018908 1.8562539480013784 -3.658499811790017 -10.635314492865415 
-10.372975658362638 -3.2706650676253988 2.2564056552145746 6.311976800512359 9.083620237818348 10.855869417940768 11.924937786852833 12.540503241339701 12.884924495101647 13.076735911434064 13.185768373412465 13.250001364228131 13.288944232859182 13.312315269432863 13.324882592980451 13.3288433730755 13.324838614539592 13.312227056649435 13.28881274198695 13.249832325731482 13.185577547831413 13.076549641443275 12.88475429410282 12.540253075759608 11.92420426891383 10.853699059068447 9.078548319997557 6.302721109864922 2.2431985182251983 -3.28512858276423 -10.383940512296281 
-9.357517306030775 -2.550800304387576 2.821748125470251 6.707059159262125 9.285435296342484 10.862074322953621 11.75610728949064 12.230976438229392 12.471271499986393 12.590239474894819 12.649926422950992 12.68126986285674 12.698644894321967 12.708470010755667 12.713576278260238 12.715162974858938 12.713564590189735 12.708447113667727 12.698613819553842 12.6812426642691 12.64993861192895 12.590370783550615 12.47164808147472 12.231677884120664 11.756841591428119 10.861495798379382 9.280485220655654 6.693953806505694 2.7990292697571264 -2.5784728701122335 -9.3801806096424 
-8.688418309253597 -2.2476191155516685 2.867652929512007 6.489565490522468 8.819283357114138 10.187553227065083 10.922737466553501 11.28619124374282 11.453599412973139 11.527177017389983 11.5592755967724 11.573889913842331 11.581079099937625 11.584828297951542 11.586690098403013 11.587257743191325 11.58668761677551 11.58482402128581 11.581077075840424 11.573907257976384 11.559368556153906 11.52749241696395 11.454436557106169 11.287984808423388 10.925733131592283 10.190816124170263 8.818477525005706 6.47532581195 2.8332554363262394 -2.297470970904779 -8.731450898578093 
-9.023977798461251 -2.825872294846674 1.863164835298643 5.078615709931557 7.102658876152567 8.259826884124069 8.858607296426731 9.139315227343678 9.259271408556248 9.30673195898509 9.324700129459647 9.331596317768527 9.334469127471237 9.335795352741242 9.336410622942847 9.336593084730534 9.33641021149655 9.335795341566326 9.33447458106366 9.331630143845324 9.32484336809008 9.307215767901164 9.26063146329063 9.142543209745174 8.865066739993082 8.270381324995828 7.115167690091887 5.078011088361829 1.8139954694747105 -2.9170564876724168 -9.119157180058213 
-10.024695332233419 -4.320914053711816 -0.461645800697024 2.186254802905484 3.849964759675512 4.790005879096255 5.2659699773924995 5.481623980200029 5.569147296704777 5.601161133565254 5.6119125827630825 5.6153813554823735 5.616551027444689 5.616999122746177 5.617185116588354 5.617237879622725 5.617185096479811 5.616999941212426 5.616558349498721 5.61542202914201 5.612086053136295 5.601766580241058 5.570930077647203 5.486136457932865 5.275913226878729 4.809291748329406 3.88246214647785 2.23455242701847 -0.46168980149236405 -4.556622772266712 -10.207537971814023 
-10.1975658838523 -7.077118645761916 -4.398317163748719 -2.409981872572492 -1.1381127009951708 -0.41885059076773323 -0.05802504941784879 0.10251064219240984 0.16575064262120687 0.18779546988348636 0.1946290247318901 0.196554038407843 0.19707888461245684 0.19723499543027306 0.19728872835249908 0.1973028105497003 0.1972887611444195 0.19723585295816828 0.1970859824305727 0.1965937633048674 0.1948017574161097 0.18841257032047273 0.16761992685535015 0.10742009639067664 -0.04660724644728286 -0.39480633668371573 -1.0900778395347475 -2.3194357505483683 -4.161888164471374 -7.075972455588705 -11.822037561172964 
-12.4301470083359 -11.79029290005433 -10.051903685739022 -8.695014850223151 -7.811969349300657 -7.311169557523474 -7.060474844443935 -6.949613016712569 -6.906403189868964 -6.891606337158677 -6.8871594993546355 -6.885976873668254 -6.88568763853627 -6.885615369167982 -6.885594507218867 -6.885589505967792 -6.885594479199168 -6.885614717853971 -6.8856822382549625 -6.885946417304904 -6.887025981181513 -6.891125100811575 -6.904930340881875 -6.945691986566518 -7.051189161838855 -7.290962885041806 -7.770351689023462 -8.600250815939141 -9.86844011822016 -10.160562961043103 -12.426067144939012 