Step: 3690.0
9.764874501745272 9.56632859196413 10.143577940993236 10.741896085456787 11.408614116280084 12.072585147794198 12.700141099373507 13.273282262541267 13.782702018935678 14.22370201247183 14.594072095983211 14.892909489924564 15.119928240626765 15.275034337185756 15.358053292648842 15.368551049409888 15.30571627593555 15.168286087996249 14.954504583116977 14.662107793305003 14.288331908960716 13.829945857356291 13.283317340939263 12.644538632315834 11.909678468175214 11.075305635780218 10.139761079255438 9.104686378187585 7.992118798395358 6.624990325679448 6.699724613088059 
9.102570529509837 8.54863399528119 9.007829160189045 9.72310566807516 10.4753135344533 11.211852254336387 11.901557925316602 12.528425449067825 13.08408262018095 13.564344628867786 13.967310656010739 14.292282540753641 14.5391151506293 14.70780734515917 14.798234448669625 14.809969573022466 14.74216485963771 14.593476037670955 14.362020181964182 14.045360196081516 13.640512240664425 13.143975753583613 12.551792145590477 11.859652099721194 11.063100849528242 10.15797034525082 9.141218684006189 8.014012330855971 6.775761245702821 5.597742534037055 4.775735203244158 
6.098426207167004 6.853133873365816 7.718645145901343 8.627812383670783 9.517186247070828 10.352064533320508 11.117683284183652 11.805580117209306 12.411306496381538 12.932783901373915 13.369307965240022 13.720895241643786 13.987845013552993 14.17043706219536 14.268719284915457 14.28235804808298 14.210535086355089 14.051880749611836 13.80443647890307 13.465640857592865 13.032334328626085 12.500778406293845 11.86668662962261 11.125267197776255 10.271282682200605 9.299129489047111 8.20304096762991 6.976653228126426 5.623075683607696 4.121685208885247 2.02394783061409 
2.8834630853465764 4.977442806803996 6.346847961406526 7.515474928485359 8.563544536962457 9.509705115757507 10.3584110775923 11.111232311493664 11.769004119489537 12.33259596059051 12.80301708217913 13.18132109404869 13.468456666696978 13.665119309129352 13.771622963516947 13.787797224372373 13.712911138192677 13.545622381310453 13.283949152289527 12.925260639005115 12.46628011076762 11.903092142535419 11.231141171528034 10.445199783420524 9.53926328288324 8.506278681227318 7.3373979229793 6.0206043867316215 4.531129991518326 2.7859651175666187 0.7072848463260446 
1.3026345567928688 3.392133290652015 5.074753522602365 6.45712933616305 7.6530003443929315 8.70637622926171 9.636707571118604 10.453658865380254 11.162815121520257 11.767883563244535 12.271616518280384 12.67616737960995 12.983196959433473 13.193871378416526 13.308818241893569 13.328073717504733 13.251036617445942 13.076436793069616 12.802319705714398 12.426044889825318 11.944291997163264 11.353063088741095 10.647661964594997 9.82261646986042 8.871478840814234 7.78636232797019 6.556929747616823 5.167680947652016 3.5911887402000504 1.7913779367901876 -0.26343723669598573 
0.16329616390421653 2.231325844576863 3.9990877303816714 5.510804396933051 6.818376359042119 7.962136958548724 8.965209479964003 9.84115173139801 10.598426573935685 11.242740406908519 11.778204387437835 12.207896840199526 12.534114913114225 12.758468190904145 12.88189621839031 12.904654934046292 12.826296801008937 12.645657604061773 12.36085520397179 11.969299754594545 11.467709620143049 10.852121299646809 10.11787348720341 9.259532268804794 8.270700945168779 7.143618770566181 5.868363742416457 4.431516229881676 2.8160676877336024 1.0046119594372533 -1.0121706532997201 
-0.700122203687056 1.3287855390418803 3.1229095717856676 4.697466402746377 6.078331153143479 7.290570545224844 8.353498598496019 9.280456484137952 10.08066931770703 10.760721923574524 11.325485898724427 11.778642420948948 12.122952317676578 12.360378791854467 12.49213098346388 12.518671064722383 12.439710917885186 12.254213325328372 11.960404705371898 11.555800264362286 11.037237020869693 10.400904756316333 9.642358944744373 8.756492755473502 7.737438720834498 6.578371191338887 5.271236236081709 3.8067515809706243 2.1753493669773216 0.3698311064730491 -1.6106656406971236 
-1.3798114035452234 0.6108579735885363 2.4066350839224833 4.011301955283685 5.436732389732764 6.697447504653251 7.806863926099522 8.775882931457126 9.61292385682007 10.324463660973592 10.915534236692077 11.390061007244787 11.75105735980833 12.000718710324705 12.140457383911906 12.170909915185588 12.091938718827173 11.902641939681937 11.601378635490349 11.1858108918911 10.652959676276163 9.999267074513863 9.220654347173665 8.312564442382305 7.269983478989937 6.087461040430969 4.75922493857278 3.2795990094726175 1.6440046544234195 -0.14935236281093978 -2.097441651600834 
-1.9256492937677698 0.03064696842021181 1.8184265436515081 3.4361319552906604 4.888180443852623 6.182167656897784 7.326532063814561 8.329173733983929 9.196927539033465 9.935516435281203 10.549671852861282 11.043256491507314 11.419340212762936 11.680229662666079 11.82746867734293 11.861828530350213 11.783303813532175 11.591124968047891 11.283793617994235 10.859142378645776 10.31441691212764 9.646374994302374 8.85139603702015 7.925596739665086 6.864958223661026 5.665493612409612 4.323523028161626 2.836157425298887 1.2020734616263904 -0.5774529621194114 -2.4974820480473703 
-2.3695414665131045 -0.4430104925992946 1.3334091848202638 2.9554935007408116 4.4234114063944885 5.740272557847779 6.910725403176194 7.939924642628156 8.832924836750067 9.594391094681049 10.228479596449683 10.7387815351157 11.12827804422349 11.399291471558879 11.553436700447856 11.59158254562719 11.513833517187441 11.31953988827138 11.007340721051706 10.575241090380771 10.020721620361272 9.34087605028377 8.53257163117237 7.59262909559389 6.518025722357596 5.306137616816385 3.9550521274968125 2.463985800451816 0.833819784978714 -0.9322959026210713 -2.828395548459894 
-2.7336615596359035 -0.8324371449841049 0.9322341171016065 2.55466413844723 4.0324101308042195 5.365547802301237 6.555879785652595 7.606249182671616 8.520026551671169 9.300756025581169 9.951910565107212 10.476708904619981 10.87796562986567 11.157964001385505 11.31835246938243 11.360070720456235 11.283311928197273 11.087526590921492 10.771471099844279 10.333301597773074 9.770711084934039 9.081105372599128 8.26181177175262 7.31031395392142 6.2245078872155535 5.0029770854384035 3.645288626668879 2.152310113558059 0.5265370457735112 -1.2276005765523956 -3.103506262624205 
-3.0346010585253738 -1.1546258123444322 0.5994235717150307 2.2209235234946165 3.70561425824194 5.051330306893897 6.257639454315779 7.325452642299652 8.25664640422788 9.053717060992858 9.71947124089945 10.256751884481247 10.668199504995256 10.956051070415782 11.121980925751645 11.166988892978345 11.091340235621315 10.894560972512435 10.575490388121057 10.132390659057185 9.563111302056976 8.865303569897641 8.036676866956203 7.075285622370971 5.979830857302767 4.749956293228815 3.3865154522892635 1.891785899625449 0.2696118443704964 -1.4745328217069977 -3.3335553980764874 
-3.2856880427707966 -1.4233550040073184 0.32209679904077676 1.9432572160941284 3.4343237665158837 4.791212393489606 6.01156270666398 7.09460905059941 8.04093068169531 8.85212231044988 9.530432557372604 10.078409443835247 10.498579242693529 10.793174516147818 10.96392048916667 11.01188513417108 10.937396195266585 10.740027011660667 10.418651902349882 9.971570677415459 9.396700173355322 8.691828104273887 7.854920332861372 6.884466027449292 5.779835203925121 4.541610169140304 3.1718401211379077 1.6741658712784298 0.05378087562536115 -1.6827598918277127 -3.5278146129332466 
-3.4985360257314513 -1.650649924078521 0.08896225443122856 1.7119457361734332 3.2107995954983717 4.579443904350778 5.813625693488207 6.911036353950312 7.871147753868827 8.694856449119074 9.384041092678627 9.941113058443337 10.368608317493203 10.66884485260511 10.843656386611066 10.894206405848927 10.820883459965424 10.623277676189764 10.300238237831385 9.85001149195332 9.270458709883323 8.559350564388357 7.7147310354633 6.7353350496003905 5.621029240885739 4.373221133777815 2.9951519429698292 1.4919680884538284 -0.12950980856639305 -1.8613106085227857 -3.694978039811659 
-3.68434881129373 -1.8480225216758477 -0.11056009464483577 1.5181761273645766 3.028308283489553 4.411250577830802 5.660647744067515 6.7727121247971 7.746036437207734 8.581106263676423 9.279708447731451 9.844355019243396 10.27777769929554 10.582514786037443 10.760596315160395 10.813326585449433 10.741161016734253 10.543674593352488 10.219620547352012 9.767079566830146 9.183700907266127 8.467036481258038 7.614966099699496 6.626204465389306 5.500864219370273 4.241016599977515 2.851128678001582 1.3381832457889877 -0.2887355400987962 -2.0194561188211995 -3.8440866731868604 
-3.8553981715870225 -2.027838663832997 -0.2872110464316981 1.3537679911510176 2.8813100015471678 4.28325060128666 5.550751409463593 6.6786768671483605 7.6651197931540285 8.510585254230367 9.217160656051448 9.787780249979813 10.225616620458856 10.533602738567566 10.714077698852105 10.76854630377158 10.697543388208942 10.50059651201618 10.17628440229355 9.7223925368425 9.136170831734233 8.414700804414702 7.555379928762559 6.556527666197236 5.418107250952815 4.142529025728715 2.7354271022254237 1.206084227293113 -0.4329986357885788 -2.1678529978325938 -3.985773898788089 
-4.027285213644893 -2.2052515731875024 -0.45285365916214637 1.2112395403370269 2.7660629483052235 4.194161860300871 5.483936582436771 6.629445085137784 7.628976975785445 8.48369968475932 9.19652832876835 9.771224359959318 10.211696400598276 10.521475241014809 10.703337562734902 10.759056695283089 10.689263610878813 10.493407358162568 10.16981086034986 9.715824946191791 9.12809011913639 8.402921421987616 7.53683651067867 6.5272507641518995 5.373366045072363 4.07727887479665 2.645303127653179 1.0893575864513418 -0.5728762263073077 -2.3203312950174517 -4.1343782140825365 
-4.223142916121659 -2.4017441290859014 -0.6212362176221586 1.0848061013538046 2.682221774160962 4.145920176965629 5.462763905140273 6.627388205034268 7.639436869102481 8.501626029059588 9.218354302210976 9.794680765670988 10.235575136497713 10.545379735000722 10.72743896521627 10.783862016188898 10.71539353004485 10.521376523942708 10.199801905421737 9.74744914730885 9.160132721408363 8.433078408066816 7.561462644698968 6.541158120812256 5.369745179066226 4.047884123567384 2.5812268476162097 0.9831495810208947 -0.7211057060654906 -2.4973371164149514 -4.312044378982705 
-4.485945470322064 -2.650532585411473 -0.808452989782083 0.9755173587685896 2.635578360668863 4.145063751008441 5.492986511734128 6.676981004771797 7.699625936401796 8.566257984126743 9.283492809296675 9.858181103543842 10.296674308656803 10.604323345563042 10.78515219938018 10.841660313971051 10.774719911784274 10.583547422481624 10.265741725397673 9.81739553868007 9.233299842607247 8.507274360220329 7.632669382120036 6.603096455603308 5.413464110818236 4.061443627656459 2.5496368676545087 0.8892282703413655 -0.8929925528992632 -2.7312653503265785 -4.560944686311452 
-4.892580651413679 -3.0306238099567966 -1.0066572074835116 0.8988816352703667 2.641059131192673 4.203748797262152 5.58381360777394 6.784752118719751 7.813787967427628 8.679978998163335 9.392876715425075 9.961577680368084 10.394083759077564 10.696898916556744 10.874794756481512 10.9306870437272 10.865580445835318 10.678555667427005 10.366790142910652 9.925620257442024 9.34867013899788 8.628089160264022 7.754955496022839 6.719913312546743 5.514115767205197 4.130556746898637 2.565949466127774 0.8236208914994404 -1.080158304904658 -3.100392468949351 -4.95729084216434 
-6.051985823251645 -3.453031190674801 -1.166127605804554 0.8903563641909984 2.7234457993925543 4.339550294165854 5.747473567851306 6.958800159280222 7.986811528436069 8.845229018390244 9.547139091792156 10.10422518581745 10.526299434152868 10.82106717933318 10.994041332723423 11.048533662274544 10.985670885161749 10.80440560210675 10.501512193185084 10.071576705444581 9.507009974294398 8.798135645376785 7.933425937651985 6.899968379027656 5.684231007637381 4.273132913527589 2.655295500048919 0.8221194582802896 -1.2326032837735548 -3.5156814146781636 -6.10812648894524 
-11.823198253489078 -5.67880290639095 -1.906216816022299 1.002943790770343 3.3430607972411255 5.242716933922062 6.781345762435812 8.02031768030119 9.010895998722111 9.79595130446303 10.410269362897544 10.880951869119954 11.228191416348661 11.466275566242196 11.604587572550656 11.648419474692558 11.599491044484635 11.456128089870594 11.213087876226876 10.861042722064647 10.385767437140455 9.76713720571457 8.978121990412507 7.984013971679115 6.742038583227872 5.201071229210624 3.299957693379917 0.9595980624259163 -1.9480667241839487 -5.716421626473248 -11.849399064028155 
-12.933335141595947 -7.134076283972567 -2.535779314473492 0.9676172374099287 3.689463001181213 5.803455606092566 7.433569281853005 8.679433290769241 9.623957172710945 10.334936288048127 10.86568376741028 11.256236132201463 11.535243389680927 11.722152561346073 11.829247993938306 11.863244059681255 11.826276275209636 11.7162360091366 11.526437407906336 11.244626155521079 10.851383551493385 10.318079820034797 9.604683886311474 8.657874103013807 7.409854335493772 5.777777109909669 3.662224218604622 0.9396706671442884 -2.5628312906485995 -7.157432454402571 -12.949699712496885 
-13.385158742766606 -7.650968509190388 -2.8864940460513013 0.8969351547176311 3.8237532641647234 6.047649538828823 7.706785517993566 8.923990672503852 9.804914675240498 10.436169397767406 10.88501512451304 11.200900867194017 11.418278439829386 11.559849331548644 11.639540122133383 11.664779843063135 11.637895521886913 11.556579128317738 11.41342160490341 11.194515767398928 10.877172458501315 10.42693233419916 9.794301782563696 8.911926481852161 7.6930665125833215 6.031991019874726 3.8060000561389105 0.8774654410347265 -2.906303781187675 -7.6686236386336 -13.397617164703181 
-13.474650727157718 -7.761453319691329 -3.024501100839489 0.7923253232271886 3.7521242544392224 5.970089927946412 7.582947708936357 8.725337682097875 9.517329739920918 10.057883428901631 10.423030222793342 10.66754381443603 10.82858594983394 10.929917864954083 10.985682542586925 11.003235091633995 10.984845310181008 10.928261687252325 10.826149581803458 10.664387601117088 10.419229126054054 10.053500942000065 9.512359634456843 8.719605416678997 7.575984952576863 5.961065429985468 3.740047104036692 0.7766981217685484 -3.0427092354623815 -7.779280301791702 -13.48766731512986 
-13.037579696137586 -7.68484234068622 -3.117793426867173 0.5787333565003682 3.428304766466028 5.529470217354559 7.017235874744346 8.032970184205713 8.705216335280435 9.139557432438732 9.415695342299482 9.589496011315973 9.69757973320676 9.76246959775036 9.79705403838493 9.807814035155358 9.79671146765842 9.761805711969995 9.696642495800713 9.588367622376152 9.41449348937919 9.138414730419298 8.704214157128579 8.031996409107613 7.015738396587535 5.526103346093812 3.4207392037132305 0.5645922401960519 -3.1388220046587185 -7.708663403849568 -13.056594390360985 
-12.844563139132656 -7.887412018836619 -3.580997849308225 -0.11015453352153869 2.5403949579210177 4.467973072923742 5.804934586652915 6.69181814761798 7.25708183754995 7.605578699696706 7.815237336314413 7.939432386703997 8.012135696252217 8.053536416293742 8.074775806711743 8.081278012941732 8.074654659686503 8.053319446216637 8.011882872895958 7.939254276557671 7.815309978483844 7.606141130013194 7.258388095407255 6.694000661563946 5.807709513346249 4.470078772729335 2.5384413984207272 -0.12238803296792679 -3.6073249925721496 -7.923854199670988 -12.875616842316267 
-13.400182785028125 -8.742071341093164 -4.849366117153785 -1.7625450378116039 0.5819774558427838 2.2732510088787974 3.430331171628851 4.1822228011249845 4.647882962370856 4.924255980345034 5.0827027393861375 5.171311710714067 5.220017956037191 5.246129381044207 5.258907415777922 5.2627320509788955 5.258883039132782 5.246110325199995 5.22007685639825 5.171589291513707 5.0834397822746915 4.925819679278459 4.650765137863746 4.186974600810269 3.4373740632303194 2.2823732898524205 0.5910915901459384 -1.7635204113453624 -4.883502672894535 -8.803863269564006 -13.464480521195618 
-14.392314658094698 -10.205145707995587 -7.019483174368029 -4.465955250586459 -2.512683313443489 -1.1049644961938059 -0.14889688553763955 0.4640846175940122 0.8361303323819559 1.0507888443567954 1.1692639425178435 1.2323579276048668 1.265068734764264 1.2815525968934032 1.2892014538362127 1.2914278150860565 1.2892150119649868 1.281611393082968 1.2652518874276875 1.232823721679259 1.170295955024311 1.0528508133759 0.8399206262332 0.4705847704273958 -0.13837497336721077 -1.088700045536144 -2.4889404115404132 -4.432877191950655 -7.019317576237586 -10.364589137931087 -14.51389814196158 
-14.722106168950777 -12.420108308684826 -10.179247625785603 -8.241577502901698 -6.730141636776427 -5.635619602887108 -4.894094170966946 -4.422219821864676 -4.139360463110767 -3.9791182332296064 -3.89292509610912 -3.8486048000749262 -3.8266433262651542 -3.8161417082410507 -3.8115042631757796 -3.8101920105220533 -3.81148051056242 -3.816064851815756 -3.8264391436876615 -3.8481219349577827 -3.8918849462892084 -3.9770467749934793 -4.135498467470051 -4.415388102433002 -4.882421915359449 -5.615908058066783 -6.6957116737247215 -8.180219717794216 -10.01809714738249 -12.41800841810491 -15.840273026347162 
-16.336778969099644 -15.801736248110233 -14.330667649070378 -12.997580848282544 -11.94177347781235 -11.174535460120923 -10.654877617822763 -10.325052210799546 -10.128269691594888 -10.017583507778221 -9.958657378211518 -9.928795019468506 -9.914285659779244 -9.907513520098147 -9.904595321033543 -9.903781666608245 -9.904575435065011 -9.907451656626264 -9.914125695662047 -9.928421695773013 -9.95785642584417 -10.015985122871191 -10.125268832774166 -10.319677318061785 -10.645515293705788 -11.1581627647101 -11.912153370243264 -12.9334253336883 -14.207551835990593 -14.675659875090982 -16.330920089687393 