Step: 2070.0
11.143681680579041 10.995390558912556 11.575769293006015 12.191095830471331 12.857100327313075 13.501567074991089 14.092518250799133 14.615478070361648 15.065618901343925 15.44320298071761 15.751083145424552 15.993197880870795 16.173600598064148 16.295799054651958 16.36229458410116 16.374264716273764 16.33135929392531 16.23159359059086 16.071328933995396 15.84533523457065 15.546932538245585 15.168212070198528 14.700344166098759 14.133997168934906 13.45993362227701 12.669942091593827 11.758625075343403 10.725898103576132 9.595111028404002 8.224620368015675 8.243172020185076 
10.507909104063454 10.049167146812659 10.558171089342135 11.295224330163858 12.048654554604509 12.764939517600958 13.415457215131878 13.988204759404988 14.4797529170753 14.891339185962723 15.226578031457167 15.490037066856676 15.686287542813186 15.819241557540805 15.891681199054755 15.904930397361419 15.858642970377694 15.750691936016727 15.57715119585372 15.332363937651836 15.009094156493786 14.598760027905282 14.091752814730038 13.47785749442181 12.746821218645783 11.889200208431083 10.897700177926646 9.770826132277925 8.509143656063229 7.2756115475751555 6.346264690233735 
7.577990173418286 8.441467973058156 9.376144025863345 10.320001439279064 11.21505575976529 12.030563635245064 12.755473699501303 13.38607850746081 13.92344588197384 14.371433024205494 14.735326169714863 15.020841139917747 15.23337274520488 15.377424697582661 15.456181260169025 15.471198380282393 15.422201212340488 15.306979824778923 15.121377310555175 14.859365425809983 14.513202762768863 14.073669698710964 13.530373458453294 12.872116170614232 12.087320070136165 11.164495524751251 10.092810224672869 8.86195439605043 7.470752868968299 5.892511065608813 3.6726255535533965 
4.451883630852757 6.6651379413428575 8.115042911325917 9.327600026562777 10.386672184576437 11.315199503377476 12.122435844853456 12.815419818709557 13.40109538494925 13.886794348119711 14.27999785046241 14.58789279277853 14.8169000825613 14.972246454264361 15.057608963140469 15.074844310801337 15.023807779480215 14.902262893376182 14.705880582285072 14.42832440570995 14.061415478823285 13.595366259014503 13.019064880204896 12.320378074635926 11.48641135696832 10.50360197108483 9.357274535396922 8.030286038513319 6.493252787883507 4.659218065207852 2.4482985364340566 
2.9685554660967353 5.186137949711685 6.957953560603719 8.391359284058954 9.602831532427006 10.640504591456544 11.529001582145513 12.284000720586015 12.917723972911563 13.440842677370773 13.863048874716178 14.193053406828577 14.438357700293968 14.60495951142228 14.697071392923112 14.71689182405105 14.664449434675255 14.537530175558715 14.331690793595598 14.040356949984266 13.654999009005776 13.165371263432649 12.559788820562432 11.825395971740448 10.948340755054078 9.913681718388558 8.704688421130852 7.300358884516077 5.668882173678956 3.7713300132495116 1.5753500912882599 
1.9311635843551904 4.13589591983884 6.0004297812473855 7.569172217410461 8.896293538973906 10.026118317613653 10.9871207777581 11.799240862409386 12.478022478955625 13.036592953416505 13.486444350483373 13.837618422850035 14.098607718975718 14.276143624489725 14.37496545112042 14.39762316220913 14.344343001013403 14.212971583314866 13.999005232861862 13.695704644734613 13.294288356882063 12.78419024417704 12.153354317157463 11.388521602310107 10.475433569876328 9.398830116941118 8.142032368598986 6.6859621026933995 5.009410872933371 3.0926275289236984 0.9262002565532245 
1.171839091378469 3.345989381367516 5.243977685571736 6.880950344714622 8.28485126056796 9.484695954664772 10.505294571263951 11.36666233914735 12.085483375436949 12.67617574845621 13.151402542857575 13.522192086872186 13.79783850406766 13.98570425304249 14.091004323389765 14.11662208636929 14.062987139183099 13.92803252409191 13.707239766159795 13.393773183306287 12.978698246358448 12.451271102702108 11.799276771213746 11.009381664877624 10.067454116327953 8.958803283998579 7.668343411677219 6.181013379617793 4.483117363051609 2.5653404317363826 0.42699541806038843 
0.5965824898950521 2.740939195580019 4.6473704103465465 6.3194546654532635 7.771059999115872 9.020688709861261 10.087410461627247 10.989066898392249 11.741877704504425 12.360531722944405 12.858235424714962 13.246622909901054 13.53556086522783 13.732907458088869 13.844277083939463 13.872849302150467 13.819247753581545 13.681505006923803 13.455121754000636 13.133222586146546 12.706804715426225 12.16506974565942 11.495821964317061 10.685911203931683 9.72169914642126 8.589549133784976 7.2764133644737035 5.770703919746141 4.063704670604247 2.1515959866241166 0.037722019116108195 
0.1539595605449276 2.272218052547928 4.177165492756934 5.866961950309763 7.348009418514498 8.631965082319704 9.733097290747263 10.666509072748378 11.447160320430962 12.089343483835671 12.606326695401993 13.010023564287012 13.31066025954782 13.51645558729863 13.633341269748357 13.664747513009473 13.611472843989693 13.471650894336653 13.240821341967303 12.912107410553006 12.476497637040243 11.923224723143779 11.240229636582708 10.414696663043516 9.433649303102763 8.284615149661315 6.95640143864502 5.440054042146545 3.7300506920639322 1.8256623658869384 -0.2677787067435772 
-0.1892973228289356 1.9072110859725195 3.8069973966501403 5.505502617475999 7.004905641788429 8.31248828870517 9.438924135228751 10.396839060351219 11.199733158290952 11.861188436787035 12.394246454660145 12.810876682449578 13.121504703471219 13.3346009828321 13.456343535465953 13.490369660043319 13.437629320285174 13.296349103582806 13.062112185407594 12.728056421319058 12.285189172426426 11.722813450431474 11.029055750461406 10.191482862183264 9.197795437371736 8.036591971889683 6.698205528664203 5.175615381629863 3.4654098542730325 1.5687165457590408 -0.5080575220427188 
-0.4565125713099918 1.622357840376603 3.516217204973109 5.219002607840877 6.730324856236939 8.054561818904862 9.199752833252797 10.176491535314998 10.996919810941097 11.673845664639822 12.21997055931075 12.647209246999317 12.966096796748602 13.18528801747615 13.311159032108867 13.347520689360294 13.295451488883096 13.153255465051418 12.916548565093816 12.578475202544828 12.130054238098333 11.560650044104037 10.858559339408526 10.011698574058348 9.008370807913032 7.838086159891549 6.492405458016806 4.965769970414863 3.256267593827958 1.3662679133936675 -0.6971570150478749 
-0.6651779578441709 1.3996925085772411 3.2883116370880816 4.993643938179868 6.513533941201607 7.850260161858053 9.009854383130637 10.001274619433882 10.835509827707329 11.524677441704558 12.081159033866909 12.516807546763802 12.84225078873145 13.066308826378648 13.195536923084054 13.233900956969467 13.182589124391226 13.039962168255798 12.801643861019302 12.460753142187723 12.008278083075137 11.433588639076778 10.72507904156404 9.870921161788301 8.859897451598316 7.682267534574952 6.330609335325637 4.800568543108065 3.091453993072275 1.206632785278617 -0.8462965390009998 
-0.8292337653524962 1.224774815066132 3.109693084961339 4.8176526261809665 6.344999631878533 7.692239742222728 8.863720749432446 9.867047301841694 10.712281502094237 11.41102077574637 11.975449404671046 12.41744217158623 12.747772667382119 12.975455811486064 13.107237956770216 13.147238482263718 13.096742478619557 12.954143345788253 12.715035281089156 12.372457217210407 11.917290233154588 11.338808198669193 10.62537473753584 9.765266855455812 8.747585667110123 7.563188727186126 6.205552713705864 4.671463107072411 2.961445327191087 1.079906721516264 -0.9649660183486727 
-0.9605983163035863 1.0852571458819538 2.968739989217537 4.68095893492915 6.216575562197105 7.574236273981506 8.756661002952175 9.770278397922837 10.624465510135348 11.330548172004006 11.900729920412399 12.347075326936634 12.680621850221792 12.910654121593113 13.044150264512288 13.085397732082203 13.035772200796627 12.89367408276575 12.654620797778188 12.311497139915506 11.854969090471192 11.274066326502773 10.556933082355963 9.691732936088604 8.667666983121427 7.476023916755095 6.111130286207804 4.571031913625375 2.857756933683212 0.9771181918638163 -1.0618121167485974 
-1.0704908492657408 0.9696386006688534 2.8549460667288806 4.574872492661435 6.121634523775231 7.491475916717588 8.685309537183434 9.708528913825047 10.57014490320348 11.281574948246728 11.855366612107055 12.304027170610304 12.639035553179117 12.870059161615101 13.00437126376289 13.046454309692976 12.997773770863432 12.856711620798698 12.61865558420052 12.276247886997878 11.81980384592397 11.237914386801524 10.518244804337126 9.64853065667355 8.617744129549392 7.417350602115265 6.042481256439662 4.492740996308008 2.7723298070653066 0.8893323674189972 -1.145589675756001 
-1.1709985995669354 0.8658313297807608 2.7580499301713326 4.491880162840138 6.055365866739232 7.441198490861686 8.648165878145969 9.680903463610731 10.548593228165926 11.263295828521303 11.838362320051477 12.28708128299393 12.621599974476199 12.852107114129076 12.986246403113771 13.028727665560554 12.98110854872035 12.841729556877361 12.60579644885269 12.265615530488292 11.810998366854632 11.229861800611781 10.509054621487012 9.635439499254273 8.59724008664893 7.385612608916605 5.996285364379399 4.4308212154232 2.69682195841267 0.8064361550547112 -1.2265019009743459 
-1.2775811085634405 0.7590462753228465 2.6670513838794174 4.425839670409381 6.015558179309345 7.423511361973874 8.64624845318067 9.688483578927901 10.560533942608958 11.27592579715619 11.84942436482203 12.295511145672586 12.62725564958768 12.855510209012559 12.988359326208569 13.0307676554156 12.984386930709416 12.847498562452065 12.615084138240888 12.279031054131538 11.82849586020786 11.250464046817429 10.53056090418613 9.654180519013272 8.608002793190964 7.381950408357427 5.971562156683422 4.38052769015607 2.6217374124656065 0.7151669901895841 -1.3185588944376796 
-1.413857601838527 0.6277955302312221 2.569467246725893 4.373281517216598 6.0045515971991845 7.442712438724906 8.68384418888255 9.734685951636198 10.60826703019518 11.320704087479779 11.88891322183354 12.329011027424087 12.655228340708335 12.879193262709823 13.009472870806581 13.051295442892435 13.006403523018905 12.873011033888016 12.64585591367394 12.316356266951958 11.872896211033229 11.301290343635452 10.585504135858752 9.708739909708285 8.655030979169819 7.411519729754015 5.971645570546796 4.339494451040152 2.535762370809442 0.5952131232065524 -1.4442666266435573 
-1.6258589407227024 0.43769274723751594 2.4509933844068548 4.3395882036334505 6.032564071068281 7.5089069253101215 8.769142786050445 9.825394258478491 10.695566464989623 11.399705003211686 11.957642771702874 12.387518826092869 12.704882961859115 12.922174302843445 13.048426204216604 13.089104817979322 13.046029802694306 12.917352721892607 12.697585960748837 12.377688844074946 11.945234891601627 11.38471116854127 10.678041809332697 9.805482873960544 8.747099834271964 7.485113744088194 6.007532917941025 4.313953417036398 2.42548578643128 0.41308331769827983 -1.6488060553137471 
-1.9986905761294118 0.10202428146822495 2.32627894407282 4.348321092504234 6.121385991773404 7.639147645908514 8.914337665409908 9.968636255698947 10.82722756925709 11.515396999743205 12.056509887587016 12.47092849547114 12.775507738703674 12.983400240020295 13.104000125064085 13.142936120976808 13.10207625610495 12.979532130071748 12.769660339159802 12.463063028575549 12.046599152369298 11.5034437103426 10.813284045928679 9.952823578772396 8.896862333195552 7.620313747416812 6.101600806554612 4.328091992282467 2.306199061055129 0.08274638767082526 -2.0166458361515995 
-3.234161169346832 -0.27169972593281855 2.2613325161975233 4.448423763241904 6.305472322308881 7.857022194185798 9.134711351274053 10.173576979825 11.008158259712404 11.66991232234087 12.185952663351772 12.578708281771783 12.866049836211522 13.061558267291822 13.174769354782132 13.211340704409533 13.173142671530506 13.058288002225524 12.86110699806703 12.57206097853795 12.177578829250145 11.659814730145973 10.996380336055228 10.160218039869227 9.11994030304805 7.841089160951254 6.288717419854953 4.431281435972817 2.244330819386092 -0.28794046423116976 -3.248809172903522 
-9.411601241150397 -2.198850659293629 2.0978240654676887 5.210927350038496 7.514853866355129 9.21372418873281 10.45779672590613 11.366404904575242 12.031537466171711 12.520448069792199 12.880076294954632 13.142239304359277 13.328228207321366 13.452148312269209 13.523004581517489 13.545844787619886 13.522296668992755 13.450722665157661 13.326067530979426 13.139323130022179 12.876386212159805 12.515972078250337 12.026271363799216 11.360350498375485 10.450961825185319 9.20613566497132 7.506595434800955 5.202202435681569 2.089030756735801 -2.207014152510883 -9.417315466383725 
-10.334832044066394 -3.3710670929101276 1.9261946667562548 5.680449552821733 8.314174513951615 10.119574092393066 11.331255525622678 12.134855672052463 12.668256315459313 13.026502097870122 13.27088716255578 13.439066041904098 13.553582983922029 13.627821075820119 13.669580958457269 13.68297545554047 13.66929285548147 13.62724001682399 13.552700458552643 13.437871874292501 13.26937090721065 13.024650534111533 12.66604190587936 12.132213228329379 11.32805714038215 10.11563399919751 8.309327071553275 5.674713835878742 1.9199714448866458 -3.376848126095609 -10.338998042755234 
-10.525283310697448 -3.501620969532622 2.034364206874375 6.0774105684606905 8.861610094479593 10.6901244093212 11.842513788005778 12.547795331134225 12.974314987261431 13.234280791701002 13.396423462468613 13.500149165732171 13.567117747105856 13.609025999089967 13.632113994796144 13.639462429054207 13.63200465284507 13.608805423698463 13.56678311603033 13.499698491572763 13.395856707036282 13.233595010047875 12.973481662682433 12.546704886549483 11.840891099585075 10.687479464235901 8.857349095828125 6.0712026837916415 2.026644452488903 -3.5093882764093545 -10.531021069413823 
-10.257478894762377 -3.106229578949276 2.441717250345145 6.493790281497154 9.245689298839407 10.99140831322498 12.034631918372577 12.629093718209303 12.958181752497394 13.139674582876138 13.2420503778002 13.302051526222714 13.338315343816905 13.360035744535177 13.371700217407225 13.375374674250743 13.371662262638424 13.359959518374179 13.3382015290342 13.301905112882254 13.241885819469644 13.139517022393587 12.958043766240786 12.628885895992456 12.033964668034693 10.989344693558799 9.240773046365867 6.484729017280555 2.4287148451564535 -3.120513582371473 -10.26831875385289 
-9.220144725899061 -2.3626351357527606 3.029646641538555 6.907653768372263 9.462078528042401 11.009489394339209 11.877181278538306 12.332251718883912 12.559450076603845 12.670488279485031 12.725607405239042 12.754350559780164 12.770226915810717 12.779189209842768 12.783842427125059 12.785287761653152 12.783832543923303 12.779169790390181 12.770200467150556 12.754327654360434 12.725620469398018 12.670612630175789 12.559809086872901 12.332930155956626 11.87790565224627 11.008939456247264 9.457204025726314 6.894644279622861 3.006995348182686 -2.3902896205507487 -9.242813633895985 
-8.530810561425348 -2.0376008936160948 3.097119647893558 6.709706687069535 9.01356120764233 10.352075356786791 11.061936945508462 11.407590170557393 11.564150230244685 11.631787057915567 11.660845248421191 11.67393504714175 11.680342058514858 11.683678418776795 11.685334424011387 11.685839217103208 11.685332375847478 11.683674838170095 11.680340275154334 11.67394997806805 11.660928071904475 11.63207615337334 11.564936564601668 11.409310224106575 11.064860121916226 10.35530772092779 9.012776986163308 6.695452715173142 3.0625510694782143 -2.0878024517490226 -8.574169065517097 
-8.85362668370264 -2.5993428756260184 2.109920078305837 5.316373509624859 7.315894229174621 8.445615860141165 9.021835346660874 9.287389934326988 9.398659412600242 9.44174211871328 9.457705392727966 9.463726450220822 9.466212069256594 9.467357696717166 9.467889605118684 9.468047423489725 9.467889259545233 9.467357607921377 9.466216377302993 9.463755081344718 9.457832117345191 9.442185070230636 9.399939403336843 9.290496462478046 9.028164187608533 8.456102049943622 7.328454515558393 5.3157860047672925 2.060215463766214 -2.6916273185368746 -8.9499892802312 
-9.84932865064606 -4.088037731978543 -0.2112830458518551 2.4285362211999075 4.070995490525303 4.987648709416075 5.444790185597241 5.648166976194784 5.728940355503635 5.757753770152165 5.767166401858978 5.770122737445909 5.771101217820022 5.771474258563777 5.771629551251044 5.771673709596234 5.771629514076501 5.771474812945247 5.771106976504225 5.7701570418560335 5.767319862276084 5.7583091104576045 5.730622945416242 5.652524058373521 5.454565275689287 5.006869371020187 4.103688261815958 2.47738914754923 -0.2113291057839527 -4.326912255493105 -10.03474544521799 
-10.010986677869546 -6.859825426758686 -4.170717219517271 -2.1895060938671427 -0.9346081110614187 -0.23374894301101862 0.11245112926172277 0.26360841082928527 0.32181923671847057 0.3415684812249623 0.3474981100578378 0.349109797727723 0.349534694922995 0.3496588605669154 0.34970170881157736 0.3497130077235788 0.34970171268438266 0.3496594430441663 0.34954025562161656 0.3491432727278899 0.3476510241141456 0.34213535477384655 0.3235868473205395 0.2683587442512153 0.12369952432820273 -0.20974186369563924 -0.8862126052093883 -2.0978542230115034 -3.9311564886348247 -6.858723140791749 -11.65653418556583 
-12.267446088232786 -11.62530007972315 -9.881240248862232 -8.529784064227828 -7.658779531774989 -7.170939248012856 -6.9304935340352705 -6.826162734092248 -6.7864229970889225 -6.773187512207913 -6.769341110789507 -6.768358127425824 -6.768127944771024 -6.768072339232495 -6.768056385624393 -6.768052531804059 -6.768056380576257 -6.768071898599921 -6.76812371965566 -6.768332467478985 -6.769222873965776 -6.772745187471088 -6.785029261099877 -6.822365810506168 -6.921338766469598 -7.150749407409776 -7.616831417210643 -8.433837262881832 -9.695236080069993 -9.974638478316374 -12.263469341195812 