Step: 360.0
14.17741123003775 14.068932492578504 14.451290030443895 14.789661239445698 15.074011771687179 15.275638468409662 15.405155976065842 15.482375555176402 15.52574254022806 15.548903635783269 15.56074878670261 15.566579565611654 15.56934921650147 15.570610261326669 15.571129784914577 15.571242222256569 15.571017987646808 15.57029629486035 15.568588066004526 15.564805500093865 15.556717337973566 15.53996754626374 15.506456632424058 15.441939712558648 15.32297844610851 15.114073399691003 14.767166866788385 14.226778562902647 13.457298153545677 12.348678689018916 12.313468799236349 
13.65458536371954 13.331665629300796 13.726597122684797 14.168174534152085 14.508360224112339 14.742347664923416 14.88989326545511 14.976877990379503 15.025359998450764 15.05111333450011 15.064231231979242 15.070668513974208 15.073718858950391 15.075105222481344 15.07567604569665 15.075800811092748 15.07555852318848 15.074775539154135 15.072920799479503 15.068811673656905 15.060020027079101 15.041799662648524 15.005310402029517 14.934964543803392 14.805005507507794 14.57613686134458 14.19419113618119 13.595334208698416 12.71507553786499 11.628780062135705 10.516173388756915 
11.042154264513956 12.074361613517645 12.92075186691222 13.565268119660974 14.015787756448741 14.30733829077441 14.484783045698371 14.586977188853268 14.643012825160847 14.672422151093258 14.687264888522456 14.69449605407442 14.6979029639301 14.69944476407391 14.700078766468609 14.700220822280203 14.699963249056195 14.699121720439004 14.697124316964729 14.692693445649143 14.683199838320224 14.663489346865928 14.623923847283113 14.547409711772419 14.405444589856055 14.1538441404241 13.729894866633853 13.052971758132434 12.036850748605548 10.567454455710463 8.126845242183485 
8.341182967930594 10.754353944864663 12.125544901284496 13.025590140986191 13.607800445352325 13.969093690035956 14.182710257526118 14.30322111527435 14.368279933816233 14.402013485923527 14.4188742805177 14.427023939047753 14.430838884829303 14.432556917974653 14.433262524030678 14.433425722675368 14.433155705350062 14.43225969973 14.430127398023409 14.42539005768835 14.415223315878498 14.394073491405921 14.351513074733255 14.268943915794292 14.11509685764908 13.84087186263389 13.374919635688515 12.62222236446422 11.461888005261395 9.719858622272971 7.2600832631533665 
7.340969089133094 9.788760957812332 11.487576033103366 12.591607959708654 13.292574274793198 13.719935686502765 13.969062718736618 14.107953729665029 14.182197122743876 14.2203719219901 14.23931657356502 14.248417390295874 14.252655382851405 14.254556266041531 14.255336545175803 14.255522941275897 14.255243265655603 14.25429848762546 14.25204406021016 14.247028900783672 14.236252484261561 14.21380210435156 14.168547535804414 14.080573434063599 13.916261159556136 13.622550773972877 13.121950332716803 12.31049435281731 11.060389447721713 9.243583075905011 6.772021146009175 
6.7974124855831635 9.263078256076469 11.060069202086902 12.283210389047346 13.068021431447539 13.547083840509059 13.825703793400798 13.980499298370145 14.06292547902034 14.105143666123055 14.126016807572105 14.13600898589863 14.140647313152403 14.14272262617394 14.143574834526545 14.143784455530351 14.143497708430898 14.142511302300884 14.140152009900282 14.134899455249895 14.123606449703175 14.100066734892035 14.052590529774081 13.960254423977698 13.78774996096182 13.479467810031565 12.954698990739718 12.107421301791979 10.816562835360441 8.97040886423578 6.502641548785586 
6.50725385112382 8.971938453126684 10.808875329253524 12.086970040360885 12.92106042781868 13.434541928421474 13.734429057917897 13.90133731266474 13.99025282431596 14.035778996440666 14.058269259200806 14.069023899036663 14.074010289450145 14.076239348090326 14.077155824418561 14.0773868898693 14.077095326976679 14.076075262400446 14.073631048849263 14.068188246090509 14.05648747665124 14.0321044869211 13.982950769011278 13.88742597691559 13.709187436719308 13.39130055043525 12.851975099736965 11.98595667946311 10.67636196481447 8.819208852891206 6.355491593522468 
6.353805215066174 8.815889383148974 10.66874973226592 11.972392666043286 12.832085798180207 13.36576968733949 13.67925672229058 13.85441683916645 13.947971902808073 13.995955301150326 14.019684628433174 14.031038626107119 14.036304534175251 14.038659318415165 14.039629242592142 14.039878693942402 14.039584151974791 14.038538435798554 14.036029599291904 14.030444155087066 14.018443875318798 13.993457207069131 13.943140326295712 13.845491364035164 13.663623235791954 13.340049596583981 12.792825134747092 11.91754261783738 10.599606765197471 8.738310387193959 6.277494912603291 
6.27484420669121 8.734804305457168 10.59411622604375 11.9093246228865 12.781657198851468 13.326169158160916 13.647545638068182 13.827811367407014 13.924390995639996 13.97404622046187 13.998648978873291 14.010438192349739 14.015912205112473 14.018362601484863 14.019373960698749 14.019638102082313 14.019341980645613 14.018277969686512 14.015723133584299 14.010037878738974 13.997832945051929 13.972445806599193 13.92138466205666 13.822434923061639 13.638459660388625 13.311788407060801 12.760551153751743 11.880896445417322 10.559331938061261 8.696542227920407 6.237472219770873 
6.235390550390589 8.694023285278089 10.555910053251107 11.876252431592146 12.754571196040768 13.304550618106724 13.630170060490366 13.813349313557076 13.91174625543771 13.962451106003433 13.98762297087268 13.999704768194901 14.005322407508999 14.007840269795254 14.00888146048017 14.00915652332133 14.008859846067441 14.007783866931181 14.005198824756956 13.999448989898612 13.98711459292272 13.961481362217935 13.909978893614834 13.81029011432191 13.625175639402672 13.296918488834322 12.743740778853367 11.862092564695 10.538987277371954 8.675690936712293 6.217582061898651 
6.216224313462649 8.674117519828252 10.53702010159818 11.859604063418754 12.740677414534929 13.293300195074998 13.62107644979222 13.805810916866658 13.905222768434896 13.956537423178963 13.982051151764605 13.994313612755704 14.000021939910757 14.002583187647947 14.00364391186943 14.003926419066481 14.003629969274417 14.00254734151068 13.999944998640093 13.994158137849345 13.981750179305195 13.955979424112568 13.904236173124495 13.804156450861724 13.618460949067028 13.289426817549531 12.735337610734035 11.852793876519675 10.529035876896062 8.665574253166849 6.2079613082281675 
6.207080193401361 8.664595356615726 10.527919194869535 11.851503335603015 12.733847301269394 13.287726596646738 13.61655884595582 13.80207642763084 13.902012087908004 13.95364772133584 13.979343888167193 13.991703524139867 13.997460768239346 14.000045430133495 14.001116794300344 14.001403677029108 14.001108196116604 14.000023662650795 13.997415032230254 13.99161335871005 13.97917396578663 13.953341519652676 13.901486459768181 13.801221028575831 13.615245902773479 13.285835715390375 12.73130508075119 11.84832870437888 10.524256652700473 8.660716296796013 6.2033419184912075 
6.202590236106362 8.659938723951896 10.523519259127843 11.847655362233358 12.730672564447442 13.285192551276804 13.614539988358047 13.800419866169149 13.900582790083012 13.952347334937764 13.97811029844407 13.9905017894487 13.996273108155517 13.998863636838983 13.999937539942671 14.00022602352876 13.999932461454312 13.998850979852723 13.996247084443985 13.99045174701992 13.97801847687695 13.952186407118761 13.900314232853644 13.799994876391949 13.613904964401918 13.28430043381257 12.72949914181564 11.846216424517666 10.521881815436721 8.658219498372409 6.200938471806636 
6.199850127713976 8.657179460602483 10.52112869624437 11.84584648446119 12.729451528292309 13.284420077357503 13.614030143378294 13.800016844871898 13.900191327147233 13.95192627053237 13.977651804676364 13.990012546551137 13.995763084709562 13.99834141424763 13.999409406749106 13.999696721493406 13.999406527996587 13.998334350856213 13.995748872141377 13.989985881875537 13.977604139882963 13.951844934730598 13.900059160165027 13.799813030945298 13.61373293666245 13.284011703807137 12.72892466149401 11.845210570333538 10.520413623587912 8.65643429332512 6.199136088194297 
6.19687180424084 8.654370029505246 10.519192557319958 11.84505434982571 12.729617173483081 13.285113223917074 13.614831385604846 13.800665210058698 13.900595156089103 13.95210210631658 13.97765806112308 13.989908973161132 13.995595165561566 13.998139015262925 13.99919085905329 13.99947385353949 13.999189289546175 13.998135222818746 13.995587694443623 13.989895289025014 13.977634207933592 13.952062422665866 13.900532257233271 13.80057049539445 13.614696292132527 13.28493125583566 12.729386399428376 11.8447796818109 10.518886910723735 8.654053607240236 6.196569299084863 
6.1912786194613 8.649375258546133 10.516502867190686 11.845107753760887 12.731674171848564 13.287961404369844 13.617497098020172 13.802681603372799 13.901908850957303 13.952856798932558 13.978036179304524 13.990059977827938 13.995620144549703 13.998099176414813 13.999121391912967 13.99939614155539 13.999120566964757 13.99809721233892 13.995616353645094 13.990053192986919 13.978024632867287 13.952838043187723 13.901879803239776 13.802638808681927 13.61743727409739 13.287882253557648 12.731575320339836 11.84499155576084 10.516374756545178 8.649243400798305 6.191152818250148 
6.1783650364389135 8.638340414951415 10.511671713974692 11.847081651871955 12.737844333965938 13.295106450151327 13.62350795554578 13.806905315434747 13.904535878104275 13.954346087139054 13.978815774266831 13.990435672227294 13.995781638472664 13.998154315972045 13.999129078346872 13.999390595160978 13.999128659228482 13.99815333209828 13.995779776223147 13.990432411812472 13.978810350256177 13.954337471690947 13.904522818614781 13.80688645831419 13.623482073324213 13.295072757129077 12.737802831953616 11.847033408513385 10.511618963722222 8.638286403217716 6.17831359941627 
6.146930801395493 8.612373763884834 10.503348259722971 11.85519760917198 12.75406534535166 13.311017467616908 13.635507774957741 13.814691158339961 13.909102449352819 13.956831317491819 13.980089011611465 13.991053990384575 13.996066420952644 13.998278667556395 13.999183466317769 13.999425618898103 13.999183259715725 13.998278189000997 13.99606553180702 13.991052465847071 13.980086529175065 13.956827456327824 13.909096712245036 13.814683026508984 13.635496799565843 13.311003389646269 12.754048220558499 11.855177902753093 10.50332687305312 8.612351968286708 6.146910078888819 
6.063537208998732 8.552470368520583 10.491477010838798 11.885077036672817 12.793105056285665 13.343195837942758 13.6572281669735 13.827728502568103 13.916326092609486 13.960599631929322 13.98196130250776 13.991946488223817 13.99647704494361 13.998463792151611 13.999272215796537 13.999487945134922 13.999272116058165 13.998463564028876 13.996476628498602 13.991945788217746 13.981960185602848 13.960597928775044 13.916323608944227 13.82772504257554 13.657223569348792 13.34319002064715 12.793098061142324 11.885069061249292 10.491468414983952 8.552461646158045 6.063528928962116 
5.855991961523636 8.380649100560019 10.52249919787025 11.974998700217826 12.876194043107267 13.401254857640485 13.692621589860119 13.84756548186117 13.926792417908942 13.96586304559823 13.984503948923674 13.993133265732835 13.997015699153737 13.998705902723371 13.999389691209084 13.999571547243113 13.999389642366124 13.99870579229353 13.997015500805096 13.99313293839835 13.9845034363991 13.965862278313443 13.926791318261472 13.847563974245157 13.692619615352186 13.40125239110411 12.876191108696363 11.974995382547043 10.522495644293164 8.380645512695862 5.85598855954114 
4.618177937916048 8.314788872231125 10.725903904180223 12.188058528463083 13.026984376914573 13.492953044027727 13.74409356326562 13.874917040590256 13.940690313902081 13.972656323140068 13.98771338864796 13.994605075557752 13.997674713989444 13.998999401022616 13.999531543205157 13.999672476197068 13.999531515480736 13.998999338736649 13.997674603116506 13.99460489446561 13.987713108123433 13.972655907561261 13.940689724423367 13.874916239720577 13.744092522618356 13.492951754903522 13.026982856683269 12.188056817580703 10.725902073551813 8.314787025927648 4.618176228812887 
-1.5250478544386208 8.273691442130916 12.009057597655737 13.309948962668019 13.724620402313516 13.876571724070365 13.943797687359483 13.974999353127945 13.989152404960883 13.995396347652667 13.998085491088618 13.999218255743738 13.999685441536451 13.999873422428179 13.999944631734301 13.999962821901693 13.999944630150752 13.999873418870779 13.99968543520907 13.999218245395252 13.998085475190456 13.995396324019785 13.989152370365387 13.97499931294152 13.943797627868245 13.876571623546099 13.724620296678339 13.309948955115932 12.00905764707761 8.273691477753196 -1.5250478135489394 
-1.7409500719021247 7.835574781765602 12.296559893555953 13.641212669233829 13.925902149579063 13.976638620182468 13.990350407509853 13.996038808263132 13.998422444973986 13.999381928592275 13.999761918584591 13.999910175305201 13.999967113752586 13.99998857814446 13.999996270958475 13.99999816887114 13.999996270901397 13.999988578015886 13.999967113529932 13.99991017498351 13.999761917752883 13.99938192893038 13.998422443679093 13.99603878719115 13.990350477718689 13.976638658789938 13.92590180398435 13.641211934855322 12.29655977422725 7.835575310427332 -1.7409493712052044 
-1.7170575604677614 7.908970650432856 12.367087608197124 13.720777247993627 13.971635995659407 13.997001392980035 13.99879364206728 13.999505750134201 13.999826698655355 13.999942601875873 13.999984868026527 14.000000269330442 14.000005800243182 14.000007762733627 14.000008430405737 14.00000858972241 14.000008430404813 14.000007762735574 14.000005800223533 14.000000269352917 13.999984868451278 13.999942597652801 13.999826716304455 13.999505746233725 13.998793322739406 13.99700239365278 13.971637432367723 13.720774933817916 12.367077407992026 7.908959420393938 -1.7170668310255264 
-1.3413079395094354 8.358066485425356 12.5827693745189 13.785917859664904 13.986014636925432 14.00011704021553 13.999806181201407 13.999838183121602 13.999877164799706 13.999887751036972 13.999891465321614 13.999892730193661 13.99989315484484 13.99989329785077 13.999893344081269 13.999893354776134 13.999893344080403 13.999893297849713 13.999893154883399 13.999892729935809 13.999891465943843 13.999887755879126 13.999877104122968 13.999838462078046 13.999806116257897 14.00011181399417 13.986027320754067 13.785948128747364 12.582789708826501 8.358028111905499 -1.3413436632072844 
0.5969591155839712 9.60835148084553 13.119161630132117 13.912669772971727 13.998497448814293 13.99959590231788 13.999394491809124 13.999427311445084 13.9994251226248 13.999425826312562 13.999426092596755 13.999426132369877 13.999426153450777 13.999426159304958 13.999426161122257 13.999426161544774 13.99942616112608 13.999426159288529 13.999426153466512 13.999426132768383 13.999426089027352 13.999425838557325 13.99942517079121 13.999426452170725 13.999398894583125 13.999594975544824 13.998412053241427 13.912799750066075 13.119579390486667 9.60901594059232 0.5973433265659731 
2.1687366828755885 10.549400532486988 13.492413831399375 13.993880913903283 14.008950639751212 14.004789507303885 14.005050368864913 14.005087691009075 14.005076840907774 14.00507795492474 14.005077949149168 14.00507792314761 14.005077927454392 14.005077926514835 14.005077926477362 14.005077926461535 14.00507792647477 14.005077926553042 14.005077927193582 14.005077924104521 14.005077950173522 14.005077914154066 14.005077090143708 14.005087687320062 14.005039095401575 14.004863791974827 14.008952506309972 13.99239789021329 13.492089353923651 10.550236674840825 2.171538214470119 
2.441303078371555 10.837227494415153 13.618258558337871 14.017858331980225 14.013634195787862 14.00886708675487 14.009308743099545 14.009338795185407 14.009326288818306 14.009327841656976 14.009327796735262 14.009327774203959 14.009327780161781 14.009327779284586 14.009327779372429 14.009327779375853 14.009327779359584 14.009327779330341 14.00932778020841 14.009327772028627 14.009327814690902 14.009327771155753 14.009326153248885 14.009342507641097 14.009292861099732 14.00875617182946 14.015120966474885 14.017857556093423 13.591373125365157 10.80808243125211 2.4028896002625113 
2.4900554881729633 10.948999388266959 13.288705434417984 13.604839053352682 13.59896832029824 13.59488605574461 13.59526651522305 13.595293234233976 13.59528268338703 13.595283911361248 13.595283891383742 13.595283870824087 13.595283875602439 13.595283874959678 13.595283875008004 13.595283875013 13.595283875010587 13.595283874883545 13.595283876303549 13.59528386689475 13.595283899992967 13.595284003151377 13.595281460670456 13.595299307528695 13.595277717354687 13.594548140040944 13.599291078580293 13.63172304642984 13.288705821296741 10.5953407983503 2.2699421548207424 
4.701424952040448 9.15824338682468 10.593731114240384 10.826233989255142 10.824980547489636 10.821851343192774 10.822068841956456 10.822100151168156 10.822091913174932 10.822092632415206 10.82209266657012 10.822092645179199 10.822092648955454 10.822092648574829 10.822092648580757 10.822092648588225 10.82209264859628 10.822092648454568 10.822092649591553 10.822092643787597 10.822092651735872 10.822092845448767 10.822090628621325 10.82210053515764 10.822137059206746 10.8213184199903 10.824130447729285 10.85537864862023 10.947390264526751 9.158245546960341 1.4113735921643789 
1.287544199951201 1.4111951187289022 2.2676911046078496 2.420612040698139 2.4223101307435897 2.420051647019578 2.42017051809208 2.420197923181626 2.420191966115893 2.420192385541598 2.4201924312519973 2.4201924132870403 2.420192416144918 2.4201924158927532 2.4201924158886525 2.4201924158952903 2.42019241590335 2.4201924157942063 2.420192416568272 2.420192413240084 2.420192411772774 2.4201925874436885 2.420190949441675 2.42019713148357 2.4202269319167353 2.4197616181841797 2.419495551450129 2.4590252264473715 2.487806168334359 4.701247861252809 1.2875453008359625 