Step: 4050.0
9.52918241458118 9.321055753146618 9.894786326707996 10.48523380077996 11.145305924563377 11.804305127395883 12.428632439653734 13.000113494431456 13.509148403364746 13.950681321968275 14.322119270192289 14.622182824519712 14.850242675335862 15.005917835573847 15.088821961444472 15.098398087483707 15.0338093263574 14.893867212328574 14.676986943222285 14.381163230627521 14.003963938462846 13.542543085622333 12.993682850471078 12.353891179807142 11.6196208288098 10.787752257671572 9.856808391044046 8.82834957062255 7.72392270113066 6.360441752310542 6.445459507073346 
8.862562651059998 8.291305089277293 8.738757994893403 9.444950408748804 10.189625725769785 10.92063165507634 11.606758360786479 12.231780869665684 12.786994650774247 13.267820218393464 13.671937619901298 13.99823775833683 14.246201475621056 14.41551525169398 14.505823855251974 14.516566596676071 14.446867654263013 14.29546347023926 14.060656950784916 13.740292114271421 13.33174578062534 12.831936523085446 12.237357635040459 11.544154592811 10.748296365672747 9.845968044152412 8.834357648392997 7.714673584852542 6.485836569231622 5.320314800400354 4.517088295626494 
5.846383770288106 6.5814316584020585 7.4317153269910445 8.32924856932552 9.209831430681486 10.038395978268877 10.79996189801577 11.48575363225484 12.090931241199117 12.612974036723099 13.050716741987335 13.403727613868735 13.671899442559512 13.8551731156385 13.953346539699968 13.96594085590485 13.892107023139488 13.73056209868216 13.479547926444528 13.13680672057764 12.699569081248212 12.164550990659123 11.527957978370507 10.78549749585802 9.932406149148001 8.963496021919985 7.873329597396709 6.655767083146338 5.31430456250817 3.829128391248112 1.7526621878879638 
2.6173357719901835 4.689884019461326 6.041992637245034 7.197116539395489 8.235045167571386 9.174023513445999 10.018131602839707 10.768537906510025 11.425622356290827 11.98976076178596 12.461456887382443 12.841276848558936 13.129729146648604 13.32714305799096 13.433562497283017 13.448659933564265 13.371670422565984 13.201344002633746 12.93591359530648 12.573074438302992 12.109969629695291 11.543174171510326 10.868665948696943 10.081763692352954 9.176990807076198 8.147777277455189 6.985697377079998 5.679126454631458 4.203719332033322 2.476919490983275 0.4212030816891872 
1.0213618334698864 3.087984519651305 4.751731702940099 6.119147549703132 7.303702920946384 8.349050389348672 9.274228334877359 10.088438533583094 10.796755658140926 11.402344042096438 11.907406219265956 12.313568577371713 12.622017648960172 12.833525553861042 12.948429428860182 12.96659602706387 12.887386571535737 12.709628551713772 12.431596110003133 12.05099692552792 11.56495988391971 10.970013212250944 10.262035315773403 9.436146217264724 8.486477390284222 7.405682207896608 6.183909580236341 4.806089230924271 3.2451626841163823 1.4653209286348812 -0.5650480900670707 
-0.13353819686620427 1.9102353274917079 3.657774689073253 5.153304042819264 6.448543217785005 7.583508200353844 8.580904038845445 9.453792838271085 10.21008446646821 10.854898651574224 11.391754700630546 11.82316526070182 12.150919293113795 12.376204526936505 12.499649369815561 12.521327750784316 12.440750586448361 12.256856172590293 11.968004560781306 11.571975632978942 11.065965760283854 10.446572443994523 9.709748608176 8.850695559025846 7.863640617568661 6.741406697253453 5.474591000110228 4.0502078390495075 2.4515721714762515 0.6614531811556998 -1.3294893018866978 
-1.0126421787149904 0.9906664642603352 2.7633297864931228 4.320609613485282 5.688243351939752 6.891004197137102 7.947786457388239 8.871414003219869 9.67052551785093 10.351080617552233 10.917319708674556 11.372320886465697 11.718303372041603 11.956780733296045 12.088630161927338 12.114118962508776 12.032913173832918 11.844082560955847 11.546108770921316 11.136897739283445 10.61379247676092 9.973577412916743 9.212459901591282 8.326007915605388 7.309016712852106 6.155277639566705 4.8572768195659615 3.406165608842184 1.7926735325758074 0.009732304851030596 -1.9435855438930274 
-1.7079503839435963 0.25580688888178926 2.0289562471357128 3.615348635910024 5.026741843401243 6.277374322413877 7.380238678961333 8.345700208579423 9.181562628343082 9.89364248155561 10.486303126521683 10.962830492246558 11.325663299813673 11.576519550806939 11.71645862168207 11.745909037511266 11.664682740664706 11.471988965150642 11.166454626335273 10.74615304480894 10.208638490743 9.5509803188262 8.769787665517956 7.861215207222973 6.820946507284295 5.644176655525797 4.325691199237212 2.8602505931225815 1.2435613294587038 -0.5260634237280973 -2.4456823536813035 
-2.269200894561086 -0.3410978945973332 1.4229432150349526 3.0214488046507624 4.458731147400387 5.742105956887954 6.879579452439678 7.878496488472404 8.745048127228822 9.484262862628466 10.100166971687356 10.595947477380005 10.974066395423236 11.236324871754945 11.383892418935883 11.417318785668407 11.336543123691195 11.140910776116236 10.829203598453839 10.39968570062646 9.850163055380929 9.17805285334211 8.380457573651565 7.454241299073477 6.396115673854405 5.202766502547619 3.8710897975145593 2.398640277167036 0.7843760304209186 -0.9703312375436347 -2.860645702981009 
-2.7281902898581505 -0.8310975120655898 0.9205249579928849 2.5225480891121896 3.9750417456824048 5.280833681375743 6.444128650302997 7.469505144813032 8.361344825925 9.123583654140191 9.759635337194904 10.272378390025306 10.664152059969965 10.936744304639518 11.091373628635138 11.128673282031057 11.04868700783543 10.850883602664055 10.534194712321097 10.09707730907811 9.537599616471553 8.853547291846771 8.042546190276038 7.102200357126382 6.030250964161219 4.824774650860371 3.484454520331533 2.008961379903733 0.3994591326247447 -1.340812482142491 -3.2060025407710473 
-3.1070073013114294 -1.23642529159708 0.502441378610446 2.1040097662310777 3.565741988971 4.887427699500145 6.07041221634445 7.116939322757993 8.029675453319426 8.811398713690485 9.464800081527732 9.992346551671101 10.396174987825963 10.678003923727601 10.839062302133266 10.880039487943153 10.801062173458613 10.60170293433878 10.281023364815763 9.837652541325962 9.269899374593082 8.57589549166814 7.753764037082578 6.801809797887306 5.718727949620767 4.503832373575307 3.1573078439113207 1.6804889714467808 0.07615768270818009 -1.651170273197648 -3.4950227021751283 
-3.4221807660492014 -1.5740081273000146 0.1532800958251209 1.7531766215458118 3.221331409508188 4.555288885075486 5.754144856244104 6.818185557596257 7.748548895690185 8.546924454294723 9.215293485636726 9.755704611760258 10.170081891094739 10.460065041900801 10.626884264975216 10.67127338436331 10.593425055133855 10.392990989439772 10.069128867640122 9.620596009125968 9.045888020079675 8.343418469224858 7.51173307955986 6.54974886154844 5.457005024105103 4.233908666415609 2.881955191992757 1.4039029937572347 -0.19611363855694458 -1.91253976213137 -3.73841736560252 
-3.6869974023784873 -1.857582160940281 -0.1398006757149967 1.4590680578890896 2.9331404423854375 4.278041210678784 5.490923619768231 6.570369298567006 7.516179513917416 8.329095543034438 9.0104912134294 9.56207236608053 9.985605933559068 10.282691744125826 10.454584328879973 10.502068907573959 10.425394069625206 10.224262639201589 9.897881364439284 9.445069092882928 8.864421680031521 8.154529620930184 7.314240706092506 6.342954050174629 5.240922735326731 4.009530262644544 2.651494491969401 1.1709505913672646 -0.42661718157408335 -2.1345817681896415 -3.9454500945341797 
-3.9130475592546383 -2.0991518878775586 -0.38808162614719727 1.2119629413890578 2.6934190192239824 4.049921712802887 5.276719248698815 6.370818630927425 7.33086678683647 8.156850909673777 8.849716503912092 9.410977449133116 9.842361976930873 10.145516193961585 10.321774409844707 10.371999492464463 10.296493913680157 10.094981316901393 9.766658326765413 9.310316270595303 8.724531920751772 8.007924625712505 7.159473296359771 6.1788790780660845 5.066945774491379 3.8259275110559003 2.45976459986027 0.9741093868832977 -0.6239333990697875 -2.326339683557125 -4.124824503508749 
-4.111521144480713 -2.3102231421138 -0.6021590160559598 1.0030049029884978 2.4953693893068 3.8660846617845355 5.108287789954209 6.217468436380106 7.1913347416711435 8.029392630957716 8.732424489868176 9.301979506779043 9.739926445787978 10.048088528709473 10.227965578477766 10.280542525913487 10.206181548791388 10.004595383260126 9.674900566708136 9.215750768553022 8.625551278807269 7.902755412978442 7.046240988054268 6.055758216068106 4.9324254571123785 3.679218716545287 2.301341248278349 0.8062896847324774 -0.7965893140023608 -2.4971118978758438 -4.285598508311174 
-4.294663971976952 -2.503152682104597 -0.7928117040907027 0.8239200873061615 2.3333171630251326 3.7229991744066075 4.983614468585902 6.109252148279181 7.097038563879595 7.94640655231596 8.658349522679842 9.23476073560683 9.677886911471457 9.98989896931351 10.17257366001244 10.227077470385339 10.15384488343225 9.95254544664876 9.622137313500303 9.16100834327764 8.567208877696116 7.838782356523476 6.974200266040238 5.9729052553900495 4.835957289294606 3.5667520840002354 2.171711499939506 0.6606367245329259 -0.9537577453050431 -2.6575760832487485 -4.438407319447607 
-4.477990520803745 -2.6930432369375428 -0.9719519695347463 0.6670660607436534 2.2032861521157394 3.6191283289094422 4.902468269845947 6.046502154837763 7.048432555846522 7.90822863009075 8.627597533367808 9.209166475490424 9.655847888090765 9.970361339661256 10.154889569349436 10.21084986142665 10.138766325546058 9.938233768959643 9.607969581469511 9.14595598543451 8.549680651731274 7.816488660966624 6.944062996273225 5.931054574790576 4.777886767395285 3.487761090683927 2.0678648559728416 0.5306456922882063 -1.1060934697762268 -2.8215375483289793 -4.59752617763367 
-4.684377872568054 -2.9011983089570674 -1.1533810276477103 0.5263859537055802 2.1045373559710345 3.5560062989866013 4.867063538720828 6.0313256306306915 7.047165989839005 7.915929275851271 8.6406618664859 9.22517970147395 9.673381117995715 9.988749619896199 10.174008182463997 10.230895921304251 10.160045604617656 9.960948480539429 9.63200146351537 9.170640524415692 8.573572682089644 7.83712696324273 6.9577523521265645 5.932700053074945 4.760944241654673 3.4444331273475512 1.989848849596211 0.41116351991025546 -1.2664105213597174 -3.0092825762688173 -4.784860955139132 
-4.956038074254367 -3.160375620693533 -1.3532524573615843 0.4023840219402164 2.0422106423916184 3.539571493197761 4.88267347579508 6.0678529705647275 7.096143718685362 7.971277042966238 8.698338555918314 9.282814562202217 9.729911568377132 10.04408277895067 10.228713379019743 10.285926316533528 10.216479787782307 10.01973832073881 9.693710987455887 9.235162241202913 8.639812542473708 7.902656694133996 7.018437394096226 5.982321550817022 4.790844968678502 3.4432416019635985 1.94342375127338 0.30338751985760753 -1.450092302886313 -3.2527587587381688 -5.041827345449653 
-5.368140810341332 -3.5479344548478537 -1.56448703909935 0.3094862746489613 2.030199971904943 3.581137806288877 4.957891042550981 6.162208075557516 7.199375319306456 8.076541464973022 8.80151956785035 9.381918267759087 9.82453520543076 10.134958260599802 10.317322090109942 10.374172729708494 10.306403404807229 10.11323834597731 9.792256464704417 9.339462167263033 8.749425723907688 8.015529412818863 7.130366236691008 6.086343479824493 4.876545327191465 3.495921322849985 1.9429491212020622 0.22223666967491182 -1.6495533280849286 -3.628583401119201 -5.442908576882448 
-6.51394319866741 -3.977348470587872 -1.739505421092844 0.2812705822176154 2.091793232870878 3.6971856233040996 5.1042213367070985 6.322073060599321 7.361555917076706 8.234107910940653 8.95085182853625 9.521878260433397 9.95577161022025 10.259341230632447 10.4374967639247 10.49320740195163 10.427498059075416 10.239453567106251 9.926220996869626 9.48301916197749 8.903183484797102 8.178292777852613 7.298438124380954 6.252695016106264 5.029836966136419 3.619268878398526 2.0120404355227888 0.20159607124658752 -1.8169730267890591 -4.050247454909243 -6.57921874825832 
-12.213959977603574 -6.248099881690419 -2.577400841457864 0.27139049729520354 2.583810645577954 4.481190529044489 6.035698415233635 7.301803104888232 8.324851495488323 9.143153583191141 9.788330836463356 10.285512091468444 10.653792035411428 10.906920851239532 11.054057529267947 11.100420952008845 11.047722666489053 10.894318749755946 10.635061356406021 10.260868264685392 9.758072316945084 9.10766706564795 8.284616325405235 7.257398918334085 5.987824953912007 4.430711743227026 2.5318335326845127 0.21938801536525243 -2.627375717747676 -6.292852574547084 -12.24510507420834 
-13.357503755288443 -7.755889319724917 -3.295925623197619 0.12803438102822984 2.8183376526273007 4.937343844649155 6.597306729025116 7.886997330126629 8.880434539316397 9.639018915036866 10.212086644147211 10.637631201899202 10.943558386626684 11.149282377410282 11.267327372916801 11.304646537028633 11.263473872325244 11.14161748993166 10.932167521355055 10.622643825162235 10.193673946193114 9.617386004464176 8.855807790380432 7.859614850584084 6.567431909826527 4.905332978969519 2.7847908303301785 0.09403633406344261 -3.3284868191416295 -7.7837982306703255 -13.37699964703675 
-13.857044700393013 -8.34525319199557 -3.738743571211758 -0.04616892526549669 2.848346521775893 5.08462468239326 6.785512884075154 8.059672301321203 9.001495696450592 9.689936914943896 10.187953314173193 10.543245190936616 10.790108949911936 10.95184432063146 11.043135322871759 11.071977555775037 11.0409062669432 10.947415627730724 10.78353969178942 10.53462219050746 10.177382769730606 9.677524542693169 8.9873128620645 8.04371441598344 6.767676788491546 5.064764885198795 2.826485028124523 -0.06945327867782042 -3.761866864306062 -8.365526817649561 -13.87125829546424 
-14.006556150096792 -8.542869320939126 -3.9770355534389976 -0.2557036929194395 2.6749358066635733 4.913935587260393 6.579487986866822 7.789272013968968 8.650359682610613 9.253429538214046 9.670436919744668 9.95510073795876 10.145250331498444 10.26597650864658 10.332715907360626 10.353706025019902 10.33152719323166 10.263624963936007 10.141788747966421 9.950607667288267 9.66500690894047 9.247145567456617 8.643238033379262 7.781174990887163 6.570018729106513 4.902390286151424 2.6605074049340858 -0.2733138258231556 -3.996725342214264 -8.561673832607365 -14.020166441924918 
-13.659757380964539 -8.566752581260834 -4.178293879823917 -0.5763979368073918 2.2517386562146404 4.385193825668765 5.937004194363314 7.029081503849609 7.775821849999833 8.274588773938373 8.60184083009653 8.81350925269039 8.94793181364441 9.02976256512418 9.073702315612396 9.087390741057364 9.073184908546326 9.02875545265533 8.946494257290407 8.811736099115372 8.599858571974217 8.272530217665972 7.773760540255515 7.026902569870967 5.934189316112309 4.380515617741378 2.2431042640154493 -0.591078060321423 -4.199176579804206 -8.589931848213277 -13.678132779234776 
-13.531800727160322 -8.834999715352819 -4.707663068430867 -1.327109966147218 1.3091956954617388 3.2764772777411695 4.683202966779998 5.64941608476748 6.289304121572678 6.700075881738018 6.95733431943939 7.115449898635108 7.21085361085289 7.266356507742353 7.2951855936010945 7.304048393793016 7.294985976572137 7.265989074197247 7.210389373310236 7.1150104691279665 6.9570992024816105 6.700271289809504 6.290150991368025 5.651003988372875 4.685231780319933 3.2777653951342516 1.306641249254707 -1.3391796314460978 -4.732671516903104 -8.86920876952127 -13.560862811184862 
-14.102854208651129 -9.706604202759014 -5.985035212544992 -2.979742943992595 -0.6441049990840582 1.0885504002921844 2.3138487017740106 3.1410565404676656 3.675783246324365 4.008261123857015 4.2083164686716055 4.325594444035484 4.392811151638824 4.430031047246591 4.448625207372458 4.454240426608657 4.448575206839189 4.42996755399478 4.392818266195025 4.325823564819811 4.209008504603679 4.009760047238702 3.6785240851500878 3.14550279139278 2.3203317425726575 1.096836206692306 -0.6359258180992612 -2.9809249820861243 -6.016887130450282 -9.763939045057143 -14.162490187254825 
-15.071750198938375 -11.13356927820295 -8.091052432264794 -5.604168205605559 -3.6553891936541705 -2.209095498698642 -1.1920153117853203 -0.5129896557708011 -0.0814545523163006 0.1805753703768748 0.3333661435731538 0.41945903430023174 0.46656306299685135 0.49141230266275543 0.5033236384330457 0.5068465226832258 0.5033370279053432 0.49147757682637766 0.46677074998125195 0.4199775984210984 0.33447713521364175 0.18271259252948407 -0.07766660128426782 -0.5066952545804471 -1.1820713142445758 -2.19396408112586 -3.633454187246696 -5.573574061184518 -8.090900774418115 -11.281742776069988 -15.184431944302919 
-15.40752755044912 -13.241166860214134 -11.09776090844207 -9.208445595485438 -7.698277579569991 -6.571436271494812 -5.780222542659187 -5.255242621108854 -4.925098520111897 -4.7276988887984155 -4.61502060964247 -4.553297396077343 -4.5206963651019105 -4.50416516751519 -4.496524055300459 -4.494308224849211 -4.496491282962314 -4.504064179856718 -4.520442769884148 -4.552730992459228 -4.6138657792930005 -4.725512246687333 -4.921197428575742 -5.248585899467906 -5.769149390817353 -6.553046861461402 -7.666384764672368 -9.151624032212846 -10.94781948407907 -13.23899640863701 -16.449807109847637 
-16.92279708426936 -16.411454710561323 -15.002443742696924 -13.701428033303504 -12.645722498980707 -11.855124714782978 -11.299981673004892 -10.932422348438378 -10.70219458320781 -10.565364724494444 -10.487925683603269 -10.445998361366014 -10.424186095307691 -10.413321096343429 -10.408384912119768 -10.406967399375379 -10.408356370860787 -10.413237396574795 -10.423983566256407 -10.445555244588043 -10.48703026193548 -10.563671091624858 -10.699157768549288 -10.927181300854441 -11.291097899062827 -11.839848637143806 -12.618284959360428 -13.641967576079901 -14.88815974951984 -15.361129513215003 -16.916864445533864 