Step: 1395.0
12.015346453474072 11.892376225808277 12.455422818283742 13.049810292324254 13.673028656566608 14.254580394052175 14.76643247869334 15.199395145563434 15.554433617716677 15.837589157991843 16.057101465061518 16.221649509059645 16.339233351842356 16.416449681726764 16.458021288338326 16.46649313476098 16.442038417374533 16.382340635928752 16.282537304611445 16.135228653274325 15.930570052379984 15.656479472260518 15.29900219346804 14.842889567135666 14.272483680960406 13.573085454933764 12.733347519730126 11.748750047463512 10.640761021482259 9.289436221593858 9.277512848019176 
11.398594152708343 10.99325258634095 11.512871352396997 12.229455269357688 12.93782739105494 13.58649178968378 14.15155946772533 14.626882427420458 15.015375476640624 15.32457705189691 15.563964475355753 15.74325992142661 15.871323472835282 15.955422349774357 16.000750308400153 16.010114704440625 15.983735819104727 15.919124573538973 15.81102443379714 15.651421516724945 15.429642655461095 15.132573440411797 14.745037310308382 14.250386469117487 13.631376238055688 12.871466143893459 11.956776893534052 10.880475230032168 9.640897233548085 8.393344922088287 7.399698623794744 
8.52222367787595 9.447725181348122 10.40417999407644 11.333544816209304 12.183196488475575 12.92770117126777 13.561733013164245 14.08818421169422 14.515089620431503 14.853164178062858 15.114048942801707 15.309034413810673 15.448146869624901 15.539508619182921 15.58890144787304 15.599475847422397 15.571562091676007 15.502554617449228 15.386858173218076 15.215901122387496 14.978235786893837 14.659755406766012 14.244060326030636 13.713001405674387 13.047417033181922 12.228050460479675 11.236665653767712 10.05649354144867 8.68027810104527 7.075034103458305 4.781188289313617 
5.4631268451207635 7.74545545700788 9.223575466443991 10.425636810184612 11.439825988130888 12.294801541986557 13.006477721439355 13.589211660765926 14.057548781188752 14.426243353491662 14.709626293538681 14.920878173601487 15.071390144282292 15.170265579654455 15.223958888098915 15.236026692158049 15.20696341200743 15.13410066255528 15.011562993272014 14.830287298263153 14.578125789782765 14.240058881456555 13.798540611387333 13.23398019107107 12.525318139588839 11.650564073469658 10.586876072434475 9.309625851609653 7.782940917465913 5.914898378903187 3.623324634195375 
4.055806453296508 6.348741912398247 8.153836370476377 9.579685784135183 10.74663450713535 11.7086210568545 12.497406579386174 13.136594395607393 13.646597189122462 14.046053441974994 14.351987158293706 14.579511263017515 14.741426346606927 14.847855587667796 14.905960401193886 14.919737726077187 14.889884646162754 14.813717069674304 14.685139043244162 14.49467225238233 14.229566297449583 13.874014551289113 13.409492658631734 12.815210389115157 12.068611656639188 11.1457415993814 10.021096140988888 8.66572657565477 7.041325366639499 5.104636634173649 2.8219310282382857 
3.099700478237617 5.386166782559901 7.288570646208657 8.85225167943145 10.135070329720829 11.187258351688797 12.044774627067952 12.735970158413961 13.2851064456181 13.713785324497918 14.041287689224552 14.284446275514776 14.457365603756926 14.57113776882727 14.63361153180842 14.649225814284678 14.618899968448613 14.5399717616965 14.406182485553025 14.207720892515422 13.931348303429962 13.560631087983849 13.076298897375107 12.456722641604902 11.67845957696101 10.716741405361445 9.545668921628188 8.13792514295365 6.465780324181633 4.505405285417413 2.2463703664804813 
2.4242068218708743 4.686545282941322 6.626850869866431 8.261078425068813 9.620851990282787 10.741249444876733 11.654881777317426 12.39060073145354 12.974279710658996 13.429276930607346 13.776468684262888 14.034036918066152 14.217178903372314 14.337835516114861 14.404478231060894 14.42196061696957 14.391425487392334 14.310258901848467 14.172091463877118 13.9668603637904 13.680957108333736 13.297491067126494 12.796693937140427 12.156472796008503 11.35309154724021 10.361933674104636 9.158329684725338 7.718732215430525 6.022837446553146 4.057318945040629 1.8206223917396205 
1.9328448050147597 4.17180166401298 6.1248891897954145 7.79644903528182 9.204097457890429 10.372594916157412 11.329124182731128 12.10075770299607 12.713335758979701 13.19091355043459 13.555299894036942 13.825614458642315 14.017892179076634 14.144766084772044 14.215238002382527 14.234528448689934 14.203989968669877 14.12107207696604 13.979337567964206 13.76854476992625 13.474823558708204 13.080980294086483 12.566965277131569 11.910525521690671 11.088050456835234 10.075614739511476 8.850266783741244 7.3916944747956785 5.684443939746078 3.720662910416446 1.5028910923308774 
1.571948722177068 3.7910299553388103 5.746802441135091 7.4381806067801755 8.875421773596862 10.07666020465364 11.064589770768753 11.863919187695767 12.499629290670429 12.995769544608322 13.374563818813069 13.655709763783504 13.855837243261435 13.988111745531022 14.061964771617331 14.08292647289123 14.052535612894497 13.96831012894486 13.823776175722308 13.608570718699852 13.308648097370048 12.906630445348036 12.382342733928601 11.713565395800748 10.877025081879019 9.849636163030725 8.610007020419205 7.140223246161619 5.427869780718387 3.468119824047408 1.2655218014767593 
1.3063546498620582 3.509576830815724 5.46408957817964 7.166099912301516 8.62177056049028 9.845092650292825 10.855477542811371 11.67551760891108 12.32910908065391 12.83994943415487 13.230353899899566 13.520338966018722 13.726936503846137 13.863707509100074 13.94042082979014 13.96285940828495 13.93272033248545 13.847586610366882 13.700966089736522 13.482412616262671 13.17776197778298 12.76952629205326 12.23749227624476 11.559560405346438 10.712845170127732 9.675034849414741 8.425983616515051 6.949473535626774 5.235028973848279 3.279589508931975 1.0887753814640158 
1.1112734706632947 3.3022973907619577 5.254414761630116 6.962354746318926 8.429855623351198 9.668247438537572 10.69462146658062 11.529889629566222 12.196945309726434 12.719041597932145 13.118436685531544 13.41531793249897 13.626993038367669 13.767319428502578 13.846330604632106 13.870013512575103 13.840195879350405 13.754516339068273 13.606470203857208 13.385545820803761 13.077485929660533 12.664720796109025 12.127021506518163 11.442410669539502 10.588344073428757 9.543142920357207 8.287615555776867 6.806763743529506 5.091425727709272 3.1396742128389628 0.9577749467758001 
0.9682507886270791 3.15017572837845 5.100121270681368 6.81188289996292 8.287591389667512 9.536734225412058 10.574717763023214 11.421169264215552 12.09817200782167 12.628593760016297 13.034621866919515 13.336567797376441 13.551957832472143 13.69489016309239 13.775615306695936 13.800287796138827 13.770841691135894 13.684957940626713 13.53611399904739 13.313730625557781 13.00345240488061 12.587612221604717 12.045931235278415 11.356491604732913 10.496988304309705 9.446221403938196 8.185738392803572 6.701489258796804 4.985328622364554 3.036199070310819 0.8608589074928692 
0.8629188202228845 3.0382937928931666 4.987067200169269 6.702252853582378 8.184660288281727 9.442283084359909 10.489187176956543 11.344010280265083 12.028250479627086 12.564542951345144 12.975093863105622 13.280379389385171 13.498150972681824 13.642734008613042 13.724573693452603 13.749969098900435 13.720941237309791 13.635198259419985 13.486185861124655 13.263238204136185 12.951868845793875 12.53425694342563 11.989986050328191 11.297076412381589 10.433313818606315 9.377820295186558 8.112744271561484 6.624891611262082 4.907101056843183 2.9592056660525787 0.7885043815198571 
0.7834614632674518 2.954395227023501 4.9036682142978165 6.623331583537642 8.11270845260173 9.37824668929486 10.432769208512758 11.294136755552357 11.98352069634225 12.523563601124541 12.936674739901871 13.243614129355144 13.462421032225809 13.607670461945478 13.690001062228722 13.71584464536762 13.6872946939603 13.602071608109927 13.4535705352702 13.231007936646858 12.919710489363762 12.501609153463638 11.956006372422175 11.260668931324277 10.393256452626972 9.333021708493295 8.062621891884547 6.569790451088335 4.848595678140655 2.900101378508773 0.7324345708541309 
0.7192493026992299 2.887599456664383 4.840016845763351 6.566938711418131 8.06545752152106 9.33998250494822 10.401988838961199 11.268773631419668 11.96154495158519 12.503320008743428 12.917002010491672 13.223828339593615 13.442234341048577 13.587092098453098 13.669245026629598 13.695252021490218 13.667267993327831 13.58301287730221 13.435812893320799 13.21473136608284 12.904837647356894 12.487687074730376 11.942096757002174 11.245293500815373 10.374470465427235 9.308703814797198 8.031033263512183 6.530336238454971 4.802523019399341 2.8507346609931803 0.6846358437977497 
0.6591883747658633 2.8268917337770945 4.786964348213948 6.526619969267984 8.038979098225015 9.325333733147412 10.395628747923377 11.267012389766064 11.961354569723849 12.5026162712395 12.914611395920383 13.219314115066146 13.435691742868462 13.578968174788143 13.660202021388269 13.686071695939386 13.6587832431718 13.576048094411442 13.431112996025279 13.212860398742386 12.906032354540274 12.49166179412357 11.94781783169063 11.250779094942557 10.376727619613677 9.303980874855162 8.015607256496914 6.501883884295679 4.761715935202759 2.802123805087702 0.6359520295112687 
0.5890545071909553 2.758880820295889 4.735090500233423 6.497858612504122 8.032491869483517 9.335449894938833 10.415296320075376 11.290127692381056 11.983588130506908 12.521427989037168 12.92891379579856 13.229052849350317 13.44147473647139 13.581789854691202 13.661262751250288 13.686671224920312 13.660259302052037 13.579729423594143 13.438255800983228 13.224537210596344 12.922943924934996 12.51385035102025 11.974281669034028 11.279035483938761 10.402456997385508 9.321024151120664 8.01677865294703 6.481295966276389 4.718237806891038 2.742382251465595 0.5735873303012309 
0.4863638212046699 2.6635377490763648 4.673979719895788 6.479530279881741 8.050438363393248 9.376092128758536 10.466054883802865 11.341777510692113 12.030465973862634 12.560782313657137 12.960051830756385 13.252579652267274 13.458726861965124 13.59446691975763 13.671218285201142 13.695813421194009 13.670514380860471 13.593024704532423 13.456481427517623 13.249443467472002 12.955926616717546 12.555574679872507 12.024106075422472 11.334239268897878 10.457375510222606 9.366388017449612 8.039914120407618 6.46847795869834 4.662766142540092 2.6525805437969097 0.47609855872099466 
0.3049347842109715 2.5075860847090885 4.592043268597594 6.480763468545398 8.106067661719697 9.459202145611632 10.556857929846723 11.427906025255492 12.105497928452131 12.622438785596808 13.008622053240549 13.289762357752128 13.486881785468514 13.61619011114714 13.689141559071038 13.71254328581843 13.68864533027861 13.615175360022702 13.485306662348998 13.28757092782256 13.005752423417842 12.618833615667405 12.101116726861074 11.422738201607473 10.550935129176183 9.452608043211445 8.09894328625411 6.4733063207949755 4.584499002872866 2.500229304182398 0.29804854399859804 
-0.043293427165565015 2.201673825465986 4.510572087944548 6.531425539966562 8.225382199237664 9.603813385016384 10.700266635857895 11.55607481545018 12.212799332368526 12.708330126006496 13.07526333194761 13.340511709946403 13.525458242211966 13.646278181419733 13.714261622293677 13.736070249927497 13.713900704203425 13.645541169336184 13.5243167608693 13.338928105793428 13.073196430144439 12.70574256620383 12.209666009032691 11.552391698429695 10.696059016246606 9.599142431430971 8.220348669978698 6.526169672507241 4.505269009127022 2.196525406671437 -0.0481080865133446 
-1.3200716311643785 1.8699327083012787 4.509735380147384 6.69045551615045 8.44804399168227 9.834951761330325 10.910817012453306 11.733948234696653 12.355929092781372 12.819766745059525 13.160147081768462 13.40446140254159 13.573853410304503 13.684033414086498 13.745849227867705 13.765662510460274 13.745565914003297 13.683455032388881 13.572958010196933 13.403219916899365 13.158527821963505 12.81774107115554 12.353477847167367 11.731068378591441 10.907527842736728 9.831300090822474 8.444107662693114 6.686344577249144 4.50559084774937 1.8659246200957778 -1.3237092746522008 
-7.725157178303098 0.18965778131007582 4.717377861035487 7.771013198941568 9.830754041561553 11.200068471527834 12.10434132420016 12.705733397376124 13.112111147482425 13.390910402800642 13.583389166083458 13.715349679850004 13.80362847817246 13.859481829255241 13.890219937839394 13.899988290475541 13.890131081279224 13.859299813529603 13.803345228685357 13.714954400252244 13.582869817052842 13.390255282238021 13.111309911134548 12.70477694190382 12.10322117716056 11.198778604165074 9.829298998508966 7.769423624672939 4.715728730080506 0.18808930384839387 -7.726250352661939 
-8.54215194372295 -0.8389534622322757 4.744573711931951 8.388262555317514 10.669128527667493 12.031121981800299 12.818083980062008 13.269712363919053 13.534751556544515 13.696640038984013 13.799273191005872 13.865555761136124 13.908042582825363 13.934097374732897 13.948133735909241 13.952549529649323 13.948108338906291 13.9340451849298 13.907960982401436 13.865441271382513 13.799121936736107 13.696447701741803 13.534510873957883 13.269405189148502 12.817668246474192 12.030523887635136 10.668260915182762 8.387082436354362 4.743161385138327 -0.840343090035807 -8.543174597042203 
-8.623005818294157 -0.8212928414917431 4.986357070629285 8.859669728722368 11.20950759266895 12.52503266574128 13.214157190764393 13.561276665499706 13.736450499684562 13.8289243718286 13.881108342540918 13.912200213165208 13.93109493348424 13.942272229648339 13.948153369623435 13.949982495838226 13.94814676752178 13.942258623402232 13.931073588564937 13.912170286510028 13.881069379010118 13.828876468600114 13.73639008203268 13.561176500410598 13.213918931367013 12.5244331928067 11.20821364376486 8.857411711332261 4.983223918093506 -0.8246415923598382 -8.62553642004659 
-8.19328349212062 -0.21487091532901156 5.568473520790069 9.379628139521266 11.628555748083299 12.821770680816647 13.398106242099491 13.657445973113736 13.770737388100661 13.821707180656306 13.84662615521437 13.86001120863387 13.86762723392314 13.87195081770144 13.874168368435177 13.874849569711097 13.874166824566847 13.871947626144895 13.8676222218972 13.860004394272737 13.846618934213941 13.821705344160002 13.77075202489802 13.657467814349756 13.397992798216423 12.821020767402379 11.626194543796846 9.374571695469534 5.5605506937137825 -0.2240315306913332 -8.20034562879087 
-6.795041512847368 0.8994121307221883 6.472343427445827 10.016473861190455 11.992425453038306 12.96110384830299 13.382305055722387 13.547798477317073 13.608861146186328 13.631530630894131 13.640771920958155 13.645111698566337 13.647384491538697 13.648612176959668 13.649223096761824 13.64940799864919 13.649222843344097 13.648611648534184 13.647383640233363 13.645110650561149 13.640772857942473 13.631546342402965 13.608936068739853 13.548017822378306 13.382657642490878 12.960892397938727 11.989316822028437 10.006938394016288 6.4543123641360705 0.8764022580055844 -6.814252847129552 
-5.743944161778268 1.6087484556558542 6.903974711798712 10.138433751516299 11.837973348928276 12.60874715522959 12.91065866579441 13.013672972459798 13.045159785141895 13.054398084016425 13.057345580003437 13.058491701583815 13.05902755578897 13.059298228482506 13.059427393784285 13.05946566317353 13.059427370096659 13.059298176573273 13.059027426158394 13.058491466536282 13.057347593652025 13.054422684846461 13.045301584495931 13.014211431683412 12.912060812231882 12.6109525434008 11.837604015381466 10.125605518462827 6.87024367312449 1.5575054255876468 -5.7886817872050536 
-5.799643611232869 1.3969243933566642 6.295702602724583 9.14809073223406 10.58762669998674 11.207336641359806 11.432566981545962 11.501287993721329 11.51898407445172 11.522993214559554 11.523909907788674 11.524177385834948 11.524284190358829 11.524333770852353 11.524356220817817 11.524362698078987 11.524356220714305 11.524333769991102 11.524284116868207 11.52417702780826 11.523911867540264 11.523027918701738 11.519219524328962 11.50232625411783 11.435880594791206 11.215043328493476 10.599594052343551 9.14786551925598 6.2385292232529475 1.2882306095461302 -5.914445482371246 
-6.629543689634093 0.13094043379989007 4.179788667187743 6.5152472794706 7.68152791671929 8.171742289749877 8.342631961535469 8.391211905284385 8.402253960191157 8.404234639166543 8.404532220515373 8.404585694943766 8.404603060198646 8.404610482492034 8.404613601824378 8.404614465560535 8.404613603498316 8.404610487778925 8.404602983474076 8.40458516408072 8.404533797012139 8.404276428077393 8.402570418620993 8.392742149198535 8.348073032055261 8.186824562058673 7.714131492524249 6.5720786152928 4.179768673305484 -0.16637111208116828 -6.862552818249927 
-6.502992083236137 -2.824172268693542 -0.05849173712488867 1.6736925283146311 2.5541672192904907 2.923728797121806 3.0505044155291863 3.0853249457658243 3.0927070598385313 3.0938377701462847 3.0939480809167463 3.0939547053844785 3.0939564592594357 3.0939573880264843 3.0939577299247314 3.093957813751653 3.093957731546796 3.0939573947936396 3.093956388286557 3.0939541201288203 3.0939491569540243 3.093879227489522 3.0930437362315257 3.087042527072884 3.057005820196039 2.9432781111302817 2.6041935707421633 1.7820646266527953 0.23904421710267712 -2.82379197105695 -8.547562910304931 
-9.180058086952586 -8.527952346532746 -6.757667700921562 -5.587638518010385 -4.980400059660257 -4.724648581754786 -4.637180317023736 -4.613401413801304 -4.608476093060671 -4.607765367272953 -4.607710304567711 -4.607711028943592 -4.6077111903229 -4.6077110109016575 -4.607710957276591 -4.607710949183066 -4.607710956054973 -4.607711005273238 -4.607711243420301 -4.607711496558591 -4.607709620159652 -4.607733393911607 -4.608209573846071 -4.61201346390712 -4.63182134095325 -4.707956223940585 -4.936658456993658 -5.473073223463104 -6.5245288103214385 -6.48095105278682 -9.17807567698198 