Step: 675.0
13.373045678062452 13.273128764392183 13.761457602292651 14.24934213901297 14.715890111705725 15.104846366011746 15.405268424837677 15.624588840874738 15.777518875727488 15.879961188063147 15.946105649348086 15.987313466139152 16.01198595696232 16.02589850420173 16.03267083761932 16.03417747068906 16.030789837852872 16.021393479846235 16.00315191935712 15.97100917335325 15.916951793166687 15.829104008976104 15.690815879036025 15.480024897053601 15.169318944433002 14.727293119158839 14.12215142356088 13.328172839099604 12.349036944139888 11.089042030723178 11.045274836246422 
12.797471315506128 12.458328066635847 12.942731764590075 13.54718450466053 14.08728442810219 14.527365917784149 14.862899516418164 15.10605341722054 15.274815466931722 15.387509901297046 15.460112416361657 15.505269866126524 15.532275242571165 15.54749305739404 15.554904585695812 15.556572928116303 15.552916840407276 15.542735413227108 15.522954656836266 15.488087876944633 15.429431967256411 15.334077231210907 15.18389878123347 14.954821297956354 14.616789527278563 14.135024298831283 13.473222814616735 12.600637069598333 11.495947369484837 10.287802887012763 9.205632420841686 
10.037739373786561 11.043784747826386 11.979421384527825 12.799633833194482 13.471907039956264 13.993004966381816 14.37973375930473 14.655425786814602 14.844743058177057 14.970237304202525 15.050656933199374 15.100478662476437 15.130187341829 15.146901224968236 15.155052983518576 15.156943952871341 15.153069436200973 15.142162233985232 15.120928238684833 15.083467188073055 15.020401154622876 14.917788774404013 14.755992646854486 14.508783269368156 14.143074777670055 13.619727231878926 12.89580235431779 11.927551339072284 10.680299041251168 9.09572537288058 6.697084749064322 
7.134236946400932 9.510330587026226 10.975352036269289 12.068302307768322 12.897025392677476 13.514428499801717 13.961376068232338 14.274869272144304 14.487743945631648 14.627715085521874 14.716868520522727 14.771844918653144 14.804514548918295 14.822859532879594 14.831826129765107 14.833990017671924 14.829946576380932 14.818381903595592 14.795803358340992 14.755925063765812 14.688731560390426 14.579297104082409 14.406525327328984 14.1420816285015 13.749873983320406 13.186411132266995 12.40200033188657 11.342194322062047 9.94187987906036 8.085173664554507 5.676846923202291 
5.9079701488947 8.307512890121771 10.10561254745746 11.420966914035207 12.394083126486153 13.104753189138295 13.611860448944448 13.96374124049254 14.200742462294073 14.355595636279034 14.453736174120495 14.514014144369204 14.549726588758844 14.569749340110207 14.579562560384128 14.582031273756616 14.57786503676675 14.565720893185132 14.541933897758208 14.499873799507611 14.428952817019413 14.313363459848905 14.130712994067556 13.850828148246912 13.435083536241594 12.836564731209922 12.001098833118963 10.868132877828426 9.36908109769479 7.43698765240377 5.026176033959274 
5.1446141990737475 7.551005147340133 9.452109768557364 10.903552347219973 11.98426971032018 12.771953324017872 13.331631710053257 13.71828026615276 13.977643692705952 14.146504324199986 14.253192506710247 14.318549509237597 14.357192924875422 14.378840660322162 14.389483009651626 14.39226637390076 14.388017799686306 14.375379922924862 14.3505451909077 14.306591482378147 14.232447348719901 14.111570672628318 13.920516498365588 13.627685624755848 13.192643555509228 12.566411181944884 11.692965840802922 10.512004768698878 8.96456533328455 7.002794062424035 4.604507884152426 
4.661632136505957 7.057128853161563 9.001748932868034 10.522150117252949 11.672120745320779 12.51578093906939 13.11661190897921 13.53181025114408 13.810150212619945 13.991178879661655 14.105420731657846 14.175324533859477 14.216618550995644 14.239749185477548 14.25115752641397 14.254243878725433 14.249946292878013 14.236904025092597 14.211197678101083 14.165671555409691 14.088870989260174 13.963686146094068 13.765892662712826 13.462908594709344 13.013211500917281 12.36692319874923 11.468046441492689 10.258875081653656 8.686942762357658 6.714362783915937 4.327716143936225 
4.352576318824477 6.737250383632472 8.70008198455806 10.256582379530004 11.447606134632313 12.328436998618795 12.95876202116725 13.395540625843426 13.688783575562356 13.879643304317646 14.000121335042103 14.073842536167943 14.117392083963292 14.141799335533188 14.15387599808462 14.157236185782464 14.152915318242881 14.139556586899609 14.113157809159585 14.066387105686424 13.98750516343652 13.858994438717206 13.656101527188936 13.34563987308225 12.885542485046436 12.225743647226706 11.310952825997218 10.085685811989293 8.501465614331396 6.52530719579681 4.147683706366671 
4.156519470928619 6.532713770923235 8.503270537136117 10.078711829767322 11.293508045782293 12.197636397700963 12.847733538868033 13.299744068173473 13.603928341207704 13.80222828786325 13.92753931948315 14.004275154225333 14.049633147558614 14.075077331385934 14.087704534892442 14.091297746063333 14.086972293033883 14.073379293931605 14.046458876996345 13.998753787053474 13.918325790251812 13.787383450558867 13.580841106997338 13.26517687569577 12.798106436905748 12.129674811338989 11.20530425343686 9.971041577332043 8.380686535130986 6.403744478983673 4.0324827980900055 
4.0340185272964595 6.404268250733745 8.378010597935901 9.963446632129362 11.191800150478162 12.110044364002917 12.77276759367239 13.234950027850852 13.546711087941357 13.750314843929758 13.879151228826023 13.95812646001543 14.004847586442496 14.031083186605668 14.044136533695085 14.047916250969049 14.043599352298145 14.029846298920903 14.002559481710833 13.95419719349875 13.872689280385394 13.740069618642659 13.531055132377162 13.211951738654687 12.74041507469428 12.066666022566553 11.136666292466622 9.897422887695637 8.304012787551297 6.32722915838588 3.960207216384187 
3.958804904523512 6.325145474515823 8.30017307475901 9.890951293778569 11.127013077569423 12.053647056110998 12.724170267165912 13.192851689799314 13.50959187830276 13.71676017765025 13.848007053640648 13.928533309145191 13.976207698746965 14.003001490491865 14.016359341900406 14.020278037059658 14.015979476657476 14.002133249691683 13.97461887976119 13.925840652703656 13.843643978202325 13.709953238681326 13.499367533187572 13.17810176491443 12.703804144893684 12.026842513983432 11.093539787402376 9.85148724204265 8.256489390156256 6.280036689136905 3.915712689342443 
3.9132494998757794 6.277157140476509 8.25279461945905 9.846610676935109 11.087191959045144 12.018847631103004 12.694118407028675 13.166807405749264 13.486644691673423 13.69603897937965 13.82879024134709 13.910280222199406 13.95854308850274 13.98568002375897 13.99922710560075 14.003238868587784 13.998967788984194 13.985091743765526 13.957478378636573 13.908499681855433 13.825947541875715 13.691673690308319 13.480195434001295 13.157659883652592 12.681699917091102 12.002768313637874 11.067412639065285 9.823593016058688 8.227573845214302 6.25128510698716 3.888592275285424 
3.8855019257133336 6.248008527860809 8.224237400885563 9.820192833527777 11.063796412534744 11.998690245199452 12.67691186988017 13.151990797576369 13.47358869419201 13.684180022013573 13.817690158065238 13.899632445829871 13.948151197539458 13.975428208584509 13.989053280777643 13.99311418274843 13.988882130667445 13.975042847255205 13.947461388404733 13.898494039990535 13.815898944914908 13.681471298386942 13.469649300678538 13.146490572990764 12.669558758483976 11.989306544375372 11.052403430438488 9.80708083704526 8.20999282478818 6.233476368544844 3.871679191515691 
3.867390524878154 6.229253295369401 8.20659078326233 9.80485558988725 11.051227497451093 11.988700036318832 12.668926710455322 13.145333889663961 13.467673320759328 13.678590385918953 13.8121796257294 13.89408284862906 13.942526030244066 13.969735883765809 13.983324436989776 13.987390925962732 13.983215058685579 13.96949142885057 13.942093179334023 13.893377732715186 13.811085781006911 13.676960427055683 13.465337766387664 13.142120260397885 12.664690168655975 11.983363176582785 11.044822029171735 9.79755432162292 8.198716994279307 6.221258238773681 3.8597984302887474 
3.8526442682414523 6.214558606074791 8.194305922899309 9.796280104237683 11.046387141517203 11.986694261079297 12.66851280753562 13.145411878921093 13.467514096522352 13.677842842597528 13.810766905502717 13.89208178292835 13.9400755237837 13.966984132703613 13.980407901942884 13.984433884917792 13.98034011101014 13.966833717521354 13.939811996480422 13.891657884455167 13.81011823804392 13.676889733331658 13.466167353736871 13.143583758726633 12.666133410868795 11.983731713375798 11.04286767218074 9.792302391901215 8.190043852308072 6.21024859989591 3.8485574196694166 
3.835016158137435 6.197950233879758 8.183007257156591 9.79212807155079 11.048575161744381 11.992831492647953 12.676011143867541 13.152367145107435 13.472935679695336 13.681467166328085 13.812759343457522 13.89278778380202 13.939866864657692 13.966188590227944 13.979294323584114 13.983227824214827 13.979253506444792 13.966098657704338 13.939710911063267 13.89253996190485 13.812385052638373 13.680924501616987 13.472178909268793 13.151352737253038 12.674706265059703 11.991223987842949 11.046683031966479 9.79000577845024 8.180746241937573 6.195672083214806 3.832858731392841 
3.8055346898199596 6.171510124394803 8.168423665201093 9.792179663651968 11.060099825003213 12.010131256536178 12.693963071360166 13.167882782974171 13.484818936125126 13.689745960183576 13.818045632841335 13.895850680289897 13.94141392029522 13.966790657773625 13.979391113159808 13.98317152695633 13.979367183707232 13.966738288558926 13.941323998295676 13.89570945101237 13.817834988668215 13.689444408331742 13.484403585864705 13.167332541377636 12.693262928481847 12.009277112518447 11.059102879256006 9.791069126846777 8.16724664593271 6.170328060619618 3.8044165573792017 
3.7472791474919758 6.121101807750266 8.145934397274553 9.800028682962555 11.088370270570596 12.045522268395214 12.72740222087693 13.195097499181253 13.504886053873248 13.703483086162464 13.826883796908009 13.901222786747411 13.944505696631126 13.968496553873804 13.980366928525095 13.983923894997709 13.980353209303377 13.968466723581045 13.944454959810642 13.901143992649539 13.826767679060291 13.703318855045257 13.504662486680104 13.194804587066596 12.727033282188643 12.04507624063031 11.087853710440442 9.799456910088455 8.145331275533637 6.120497926209897 3.746708533409457 
3.618745532082424 6.019841557738595 8.111064806176609 9.831041823546911 11.149527882164888 12.110965494499506 12.783823279000803 13.238231523686666 13.535318360807128 13.723703216930424 13.83967897746985 13.908990185045921 13.949069328042253 13.971157440538034 13.982039987800507 13.98529468486529 13.98203220558624 13.971140623630985 13.94904098353931 13.908946638007691 13.839615536806132 13.723614521004205 13.535198961419809 13.238076722948694 12.783630160775347 12.110734004509032 11.149261734904194 9.830748981929732 8.110757320802932 6.019534587195797 3.6184557908063333 
3.334502459398563 5.780563235523419 8.099998996012303 9.924407375562012 11.271815618188691 12.223256016998542 12.872135978071599 13.301651590048664 13.578127958353855 13.751269115641808 13.85675136450323 13.919223062013792 13.955062966321153 13.974683321299253 13.984301449924432 13.987170634908937 13.984296923471016 13.97467359268304 13.955046699355574 13.919198307187525 13.8567156671805 13.751219718306718 13.578062120964393 13.301567028710252 12.872031385942615 12.22313159218926 11.271673492790724 9.924251832407643 8.099836381953486 5.780401605489391 3.334350038924412 
2.037991090152957 5.5695605993229576 8.223297430290538 10.151549476786778 11.493651923440808 12.400481861664632 12.999942903726682 13.388278748404204 13.634335020019853 13.786470826189117 13.878123968771202 13.93185601079374 13.962398901459638 13.978985735697817 13.987066491088036 13.98946891206162 13.987063514888964 13.978979353867057 13.96238826744133 13.93183989558218 13.878100835200106 13.786438961938039 13.634292743376706 13.388224684855956 12.99987630661879 12.40040292489693 11.493562030583126 10.151451331668824 8.223195038956543 5.569459108813456 2.03789784508467 
-4.4684225075665776 4.626480221991296 9.133309464984716 11.521677826171267 12.717831917427123 13.308483806511273 13.613734019488772 13.782037828193307 13.878214626542682 13.93321464604175 13.964123642117137 13.981093751829013 13.990164533423208 13.994826442372032 13.997000343405297 13.997630756914152 13.996999925888328 13.994825542501088 13.99016302288214 13.981091443296089 13.96412030003464 13.933210003289155 13.878208407779534 13.782029820368923 13.613724186034545 13.30847236280572 12.717819188995422 11.521664107864327 9.133295042879752 4.626465811058569 -4.468431606489908 
-5.0180453430181275 3.896831917586716 9.391501683885714 12.104908084278554 13.26142110335427 13.70015080063328 13.863618549962895 13.931729676167603 13.964657428250849 13.981801826607196 13.99078813215941 13.995417496087702 13.997747917323078 13.99888237451253 13.999388711638915 13.999531859656642 13.999388662664291 13.9988822685953 13.997747738649577 13.995417221275119 13.990787732552977 13.981801276735952 13.964656669841158 13.931728501881299 13.863616905119292 13.700149503085077 13.261422389931168 12.104913949453922 9.391512083279752 3.896843702152076 -5.018036310953847 
-5.006111005246804 3.999077860333008 9.593841781696016 12.37768935761267 13.488641453882396 13.850763545489162 13.952303240090766 13.9810097538618 13.99124290978652 13.995865305454048 13.998117192961942 13.99920850267341 13.999726857324452 13.99996614019774 14.000068392142582 14.000096566308413 14.00006838745227 13.999966130034021 13.999726840249133 13.999208476234806 13.998117151326571 13.995865257923406 13.991242962316639 13.981009526901374 13.95229998004254 13.850754814613547 13.48863128421086 12.377693975360199 9.593873390473423 3.9991319641131566 -5.006066626710062 
-4.512372750113306 4.637051428112099 10.055997561871616 12.652668146223741 13.630700953901428 13.917142021601832 13.983080811248644 13.996132220574045 13.999146155714055 14.000222537547074 14.000705008853357 14.000925866841465 14.001025145649544 14.001068680504751 14.001086507414472 14.001091295194078 14.001086507067978 14.001068679722994 14.001025144310201 14.000925866082666 14.000705003706553 14.000222492291215 13.999146290509207 13.996134069357735 13.983079218723192 13.917099039279828 13.630571156677993 12.652442684044079 10.05576586168236 4.636874535712045 -4.512458255512718 
-2.7205870746320886 6.004405907507726 10.955973244362049 13.102103116787903 13.799671294297752 13.966746362842194 13.996059072176095 14.00007864432757 14.000686026864654 14.000851198095624 14.00091746549667 14.000946184152507 14.000958445911111 14.000963546055724 14.000965544843206 14.000966067691563 14.000965544831267 14.00096354607329 14.000958445486196 14.00094618410987 14.00091748075829 14.000851141247315 14.000685525543206 14.000081221654412 13.996085777218031 13.966735384846201 13.79917114875727 13.100617308680631 10.953286450050053 6.00136516445915 -2.7231261563958093 
-1.2385495214690516 7.071865983224707 11.608016505762869 13.378157312999134 13.858513929808085 13.944040555656853 13.952843045945622 13.953303146897273 13.953362417275857 13.953378412004053 13.953381337545666 13.953382538973925 13.953383030363709 13.953383195372494 13.953383250437396 13.953383263499887 13.953383250420098 13.953383195495727 13.953383030322886 13.95338253414447 13.953381362567777 13.953378527085581 13.95336097174923 13.953299923709116 13.952904191570127 13.944438424898832 13.858500773295265 13.372875107078235 11.593836647067082 7.049077151833074 -1.257806536884649 
-0.9059648067515731 7.38736791501072 11.633332310555073 13.153952684519792 13.52306085805721 13.57508835858576 13.57717305288181 13.576820896170634 13.576827265679775 13.576835808730616 13.576835127836453 13.576835009607516 13.57683502704137 13.576835021410647 13.576835019099539 13.576835018649854 13.576835019063932 13.576835021490403 13.57683502806614 13.576834999874665 13.576835132560147 13.576836237217998 13.576825743906552 13.576801824260327 13.577247473463789 13.576296321820491 13.52832683148888 13.153956875452462 11.583018496130117 7.292390894006491 -1.0118033642610527 
-1.1948229259399503 6.901601585097667 10.441276335462382 11.672942578834077 11.96277900784958 11.999774224457973 12.000055016746709 11.999581566371 11.999584237337295 11.999592854311649 11.999592218117956 11.999592103871345 11.999592127959657 11.999592126651784 11.999592126192493 11.999592126270485 11.999592126158646 11.999592126572132 11.999592130093374 11.999592093992979 11.999592171753324 11.999593556573826 11.999584068837432 11.999545661106646 12.000058304470764 12.001960220255423 11.976952688853183 11.723265413095758 10.441275989440673 6.524412036905455 -1.4847545389565107 
-0.10613627838175611 4.2382191365271025 6.5449038919719875 7.430428816066942 7.6447885800829365 7.672366820483193 7.67238775452489 7.671976974314099 7.67197621451323 7.6719836675746755 7.6719832104234165 7.671983105031624 7.671983125954294 7.671983125460045 7.671983125103556 7.671983125188259 7.671983125084747 7.671983125242836 7.671983128466021 7.671983098721997 7.671983125136797 7.6719844013129475 7.671977913070644 7.6719328246284695 7.672310633083813 7.674809641695251 7.667587419326218 7.525415888923712 6.922093343456209 4.238209364080905 -2.8858654885719432 
-3.361763781609365 -2.884567882024356 -1.4662157120560981 -0.8870633921729938 -0.7406948593952472 -0.7214892560215704 -0.7214529426251501 -0.7217488069998722 -0.721750761767391 -0.7217453328132287 -0.7217456316139886 -0.7217457125121888 -0.7217456975534077 -0.7217456977945489 -0.7217456980776983 -0.7217456980178719 -0.7217456980866384 -0.7217456980031303 -0.7217456955561313 -0.7217457158487871 -0.7217457106210999 -0.7217447601287502 -0.7217489078330506 -0.7217838941111775 -0.7215541509518698 -0.7194243474358206 -0.7214267892428499 -0.7812148128156097 -1.1762937311206756 -0.10479921342322733 -3.361726902735443 