Step: 2880.0
10.370976821614182 10.195870582431477 10.778556136020706 11.39109548321897 12.066676109176836 12.733302482671078 13.357549079196612 13.922376808281294 14.419808596474363 14.846673869095278 15.202356359396466 15.487500468923269 15.703221401295377 15.850594685885797 15.930313875109416 15.942459545785113 15.88634960521065 15.760454244306105 15.562365477685924 15.288814620426729 14.935733513548673 14.498358868606493 13.971386736014436 13.3492015693801 12.62624622267711 11.797685095228266 10.860858412568973 9.817189057444702 8.689683375300513 7.316836008064778 7.365901265654474 
9.720004667611345 9.209339900326235 9.694821733274063 10.426955820767445 11.189630120764827 11.929426035645676 12.61575382642831 13.233728887347324 13.776457921688118 14.241431210329031 14.628486872145293 14.938611172340567 15.173182920031131 15.333472407767504 15.420298482204307 15.433793765912295 15.373251291443571 15.237037403573288 15.022561420196906 14.726295285670512 14.343838261833888 13.870024339738155 13.299075939606611 12.624821270769816 11.84102331734113 10.941951306506692 9.923392576376928 8.785935578389795 7.529927697978167 6.323326157584735 5.453474561270575 
6.74750504117267 7.551469810960454 8.452011927331021 9.38417544484741 10.286646449398637 11.126020879812199 11.888581795873808 12.567269224649289 13.159312570401582 13.664480199416186 14.083963726923093 14.419607213264635 14.673359404714546 14.846874679315103 14.941220666263023 14.956668830545082 14.892554423897929 14.747197269602117 14.51787693709666 14.200856301462476 13.791447199198117 13.284111636399011 12.672592514827723 11.95006975078284 11.109342320389711 10.143032868779141 9.043901810331983 7.804494974375257 6.426540837497665 4.887083609621829 2.7350445164280397 
3.5699513065972988 5.717761737615198 7.127350860380056 8.323423627796016 9.38752303280099 10.339713926542919 11.185936217680991 11.929429005496546 12.572914938630399 13.119290123271789 13.571621685251113 13.932936268270023 14.205958553924578 14.392862179708262 14.495057280775098 14.513024632898269 14.446200368772807 14.29291195145982 14.0503634846197 13.714665799802745 13.28090376637389 12.743229514188835 12.094964679043338 11.328684494802474 10.436232536039649 9.408561501805819 8.23506681011783 6.902169960147832 5.38360580123432 3.5949592431978674 1.457586991135467 
2.0297255661561864 4.176829402199264 5.903567524527599 7.316832533366204 8.531275954619097 9.59222469672929 10.520741881190519 11.328356302189466 12.02272410800933 12.609750615054883 13.094404668122422 13.480956516645536 13.772968346231378 13.97318709640045 14.083412620179896 14.104378520666874 14.03566512442345 13.87565396906347 13.62152646903476 13.269303994527318 12.813921256350492 12.249318491487061 11.568528572212351 10.763718547968933 9.826111818189917 8.745636618804477 7.509995953467354 6.1019997096657415 4.492847004280388 2.6455398259121345 0.5281730024963942 
0.9324576794494436 3.061737995743423 4.8770092456824985 6.422515636272917 7.750851569526322 8.903584131316144 9.905492638826317 10.772119188359454 11.514147379556741 12.139636409603172 12.655064015600251 13.065764315319674 13.376058143293697 13.589236663552615 13.7074866915485 13.731807698111542 13.661948837241278 13.49638115297702 13.232311093310528 12.865734313067742 12.391522083954493 11.803525243244188 11.09467088962641 10.257012239159323 9.281666775786766 8.158537001093254 6.875621107277379 5.4177724575455475 3.766709692786 1.9043339719436214 -0.1786456842644462 
0.11172611544150565 2.205462972000491 4.0502352088285845 5.66116782202284 7.064728261332463 8.287174075305126 9.349505814508504 10.267137709264116 11.05163910909318 11.712086136802451 12.255857149831543 12.68902187870834 13.016483150440546 13.24198393926031 13.368054237243795 13.395945444645138 13.325581947922943 13.155547047757858 12.883111120774467 12.504302342076052 12.014013455178995 11.406131205003687 10.67366755135236 9.808863379712305 8.803227777535907 7.647476407275872 6.331390184107218 4.843935925557795 3.1743243335348037 1.3147739990578644 -0.7354319854675588 
-0.5252723553601203 1.5337456002727512 3.383150209708655 5.026571344299914 6.476428756145112 7.7484247241120725 8.85769937227246 9.817306776961544 10.638120922115192 11.329237374451235 11.898326881144069 12.351830546786575 12.695018175283483 12.931960529673912 13.065462830502891 13.096996029810635 13.026651401649472 12.853134475463051 12.573806307814085 12.184773149522625 11.681019357184299 11.056572786127472 10.304687251451538 9.418024531997615 8.388823359124267 7.209068051085196 5.870746219404095 4.36639936099812 2.690242784729946 0.8399499869137307 -1.181240992126182 
-1.0289101275886756 0.9991783340719307 2.8434313319347915 4.502101597451463 5.980133965908883 7.286316741842728 8.430858590646887 9.423892469170175 10.274813947810784 10.9920864613271 11.58320757082057 12.054678973925547 12.411938463591746 12.659261503540403 12.799655550115524 12.834771018875239 12.76484818466963 12.588713178636002 12.30383004792806 11.90641002772833 11.391573905283554 10.753558926955773 9.985958945290156 9.081987395901095 8.034761328235325 6.837627780836601 5.484591820561759 3.9709403233298284 2.294136409997443 0.45494433587711874 -1.5414512130265796 
-1.4315109256637037 0.5701562610363913 2.4057599608023548 4.070859173303493 5.566146335772517 6.895948098993739 8.066738324357189 9.085988730882617 9.961421598025998 10.700563826620657 11.310463885919866 11.797474007854024 12.167053485181892 12.423585786219004 12.570219286323281 12.608746354666456 12.539534417471682 12.361518945174389 12.072263777055548 11.668089543087763 11.14426653133881 10.495264569952223 9.715050107418504 8.797421132281913 7.736376004542506 6.526523843929076 5.163558357236265 3.644821391043721 1.9699593379072549 0.14161570353069736 -1.8339733739238142 
-1.7555968742085672 0.22398428321747366 2.050402560279977 3.717729714057606 5.224048712664142 6.570683742924412 7.761324780335226 8.801221847013451 9.696525002591892 10.45376526522454 11.079436805294346 11.579643141520384 11.959787978322169 12.224308028742133 12.37645484378775 12.418135955099425 12.349825030533687 12.170548205581431 11.877950402412676 11.468441793164844 10.93742081733897 10.279566498641536 9.48918957206496 8.560629778327623 7.4886863950502205 6.269070845398183 4.898872386945283 3.3770263640464995 1.7047645886493628 -0.11399145509260802 -2.0723540320077487 
-2.0180327569274077 -0.056623505243388966 1.761575518026611 3.429676311238419 4.943947312352019 6.3035054127562935 7.509872706921047 8.566464279613948 9.478056505860776 10.25026613054683 10.889057051284002 11.400285865731853 11.78929617527106 12.060572029055868 12.217460760493653 12.261974317697144 12.194676276455152 12.014659417145959 11.719616237859064 11.306002046833854 10.769287161147615 10.104290998431702 9.305586252962193 8.367955752794607 7.286878110291068 6.059011590556248 4.682640463827671 3.158047285622944 1.48778091314869 -0.32319592358961907 -2.267477879054068 
-2.2323371922121957 -0.28564844684714735 1.526189826353276 3.195471403581303 4.716917020895347 6.0877555944778 7.307651421800115 8.378450035046614 9.303764669794852 10.088458555405808 10.738086243106494 11.258347413691762 11.65459080369244 11.931392062504154 12.092219809243344 12.13919827254692 12.072971363941335 11.892670840974281 11.595989630070273 11.17935979675587 10.638232466976351 9.967453519656488 9.161723225114486 8.216119166476517 7.12664885439649 5.8907820392839945 4.507897372716125 2.9795743740514475 1.309682584938624 -0.495729547671793 -2.428679001162522 
-2.410229544784801 -0.4752227360534002 1.3328581745239727 3.005311943086646 4.535135148817137 5.917579223415794 7.150488071959035 8.234286153969952 9.171635886002681 9.966874021894842 10.62535367339105 11.152789669611243 11.554667448907084 11.835746930213954 11.999675694521105 12.048716801520834 11.983592472075504 11.80344348905157 11.505904066433187 11.087292062677092 10.542913834275655 9.867480683965779 9.055628346449328 8.102520257024691 7.004496737010543 5.759703052385655 4.368593577364181 2.8341852493462896 1.1619584334592497 -0.6405968475731565 -2.5646357270772615 
-2.562947811325988 -0.6368771411709373 1.1710250008554706 2.8504566309712214 4.391964621116289 5.788285124462095 7.03523332142631 8.131902359470127 9.080269833032407 9.884470709390538 10.549964376711635 11.08273698312684 11.488605732468699 11.77265166159724 11.93878741243482 11.989457787851233 11.925468327989874 11.745937880901211 11.448373420565915 11.02886799055935 10.48242460103153 9.803409015389851 8.986130975170784 8.025543850719682 6.918032222968798 5.662217180916382 4.259636481337223 2.7150737626242663 1.036284582793152 -0.7669677098722136 -2.6843120790204753 
-2.7027707363249376 -0.7829423853768595 1.0300915332006748 2.7229827895026317 4.282192947531241 5.696815806398513 6.960265217140583 8.07048505226572 9.029212743381489 9.840870357578446 10.51145759467375 11.047576806690362 11.455630306840082 11.741193107278859 11.908549952644035 11.96038167443559 11.897587431785114 11.719233741609251 11.42262681535904 11.003510630039294 10.456398575539927 9.77505049752022 8.953108067142937 7.9848972340994155 6.866392250999687 5.596299259197954 4.177129101733569 2.615887323109935 0.9238128023285813 -0.8853582662356522 -2.7982511958514906 
-2.84539292980514 -0.9285690901573804 0.8984392152677385 2.615907163948735 4.202719464302554 5.642529301300699 6.926112053885551 8.0509125566753 9.019236364206371 9.83652261977454 10.509892997352127 11.046995758659753 11.455116470862517 11.740517944273401 11.907972450692672 11.960454351982666 11.898969025126007 11.722503099799692 11.428090641929057 11.010999594407393 10.465052302089768 9.78310290688128 8.957701982154079 7.981983774807799 6.850812094048941 5.5622124454959 4.119071534368775 2.53091133412828 0.8143051017815727 -1.0095086117554395 -2.9208051264618216 
-3.0143949032313406 -1.0954814287556534 0.7626639128819479 2.5243126461188012 4.154314077634715 5.628422114575962 6.936184868387748 8.076147096959048 9.052518041283511 9.872760504644802 10.54583741540899 11.080931983322243 11.486527749066344 11.769765100642081 11.936008674324922 11.988575313574904 11.92858727653402 11.754929873843574 11.464306406105464 11.051396566016138 10.509138126581917 9.8291661847567 9.002459228029602 8.020256601350908 6.875329979431647 5.563722080819698 4.087136552683124 2.4562433919662383 0.695444124146763 -1.1600404465214187 -3.07450765183767 
-3.2544146577023905 -1.3177505389858193 0.6071463756739974 2.450926415553434 4.144621096242278 5.662638658342363 6.997440123692804 8.151458075936592 9.132641326918089 9.951696665848099 10.62022178196227 11.149426751674186 11.549277111797002 11.827939766288134 11.991440054128331 12.043462349724624 11.985249168704112 11.815573554416694 11.530776448344824 11.124876484635342 10.589776597834897 9.915611686454634 9.091304265470242 8.105419207139875 6.947435892145957 5.6096044725420064 4.089688720994419 2.3954009605148676 0.55245629124647 -1.3701636338304293 -3.3031688841746476 
-3.6463751118357135 -1.6782076470349363 0.44222430151100445 2.4144615260318236 4.191476077978078 5.759581880426319 7.120618826638596 8.28429026318436 9.264317041820133 10.075906740331618 10.734041275456043 11.25236451228481 11.642510782908797 11.913733444175095 12.072718447239168 12.12350081433156 12.06743334029534 11.90318147060677 11.626736293171602 11.231452926499099 10.70813963449152 10.045247768136843 9.22924426140225 8.245281546972816 7.078305715325507 5.71476189591485 4.145114989225475 2.367682292991917 0.39627745972362816 -1.7219976151580938 -3.6870510869760498 
-4.839807637726309 -2.0806759330292603 0.3239585334158415 2.4558248935980966 4.323827640069358 5.939695865618448 7.319676823984319 8.48360310039735 9.452739503788944 10.247859294653097 10.887884306801372 11.389102631904873 11.764824519506403 12.025304052986174 12.177784224481973 12.226573411798825 12.173105420310764 12.015963472742486 11.750863066342538 11.370598004664952 10.864968532420358 10.220738935687264 9.421716505190329 8.44909458672311 7.282232734112746 5.900013550451989 4.28276199867465 2.4143919507115132 0.28333403411017194 -2.119151315905832 -4.874367439959109 
-10.790565339121256 -4.180974661053626 -0.1599509733301661 2.8743913413423505 5.244104700429517 7.102638935003844 8.553957282834718 9.681402525056617 10.553609017806977 11.225546853002587 11.739401339567918 12.126203090166285 12.407911053109498 12.599448255806152 12.710352091756057 12.745915826368577 12.707836201890226 12.594421973375153 12.400389221707396 12.116216531547796 11.727004196561214 11.210822087671382 10.536670639174616 9.662397143027354 8.533074177121396 7.080142982879817 5.220403335878274 2.850134422652489 -0.1837368659789042 -4.202613786133832 -10.805670982884626 
-11.813906199566258 -5.5021103289239575 -0.5682320070236849 3.096793556257622 5.842440774991573 7.881513692456596 9.377058910747484 10.462453132265882 11.245624102046374 11.81001343681512 12.216732012124467 12.508273301587794 12.712852679604385 12.848407865402573 12.92571142921505 12.950458782636476 12.92442663644937 12.845840153945723 12.70900796060749 12.5031643563867 12.210378785978197 11.802436222804335 11.236826168383734 10.452396712684848 9.365654649454829 7.868661755744536 5.828162412371695 3.0814543234176184 -0.5836628138819463 -5.515777275320924 -11.823579519128524 
-12.142250038069545 -5.8337971990694175 -0.6904000052505777 3.272630077320264 6.212329230133697 8.331413171748773 9.818894609967426 10.840774475061677 11.53316642122795 11.999992271175895 12.315336228899865 12.528826547097212 12.671950096450319 12.76373311671748 12.815038752968542 12.831374993860413 12.814419597374693 12.762497193299824 12.670104162814317 12.526383847759817 12.312314081371065 11.99639678833514 11.528954266357148 10.835788563246753 9.812798051477811 8.323697804350335 6.2025073454316395 3.2606595923680506 -0.7036069487911218 -5.846189957357006 -12.151170297030085 
-12.069967229510963 -5.7119112589795105 -0.5680420091448074 3.4302957383710306 6.384277064880827 8.467585931933083 9.878292842684608 10.801624521777708 11.391229895425491 11.762916969140852 11.99703789871351 12.14545411821637 12.239616461984458 12.297592523318274 12.329184655252527 12.33915271374188 12.328911028105196 12.297050029343694 12.238818039776833 12.14442607554825 11.99582136415151 11.761552760097327 11.389704983910242 10.79975618530363 9.875550253434392 8.462944278002114 6.376383848691615 3.4182041832686725 -0.5836882880643319 -5.7281587759695345 -12.082070360094491 
-11.37815992206544 -5.350190401224643 -0.36086496740768537 3.505745559789281 6.319957112514835 8.251867796911393 9.50890007637287 10.289001991532581 10.755040134246252 11.026629200509557 11.183588332401841 11.274936482337086 11.328703698225269 11.359974674837265 11.376408528476281 11.381518496046132 11.3763145845104 11.359794047242692 11.328457140048865 11.274670496010218 11.183389364066285 11.02662460123179 10.755351182196785 10.289591501488415 9.509250816403421 8.250472423326805 6.313975102464324 3.4920665650112666 -0.383011456800275 -5.37626024454675 -11.399243944160236 
-10.988666983390678 -5.347565929868166 -0.6162605297945694 3.0109628505940607 5.604965732367218 7.3444091064893735 8.44004765436279 9.090842107300993 9.458048694747879 9.657248309335422 9.7629910785189 9.819102672016454 9.849338146028998 9.865707802644394 9.8739127867357 9.876411936634582 9.873886287934793 9.865664030266055 9.849304860141997 9.81914681868864 9.763250437373976 9.657961745748816 9.459546548773954 9.093418985600403 8.443590446861943 7.347615908016896 5.603797449459587 2.9976990681182687 -0.6466196839827231 -5.390486238673341 -11.025454722977125 
-11.473763637851249 -6.116829646863087 -1.8125637650116153 1.4137416635480748 3.6943055744166 5.200665610651482 6.128550884450177 6.662397625960659 6.950594558709781 7.097873223896086 7.170198461348889 7.205099563024601 7.222064649760101 7.23042820280814 7.234347464570807 7.23550380225432 7.234344081205637 7.230432641658824 7.222111846569336 7.205277957175686 7.170702189543449 7.099072336676745 6.953093927794336 6.6670137397637355 6.136079894661325 5.211162080169158 3.7053643700799266 1.41297028622744 -1.853401028070585 -6.191502988182592 -11.551492498598313 
-12.500558911990197 -7.63773995802784 -4.106188601906799 -1.4412817935944162 0.44910104896717723 1.6913226079622055 2.446823440136116 2.87252879017312 3.0953667582408957 3.2043140500782865 3.254578159931925 3.276860473681557 3.2866052985258896 3.2909013466081127 3.292738469259364 3.293255264049384 3.2927421531090055 3.290920928451925 3.286679769857276 3.2770916877640497 3.2551989628841476 3.205794345309863 3.098546873568699 2.8787464045245494 2.4579822973236434 1.7098792581444575 0.47735241845422505 -1.4014215968248034 -4.106129908350084 -7.829506123868426 -12.647901378728086 
-12.789366841812729 -10.120973611632744 -7.649142673040052 -5.634864533194417 -4.178959424412 -3.2193027519015893 -2.638699795927488 -2.3153175478692676 -2.14916623542545 -2.0701828436833796 -2.035237895508071 -2.020677142144307 -2.014842505807831 -2.0125354778480866 -2.0116477220594455 -2.011413105130963 -2.01164270496252 -2.012513976685083 -2.0147673882521864 -2.0204495869957824 -2.034626551946551 -2.068705347524788 -2.1459167104063095 -2.3087346792172863 -2.6262165464327816 -3.196662778404519 -4.137851663270127 -5.560733011864444 -7.456088379087617 -10.11922833047367 -14.122682240653926 
-14.676608102916546 -14.085554610908911 -12.469931608579397 -11.088309859797475 -10.073696267695803 -9.402832833838454 -8.997404949672172 -8.772497496589825 -8.657738951568005 -8.603770305287101 -8.580285337733523 -8.570748531430855 -8.567074857444865 -8.565700516765885 -8.565203475781326 -8.565077443362991 -8.565199465041836 -8.565683820968836 -8.567017238568805 -8.570574322054972 -8.57981584866151 -8.602628553577047 -8.655204734205375 -8.767294964066974 -8.987349496067738 -9.383964420178291 -10.038258095527052 -11.010856890849729 -12.321435663917129 -12.74519331044666 -14.671293518914853 