Step: 3015.0
10.260907305636 10.08168833189285 10.66382067410081 11.27450013835789 11.949458407943206 12.616816532464114 13.243053920655678 13.81089539856877 14.312053611550729 14.743008258160442 15.102781710729131 15.391669518941036 15.610471911764616 15.76000174185364 15.840757212578056 15.852702053265117 15.795122759845887 15.666545982884621 15.464705883039 15.186554832087847 14.828313449246346 14.385559659656058 13.853364196138324 13.226497424555982 12.49977395626401 11.668686229848946 10.730821401688438 9.687695066874005 8.562174468440892 7.189921472902056 7.243549743530745 
9.607846870478568 9.089476380224314 9.570654046560858 10.300507462637794 11.062349139243215 11.802868124508654 12.49131504953124 13.112534936329945 13.65929122750504 14.128691586662384 14.520180328891778 14.834364191090241 15.07227958542563 15.234911368784756 15.322866140698004 15.336149546546583 15.27402041449297 15.134906292904889 14.916370747419494 14.615125685018908 14.227083951526202 13.747450248050923 13.170854429083848 12.491545102458698 11.7036918920356 10.8019270609355 9.782321452301371 8.645626668420357 7.392060326491974 6.190214334441974 5.328988181355852 
6.629509852900078 7.424684872436688 8.319360654444372 9.248178517209778 10.149411371982138 10.989375653627798 11.754104715138737 12.436211949911764 13.032541718597377 13.54244267285999 13.966678256010026 14.306681512794151 14.564031104116088 14.740073180264378 14.835646243261849 14.850884611997714 14.785086384966592 14.63663704067155 14.402982087265027 14.080642799872285 13.665268994529299 13.151722732047261 12.534187554720535 11.806299961415883 10.9613046930227 9.992231787177673 8.89218572173813 7.653973796766802 6.279623391941803 4.746633673611896 2.6043984229939476 
3.4450086394392208 5.583195711622725 6.986001947004635 8.177963094368927 9.240355668640154 10.192940846108073 11.041325292623249 11.788368209672829 12.436363799164132 12.987750186436697 13.445131360911775 13.811091298532302 14.087956979310366 14.277571175260997 14.38109813667896 14.398871335897546 14.330286656985967 14.173741348135504 13.926616659392272 13.585299661125148 13.145236966248023 12.601009564112202 11.946412662574016 11.174514473065807 10.277644318579044 9.247208017980029 8.073001836327318 6.741799184693682 5.2276577355477265 3.446447914937668 1.3196812141181922 
1.897196289291454 4.033982956324624 5.753237064284347 7.161800393558624 8.374131465332242 9.435269122051322 10.36591653715561 11.177182660427325 11.876256744065222 12.46854968199907 12.958533130354292 13.35000364225381 13.646098591584305 13.849211816749731 13.960880792152103 13.981681744616418 13.911151530699664 13.747745253389587 13.488832115473341 13.13072681010248 12.668748652057088 12.097294525315185 11.409902661201528 10.599268025660088 9.657137298749081 8.573931663886999 7.337796597100824 5.931920865061579 4.327806009889657 2.488651794533355 0.3825974804833461 
0.7920255309835594 2.910313624410788 4.717492991666091 6.257800182281795 7.583675106616551 8.736409626393256 9.74041180561859 10.61077787106777 11.357692604397824 11.98868771997372 12.509711624557273 12.925594947750922 13.240207481926635 13.456465686054603 13.576277906374115 13.600476325870764 13.528763308042421 13.35968687301141 13.090651261910914 12.717961644068913 12.236895615861288 11.64178703749909 10.926098351059446 10.082443090038922 9.102495407883621 7.97668299827888 6.693472465875249 5.2381059884736505 3.592588218696151 1.7389767985473141 -0.3320205011671716 
-0.0367571679512127 2.045321052491262 3.8814351570190806 5.486723062737697 6.887515033973495 8.109798925467572 9.174195254081393 10.095652275967037 10.885213653402332 11.551398263536017 12.10102516606299 12.539632316733439 12.871646359386103 13.10041474216646 13.228173404187379 13.255996771695216 13.18375904958434 13.010123549632002 12.732567766742962 12.347444605642538 11.850073580820796 11.234849226419152 10.495346765631794 9.624397011383781 8.61409510676394 7.455708270374883 6.139505069552446 4.654848427960609 2.9912276527524657 1.1409986964326344 -0.8965780211119143 
-0.6818277634250769 1.3648736855452335 3.205079888121542 4.842444592228385 6.2892575962301445 7.560950999346168 8.672275054823603 9.635799612060344 10.461848767256381 11.158933468142912 11.73413706512869 12.193342040215319 12.541317982612059 12.781720138885568 12.917044650606126 12.948576077189436 12.87635207666554 12.699160859197328 12.414579240807038 12.01905242832154 11.508010713502046 10.876012920887687 10.116902103980603 9.223957173307713 8.19002935304869 7.007677690053111 5.669394515061298 4.168125936756159 2.498365031530445 0.6579144459581726 -1.3500217173403972 
-1.193451395764415 0.8216758018026571 2.656212800336424 4.308442893245424 5.783183033117638 7.088947000642718 8.235542054331447 9.232598774131912 10.088939698918361 10.812417609974132 11.409915863175673 11.887351827114124 12.249640020356155 12.500621182197673 12.642979220728927 12.67816902743444 12.606373808324026 12.426504705287517 12.136249514682875 11.732171721252552 11.20985603728049 10.564092477254162 9.789088541549065 8.878700282035444 7.826681932696086 6.626977051135183 5.274112236870854 3.763789270015154 2.09375238254698 0.2648923547351427 -1.7176466540432165 
-1.6038583635521255 0.384221791262795 2.209616523003625 3.8679200595397076 5.3596963254142675 6.688990695554207 7.861862541744835 8.885262426999407 9.766316502491527 10.511915419231322 11.12846726519585 11.621714953760895 11.99657217197981 12.256969121315597 12.40571667875168 12.444402850207931 12.373334546481786 12.191534275883653 11.896797023253736 11.485808133398326 10.9543188248974 10.297372437182482 9.50957242917918 8.585383939352592 7.519466484519241 6.307047242104636 4.944358808063972 3.4291698299042603 1.7614137470576872 -0.05613907755971062 -2.0172973482269834 
-1.935491266328729 0.0299019268887836 1.8456467739216147 3.5058540599299035 5.008476266280028 6.354548084824648 7.547330600364478 8.591532869210113 9.492685024081636 10.256655864089103 10.88927294398066 11.396005694438447 11.78169030728713 12.050292201709945 12.204711951298883 12.246644183868948 12.176498639879059 11.99339025655121 11.695201968327316 11.278720421378033 10.73984123692943 10.073837028819158 9.275678450881847 8.340396769412651 7.263476583743998 6.041269493178342 4.671421987383363 3.1533094674584357 1.4884583086440601 -0.31908131550964397 -2.262469800631876 
-2.205151486443012 -0.258501330339369 1.548592299140677 3.209284206158364 4.719710036916672 6.078688222662765 7.28729640387631 8.348387449278414 9.2660925306553 10.045338951084664 10.691396923820761 11.209463847460988 11.604293998431285 11.879882478963454 12.039212615432199 12.084075242000448 12.014966669154726 11.831070011008146 11.530322155958793 11.109566037565592 10.564784874573453 9.891411506193425 9.084701652816554 8.14015475399177 7.053960067126057 5.823439573912768 4.447454550688543 2.9267420643330575 1.264153870930194 -0.5352163539778773 -2.464014567477313 
-2.426312850455615 -0.4949211343446437 1.3054149428573558 2.967036778036269 4.484530911163597 5.854818907661335 7.0771039630842365 8.152646062712185 9.084385411277994 9.876466167262013 10.533720334549466 11.061162303781243 11.463529451478893 11.744891125559306 11.908339416206559 11.9557696517437 11.887755276540375 11.703519690052516 11.401006076735717 10.977044687270732 10.427614892081616 9.748195975510692 8.934195263457118 7.9814337898423 6.886657420095467 5.648025715834652 4.265516213374832 2.7411785223207428 1.0791933914765024 -0.7142583844371603 -2.6312492540631878 
-2.610669910516254 -0.6914637603424911 1.104752970999449 2.7693344617685307 4.295144763425788 5.677120461835507 6.912626598354813 8.001475493888021 8.945624418554678 9.748657332822374 10.41517288631019 10.950172837169035 11.358508773607603 11.644417339539839 11.811157791720229 11.860757134247612 11.793864156642256 11.60971233235754 11.306191350768689 10.880027074670279 10.327069060880385 9.642682461624204 8.82223580537459 7.8616659037806125 6.758083285011334 5.510353467154861 4.119554906685117 2.5891913699845976 0.9250613670699622 -0.8652143990937179 -2.7728537004107445 
-2.769454446313934 -0.8596559589692924 0.9360487394553797 2.6074280817949216 4.144905612939885 5.540898918404229 6.790725038058169 7.892832733034474 8.84845503617387 9.66093373929977 10.334937164397907 10.875708217307109 11.288407307314582 11.577575996019064 11.746728031792308 11.798066032658904 11.732319545945403 11.548700793843686 11.244976458133985 10.817656227941088 10.262300554559232 9.573950020737536 8.74767537735004 7.779238088293554 6.665831567086466 5.406835010303455 4.004441207322901 2.4639389342142772 0.7934050558002421 -0.9972756539839239 -2.8978092356532845 
-2.9149505464107546 -1.0118412012409062 0.7886732212423123 2.473347083255335 4.028544872509846 5.443046018460874 6.709743463529179 7.825893657678977 8.792437436415922 9.61295285930034 10.29260530963428 10.837220886341425 11.252522222999772 11.543530369786227 11.714122781462002 11.766733678469764 11.702184326366341 11.519634727795607 11.216653424141967 10.789407606846538 10.23298074643872 9.541828545415445 8.710384883486364 7.733825329458016 6.6089822210255775 5.335370461366803 3.9161978161807354 2.3589968436352504 0.6753229281318028 -1.1209927678643277 -3.016684445566452 
-3.062850259014683 -1.1631851778854994 0.6509509724186309 2.360009489832181 3.9428431655931355 5.382807694815526 6.67012413130435 7.801484649330533 8.778324803979284 9.605173383253586 10.288265982096732 10.834439089772808 11.250277264232096 11.541478409400947 11.712402886215278 11.76577678486057 11.702526729668618 11.521732036722883 11.22068909327217 10.795091993012926 10.239342413081875 9.547010003861281 8.711471443424141 7.726760846004567 6.5886651085447205 5.296090775808855 3.852685816994107 2.2685318846599274 0.5605011795408801 -1.2501385093662156 -3.1438449849209573 
-3.2366764523972 -1.3353926392432918 0.5093931179719614 2.262324032853854 3.888359548750341 5.362988623197537 6.675132220851045 7.82247434298526 8.808247028343253 9.638915298816729 10.322494983684614 10.867321548945169 11.28116093365509 11.570584364644523 11.74054619072011 11.794117615416582 11.732342847964235 11.554197686882754 11.256643620346214 10.834783358027206 10.282136751518518 9.591069518610169 8.753420815850733 7.761389602964788 6.608757000802537 5.2925531716914005 3.815350616442524 2.18845151289241 0.4365230155575955 -1.4053281217751217 -3.3017786397909235 
-3.480798674686014 -1.5624158642440698 0.3482593465037337 2.1826856573353526 3.8723871701748007 5.391440350682464 6.731515232196088 7.89400347462787 8.88572163524614 9.716266234247312 10.396219852963258 10.93591365219807 11.344589511141496 11.629852520584691 11.797329059521266 11.85046676131336 11.79043299908859 11.616087090825014 11.324017955391207 10.908654601500205 10.362473387660419 9.676344619724508 8.840081471098634 7.843275413457284 6.676526983855026 5.3332283976389245 3.812192455157619 2.121927971200138 0.2884832184609671 -1.6196604201195306 -3.534032524504437 
-3.875451957484017 -1.9264389128969124 0.17737826722364314 2.1391827546885183 3.9122121985129796 5.4821576736225905 6.849750715346587 8.023371816640184 9.015395241199643 9.839781882429357 10.510431776244143 11.04009399891356 11.439693192538732 11.717946819262602 11.881167210411505 11.933170000925257 11.875238607225741 11.706117883553196 11.422028437068839 11.016709314596492 10.48151518780089 9.805617785681795 8.976389601880587 7.980075642423834 6.802879052863695 5.432601258113848 3.86103860811455 2.0876236733663376 0.12679718067021775 -1.974605103009303 -3.9201790437711055 
-5.062769694043731 -2.332692289122042 0.05156705556562975 2.171670028337624 4.036001144596788 5.6550707306336 7.04350802666842 8.219415552071816 9.202434143332873 10.011941346520132 10.665730044188582 11.17921136806114 11.565033999216103 11.83296941096561 11.989930769644735 12.040034629873722 11.984654461654879 11.82244296772815 11.549316714504192 11.158408751988294 10.640011560050558 9.981560811409404 9.167750728615003 8.180913671042408 7.001814950683829 5.610970977569169 3.9904461440091263 2.125781048579368 0.006633587348516061 -2.3752057704655396 -5.100938169970963 
-10.981044367582095 -4.456472416880234 -0.47879174382589645 2.536471360333361 4.905688399237637 6.777007170105516 8.249242601581589 9.401295610220545 10.29846913281984 10.993572447933099 11.52759526883142 11.931023453179954 12.225630075467912 12.426307163141953 12.542605787229009 12.579834351916427 12.539696528552945 12.420499449127638 12.216949432815156 11.919516843981206 11.513338464296279 10.976675559697243 10.279079114313584 9.379598685002877 8.225476043892236 6.7514946465918015 4.8789097233627645 2.509166133721977 -0.5054804771107069 -4.480693254772316 -10.997944882286353 
-12.019841836073793 -5.801240054881666 -0.9255742146961785 2.7153484802139585 5.4634014379746025 7.523040555319955 9.049176245791555 10.168465567519279 10.98417720820557 11.577135696719075 12.007408980997605 12.317408815467905 12.53570146493141 12.680662436152192 12.763418184075665 12.789878737724894 12.761892127943453 12.677615199837676 12.531144964376107 12.31136472193603 11.999908667042499 11.568212970990961 10.973850962666972 10.1567171634961 9.03594234380387 7.508259108933921 5.447148074328172 2.698063862534789 -0.9428177761448943 -5.816429767377104 -12.030570208848374 
-12.370146330631018 -6.165598317434332 -1.0872353885815171 2.8498760951221658 5.795456195757892 7.94166755457948 9.466988055883274 10.528945932237214 11.258146931625678 11.755820710866779 12.095406655922082 12.327026278169075 12.483067144638289 12.58342208319972 12.639595014101246 12.657467523762806 12.638838701535201 12.581913787785155 12.480817468714724 12.324053901523026 12.09173506780438 11.751461649774864 11.253061401394476 10.522981551872874 9.459818557297705 7.932809623744323 5.784467505196504 2.8367795222862773 -1.10145011260193 -6.178803142705374 -12.379614923294104 
-12.327446816828402 -6.085894078360209 -1.0112316474601715 2.9621277974712448 5.9265931693907135 8.043163732884254 9.497271196149985 10.464381711331812 11.092301882079934 11.494504007561106 11.751362968398155 11.915909777064801 12.021025074343637 12.085991605234339 12.121451907238567 12.132636122586607 12.121108057903298 12.085310421017269 12.020023029810314 11.914618120658677 11.749827772974275 11.492768462104129 11.09035033113466 10.462024912331541 9.493976586853446 8.037925376486317 5.918109505586229 2.9495254948628045 -1.0272496726676923 -6.102366592344981 -12.339677765090968 
-11.683781433800148 -5.778059414445896 -0.8600445980921522 2.9848650318845493 5.8160150439750335 7.7879331720129645 9.093215603420322 9.919123762458307 10.4228886171572 10.72263310930552 10.899169033891312 11.003462220029947 11.065460100492185 11.101706038095642 11.120792323955099 11.126726258530969 11.12067021136474 11.101471121509645 11.065137517536373 11.003105051445575 10.898870676132821 10.72252380715983 10.423082678297053 9.91956534636846 9.093368309999684 7.786300794542907 5.80983459436485 2.971155458900183 -0.8819620247576762 -5.803709574135221 -11.704483962154532 
-11.332926818151103 -5.816389706130004 -1.156912755482766 2.451448109476541 5.066503342714824 6.849227858761943 7.994406681387998 8.690154525399672 9.092631379943773 9.316736669748842 9.438740148523838 9.504889975076413 9.54108181428485 9.560838568924014 9.570771367596501 9.573797519476958 9.570735502502192 9.560778558325064 9.54103101321215 9.504924261367652 9.439007532320794 9.317481291273104 9.094173969792074 8.692758091366294 7.997914109361482 6.8523230312760965 5.065248064116638 2.4383984297238928 -1.1865204105336054 -5.858106150467525 -11.368647914040737 
-11.834418613466706 -6.606040236405803 -2.372050306770037 0.8377462530820043 3.139903646149472 4.688037083486793 5.662316550474281 6.23701838993708 6.5561576936152965 6.724353657369496 6.809618162476071 6.852006303085096 6.873104530734235 6.883657908756365 6.888633247947453 6.890103025212557 6.888628479488329 6.8836625452621245 6.873160334055898 6.85221298374573 6.810183350139409 6.725655067684266 6.558787525715512 6.241745427306116 5.669855234378281 4.698366960704158 3.1506532412607586 0.8369548472136255 -2.4116135101793237 -6.6782575792971395 -11.909582661045656 
-12.858178876519125 -8.1210155953402 -4.648747188157943 -1.9965637665890492 -0.08627065127760704 1.192827894172063 1.9884910579635058 2.448861817967594 2.697309326187008 2.8230162969263084 2.8832134631646866 2.9109322788235104 2.9234794423761143 2.929152679461149 2.9316111534915006 2.9323057782658055 2.931616401643925 2.9291785800575436 2.9235724269345833 2.911206712781886 2.8839175004985504 2.8246287488895856 2.700654961215457 2.455215912296508 1.9996353769798276 1.2110525487152644 -0.05880797516107076 -1.9579742218755285 -4.64866422248176 -8.30657656639789 -13.000550601974517 
-13.15766305725178 -10.557217656982875 -8.124382611043726 -6.118094042975284 -4.645448072784004 -3.6560334813839765 -3.0434478396999 -2.692804116836891 -2.5068283499191786 -2.415144353948614 -2.3728897665747954 -2.3544874143464605 -2.346777435743727 -2.343608107010537 -2.3423562758056184 -2.3420215635475965 -2.3423490145759605 -2.343579150867505 -2.346682680884764 -2.3542162016711825 -2.3721961186960216 -2.4135374333266855 -2.5034184804392456 -2.686096490833792 -3.0310159355840827 -3.6338480132126882 -4.6055437277872135 -6.046386298808479 -7.937444126884124 -10.555394377358063 -14.449850194040996 
-14.993894154466243 -14.412257660670909 -12.820703110736716 -11.443704748520547 -10.416932363707486 -9.724891354536602 -9.296830325060489 -9.052724551687236 -8.924090256384273 -8.861306314424759 -8.83280764329519 -8.820680293223882 -8.815772077671376 -8.81384780966783 -8.813126472344738 -8.812940153902042 -8.813120639869869 -8.81382523467384 -8.815699254278687 -8.820472579006545 -8.832275226003961 -8.860065803756823 -8.921434250903527 -9.047430104322407 -9.286827457252393 -9.706418337670087 -10.382550211711692 -11.368783037376279 -12.677097750572633 -13.11281912352258 -14.988444930657346 