Step: 450.0
13.936137070035702 13.833653079700323 14.256987413568835 14.652130365907201 15.001897871471805 15.266590012867754 15.4495263485335 15.567583265654983 15.639638414024022 15.681562636573648 15.704946976482086 15.717499224631661 15.723988492002778 15.727185498564417 15.72858857872819 15.728897462270137 15.728259486497091 15.726314062368006 15.72203221454978 15.713307080045483 15.696212417103144 15.663829912236055 15.604588902346594 15.500219896752556 15.323760853720698 15.038606656265822 14.60046284517446 13.964243140348701 13.110731619602783 11.940117456302554 11.897381173347785 
13.391637076757233 13.067437259725393 13.499731435740681 14.003904926915228 14.416575099099887 14.720523887607069 14.927257393284638 15.059410393397243 15.139563867600554 15.18599444701156 15.211807816480288 15.225629269380926 15.232760866822778 15.236269522480269 15.237809126912872 15.238151677052706 15.237462631656246 15.235352854171982 15.230705714122738 15.221232020589659 15.202661985965948 15.167463834099516 15.103021400897534 14.989366296072522 14.796905784061453 14.48515053893109 14.004082717632025 13.301432093699622 12.33074937384295 11.190901216560423 10.083293747465977 
10.719276979138488 11.747098720326994 12.632817500408041 13.346956049542078 13.879707623559955 14.250711839568687 14.495192023838364 14.648336999047865 14.739944416534605 14.792479763774605 14.821466035242862 14.836894677037657 14.844818648871529 14.848704301312997 14.850408854256445 14.850798391804359 14.850066710445239 14.847801540185337 14.84280215946202 14.832599112683539 14.81257647316845 14.774571121939232 14.704860363495438 14.58160548989573 14.37214813268759 14.031038476754436 13.500197982502305 12.711930682533884 11.601273586606789 10.079202821127465 7.647307489383327 
7.936463882484966 10.341664681345284 11.7559716763923 12.734711618523127 13.410593341815256 13.86245699444592 14.152265724221147 14.330442541975103 14.435574231291417 14.495239184414494 14.527889235578863 14.545153064053295 14.553972400697566 14.558280647209582 14.560170574027026 14.560617638346788 14.559851837512475 14.557443202250212 14.552112867706573 14.541219705785357 14.519814545863671 14.479120704322336 14.40432927176901 14.271746165860478 14.045640965927175 13.6755912463323 13.09536922488296 12.224241160450585 10.964475109195682 9.168624515976166 6.720717184829588 
6.847496087674972 9.283659046928156 11.029608699639303 12.221757956763154 13.028121531471923 13.557408039579284 13.892113957431098 14.095580060909777 14.21454084875523 14.281547174484684 14.317983827643188 14.337147285884422 14.34689367955114 14.351639681730088 14.353722844809315 14.354233387752698 14.353441634977361 14.35090505194537 14.345275489053682 14.333756990410519 14.311099490809543 14.267974438271098 14.188604245020807 14.047666627341496 13.806817634465917 13.411637277688095 12.790191089445976 11.85386699574462 10.499614462176835 8.627624074425825 6.171015807441836 
6.221446098291091 8.67198477470567 10.519594064704929 11.839244939590197 12.739998271342099 13.33128621464631 13.704081474980637 13.929842397560757 14.061321594075366 14.13510092136905 14.175080127074393 14.196039448241121 14.206669305168822 14.211835341331458 14.214105722748979 14.214680426797862 14.213870126843922 14.21122423978386 14.205336609047443 14.193280358319404 14.169553062963484 14.124370790638528 14.04117652554517 13.89338867601772 13.64076967619381 13.22633868638164 12.575306965579543 11.597868350249488 10.198993019056624 8.29661865692267 5.846609390899398 
5.863092297663478 8.309653818676408 10.199819311822143 11.581047309883845 12.539557542896816 13.173674149574843 13.574860387600252 13.818107457121279 13.959772824639472 14.039217897595561 14.08222489355012 14.104745561894068 14.116154224455645 14.121694918631093 14.124134425199655 14.124769146905912 14.12394661071155 14.121211833781656 14.115113093964153 14.10262023247585 14.07803496036419 14.031229351654378 13.945080484158094 13.79214548406882 13.531013865253835 13.103393972941635 12.433712323045548 11.433593472291804 10.01317471925501 8.099179176770141 5.65553272673926 
5.658436942643068 8.100061812152271 10.00789075110654 11.419390261837348 12.409691001880784 13.070266923251793 13.490451989924155 13.746097312649923 13.895304860420998 13.979088993570896 14.02447821135454 14.048254668332653 14.060301252359277 14.066153627724715 14.068735983734378 14.06942301015546 14.068593274158106 14.06579005213579 14.059528165066121 14.046701566306423 14.021471298099325 13.973471115967032 13.885205761957652 13.728707904144187 13.461940225950727 13.026091398234591 12.345662197922353 11.333598028161383 9.902997070573312 7.984562961686074 5.545560585910586 
5.544024953201936 7.981847025739262 9.89717519408166 11.323329885154465 12.330424434262763 13.006118962233659 13.437971895214195 13.701683517845055 13.856029071073996 13.942880948282316 13.990006451410459 14.014721577469963 14.027255160042595 14.033349785356895 14.036045066712436 14.03677470911103 14.035941549553913 14.033088827928061 14.026708467057777 14.013642482393921 13.98795820384707 13.939137214735942 13.849460516015165 13.690673164009834 13.420445783749813 12.979820219666605 12.293537393285815 11.275412396464992 9.840073203805748 7.920049439514476 5.484004289346708 
5.481671724642517 7.917043956981756 9.835525377935134 11.268694889263134 12.284373999241781 12.96827781942854 13.406838737556143 13.675435290609114 13.833033721035873 13.921901573271485 13.97020415633277 13.995572359788262 14.008452174891769 14.014722204880636 14.017500690831584 14.018262749945798 14.01742890062835 14.014543272646923 14.008083274913663 13.994857834624778 13.968876137954465 13.919529415642428 13.828974115374496 13.668810396505567 13.396587830841792 12.953334539166685 12.263993376355796 11.242875600041414 9.80536887430147 7.884834938512214 5.450536367742513 
5.448551284624408 7.8824810273041255 9.802281602438388 11.238781022202954 12.25875502018894 12.946958181933915 13.389191332720234 13.66057614141807 13.820102269076447 13.91020378342127 13.95924608944206 13.985033642528915 13.998139631800633 14.004525887225709 14.007360375149554 14.008145148562377 14.007312700360373 14.00440847312377 13.997901605380822 13.984581637163915 13.95842409702958 13.908769503536059 13.81770791359061 13.656768711758202 13.383453234293718 12.938806809222662 12.247901742396639 11.22531515003954 9.786807802607175 7.86612740685844 5.43280196219667 
5.431270096974087 7.864410159680361 9.784805054725226 11.222936657413255 12.245080943840776 12.935512480829992 13.3796944833264 13.652590803472549 13.813180404511305 13.903971235815735 13.953429989421078 13.979454233935533 13.992687710903663 13.999139346642808 14.002005625537757 14.002804310493813 14.001975258815586 13.999065475174612 13.992540532260431 13.979180352576634 13.952942793921213 13.903140735698683 13.811827107318967 13.650491000475185 13.376605638991276 12.931224462587682 12.239489455850046 11.216120862144228 9.777078820595168 7.856315542149862 5.423498639483984 
5.422096165932788 7.854851971507178 9.775655346293417 11.214769781206343 12.238165283314682 12.929833877893044 13.37505343148714 13.648715833843399 13.809813823827845 13.900912109291664 13.9505420149685 13.976654632364022 13.98993076805133 13.996402039502934 13.999277652312589 14.000082159024224 13.999259067720068 13.996357390075676 13.989843357569791 13.976495252157614 13.950264649822351 13.900449955092009 13.809077983142004 13.647600014045539 13.373447984403535 12.927650579166288 12.235369927299004 11.211414050682261 9.77189535383551 7.850941765189194 5.418351868234672 
5.416450161259513 7.849105158185681 9.770513107092162 11.210653477971585 12.235145397534708 12.927713463927898 13.373522511127334 13.647485141782788 13.808681881991319 13.89977081003022 13.949350814801956 13.97541009284322 13.988644428187866 13.99508851513816 13.997950203952984 13.998752505154835 13.997939255308557 13.995062535347852 13.988594446974165 13.975320776854648 13.949198679668113 13.899522827826381 13.808295611208724 13.646911782097467 13.372714069888191 12.92663419056277 12.233785786419983 11.209043032375664 9.768726812640725 7.847259367300488 5.414686673448595 
5.411115580488726 7.843979038225132 9.766728908660866 11.20870978578415 12.23484127991672 12.928427898004722 13.374585322009551 13.648422610576182 13.809273170410647 13.899984142651075 13.949250158254813 13.97508555893349 13.988176640978137 13.994537679509516 13.997358064785734 13.99814927371261 13.997351843656775 13.994523095876527 13.9881490597366 13.975037230453415 13.949169527792044 13.899855441428311 13.809076791774865 13.64813682990164 13.374189747726124 12.927908551623958 12.234196445541574 11.207955005184774 9.765899144269746 7.843126451133256 5.410302622249918 
5.4026249812348555 7.8362867261369775 9.762305116718434 11.20833149335916 12.237625931466612 12.932711476835182 13.378887717747183 13.651901875420673 13.811692372720927 13.901459975718394 13.950025212128072 13.975397279104639 13.988207807315492 13.994412542286403 13.997156731828648 13.997926144257105 13.997153315310094 13.994404626856964 13.988193082896942 13.975371963089763 13.949983805593343 13.901395183818396 13.811595402437764 13.65176332208382 13.378699153240966 12.93246763607332 12.23732709649562 11.207985405709962 9.761927659520994 7.835900824128722 5.402257663325675 
5.384959620891478 7.820977979056699 9.755148913669776 11.210487198967412 12.246067279074357 12.943242004092635 13.388414688702207 13.65912323961026 13.816545924333399 13.904432232571452 13.951701361547663 13.976262690692707 13.988602740791327 13.99455367467473 13.997176659514178 13.997911025881141 13.997174841673576 13.99454951023746 13.988595115976842 13.97624981692906 13.951680699641747 13.904400502469167 13.816499286694919 13.659057725353488 13.388326903588675 12.943130044649397 12.24593168320399 11.2103316628356 9.754980489280241 7.820806559577418 5.384796714262902 
5.34491737249181 7.787422694934806 9.74306701670867 11.219612612581535 12.267018060822162 12.965602311145686 13.406747529649818 13.672074996437733 13.824823099095413 13.909338624856636 13.95443532972092 13.9777033109846 13.989320820288626 13.994893182143612 13.99733897137903 13.99802226692239 13.99733803069026 13.994891050147597 13.989316975450505 13.977696930836288 13.954425272246247 13.909323451330204 13.824801171872117 13.67204467777229 13.4067074851453 12.965551884802498 12.266957646899693 11.219543919145071 9.74299311452784 7.787347786171072 5.3448462860804975 
5.24584545187828 7.713705624113662 9.724819788530988 11.251909794362021 12.31500414966175 13.009140833597474 13.438981451143999 13.693273464973236 13.837682636515058 13.91667747500311 13.95841984934551 13.979775793303233 13.990360173064555 13.995404969622504 13.997608284769708 13.99822218671795 13.997607806585965 13.99540389686652 13.990358266250865 13.979772681109747 13.958415026862298 13.91667032113193 13.837672463111703 13.693259606220186 13.438963391884613 13.009118360820308 12.314977496216528 11.251879734428778 9.724787646715093 7.713673169816886 5.245814696557323 
5.00957632049555 7.517929018751786 9.743934504467688 11.34722583295657 12.414552379284087 13.086203419375508 13.490703828889929 13.72510187464166 13.856101393324344 13.926830559896043 13.963791533273218 13.982518766835929 13.991721697172634 13.996076072720445 13.997966939182772 13.998492077539808 13.997966691690916 13.996075522620142 13.991720732214537 13.982517215669981 13.963789167396314 13.926827104508932 13.856096551766083 13.72509536908308 13.490695456016264 13.08619311393263 12.414540271244226 11.34721228229975 9.743920100706545 7.51791454659809 5.009562621245126 
3.7429080634056153 7.398161495407541 9.925360100096402 11.574247768008444 12.59540155206378 13.207910840358943 13.565727040584324 13.768801858977964 13.880449996726444 13.939883302350415 13.970551219538729 13.985913957037363 13.99338661337938 13.996890712562566 13.998401488981763 13.998819327287537 13.998401341552844 13.99689038643732 13.993386045238346 13.98591305106432 13.970549849350414 13.939881317888364 13.880447238756991 13.768798181079026 13.565722338175851 13.207905085719673 12.595394829071733 11.574240284976682 9.92535218202116 7.398153566047578 3.7429007396220637 
-2.578947407299677 7.02360984167242 11.128007902653838 12.840605202087591 13.496047038991343 13.759818458864514 13.88146828711467 13.942127091127576 13.972407482621415 13.987154674438504 13.994151195192462 13.99739037385848 13.998854325042075 13.999496478281788 13.99975849116271 13.999828598997839 13.999758479272058 13.999496451900784 13.998854278900172 13.997390299945774 13.994151083153286 13.987154511420872 13.972407253345239 13.942126793933038 13.881467913912507 13.759817962769382 13.496046360648517 12.840604429051215 11.128007181266222 7.023609248523914 -2.5789476737220522 
-2.9201211400697558 6.486614043450349 11.427897200550921 13.273236010755365 13.805867520133983 13.936625516334384 13.973507724941223 13.988112721428923 13.994748607894449 13.997730565955504 13.999037129221465 13.999598641727216 13.999835451967463 13.99993295879299 13.999970688746952 13.999980461703526 13.999970688038117 13.99993295722121 13.999835449238315 13.999598637371514 13.999037122263044 13.997730558355615 13.994748594090641 13.988112668066883 13.973507778823581 13.936625776159723 13.805867603445272 13.273234901210206 11.427894896635877 6.4866113233338405 -2.920123084874125 
-2.8941056801056195 6.576745161215988 11.543949152191715 13.408082739123715 13.895087893311082 13.982865521326287 13.995227676605717 13.997988149099918 13.999144927072157 13.999637649804036 13.999837367115733 13.999917309211499 13.999948902070663 13.999961153179779 13.999965658742653 13.999966789365649 13.999965658716237 13.999961153120958 13.999948901947231 13.999917309187905 13.999837366866435 13.999637644510047 13.999144957020457 13.997988138330072 13.995227091634764 13.982866322297513 13.895092449766215 13.408090052274291 11.543950353905347 6.576739264136565 -2.8941136722206884 
-2.462034394622409 7.105447025634745 11.842621857910373 13.528069567574853 13.933759943757853 13.994398323598208 13.99925367486655 13.999586453395802 13.999740621603113 13.999807391073634 13.999832280178467 13.999841603411884 13.999845065195316 13.999846333659965 13.999846778148514 13.99984688628842 13.999846778146196 13.999846333669876 13.999845065180406 13.99984160316185 13.999832282207308 13.999807388467048 13.999740555155734 13.999586929419506 13.999253520193173 13.994388863757026 13.933764476392053 13.528122320216319 11.842745084963287 7.105575293882532 -2.461931035976082 
-0.5626452415304736 8.423362309946375 12.521820138638734 13.752188927289996 13.978569702191805 14.000203561396312 14.000840134459184 14.000869473213992 14.000884367004637 14.000888521185825 14.000890490634411 14.00089114863996 14.000891371144935 14.00089145040532 14.000891476663243 14.00089148286132 14.000891476663837 14.000891450384215 14.000891371298438 14.000891148212789 14.000890488341744 14.000888550091098 14.000884296355272 14.000868617679293 14.000847536986663 14.000201725160125 13.978421364332915 13.752129046237396 12.522127401716936 8.424280483506706 -0.5618889798545947 
0.9958574346527475 9.441155551217363 13.016330179550318 13.903797155798964 14.00800018076142 14.008050697698101 14.00746398732437 14.00756085446259 14.007560417907127 14.00755837911633 14.00755867039024 14.007558643853793 14.007558634913096 14.007558634009795 14.007558633131312 14.007558632957045 14.007558633140627 14.007558633976991 14.007558634843855 14.007558645629244 14.007558659535436 14.007558388159547 14.007560765172524 14.007558849735544 14.007456144053366 14.008176691367273 14.008001669631975 13.901446881661364 13.012763652611735 9.436759907777411 0.99395800302291 
1.3287465179483995 9.785322467425953 13.15060718623482 13.888034430665131 13.950410952713488 13.94506954440884 13.94443473483796 13.94457259756288 13.944569325406576 13.944567146094574 13.944567543633784 13.94456751819892 13.944567514709883 13.944567515939744 13.944567515757301 13.944567515772578 13.944567515758825 13.94456751599833 13.944567514108563 13.94456752097442 13.944567546077717 13.94456700892801 13.944570177972162 13.94457338363698 13.944395021184999 13.945117076889174 13.952770432570542 13.888034329795408 13.115226069062732 9.730566090427391 1.2633736070257793 
1.2994722123675182 9.728387361488272 12.55224566321992 13.144856817969021 13.190954752223305 13.185577373417374 13.185013355302871 13.185137655946619 13.185135419330239 13.185133388362285 13.185133734458537 13.18513371684374 13.18513371304858 13.185133714170949 13.185133714019514 13.185133714028732 13.185133714001896 13.185133714310835 13.18513371245608 13.185133716185444 13.185133766455907 13.185133159554503 13.18513559605363 13.185147931088824 13.184945608430214 13.185323346326372 13.19453758203419 13.180235587888061 12.552245867669496 9.352951484700544 1.0353343110159017 
3.1092567681771963 7.582257978409553 9.354103465094719 9.777805633854364 9.814223957097377 9.81048889982178 9.80997834752961 9.810070965616754 9.810071434215802 9.810069627965554 9.810069881752902 9.810069876475048 9.810069872154415 9.810069873110425 9.810069873005562 9.810069873008551 9.810069872981764 9.810069873229729 9.810069872056605 9.81006987187586 9.810069928695548 9.810069443076108 9.810070603750015 9.810085880408867 9.809941041074365 9.809727803026806 9.81863278199293 9.832558761477621 9.729539481921737 7.582260699024896 -0.025429827595958507 
-0.29232845595987134 -0.025910082002022217 1.0354679297846598 1.3087849607280067 1.335717447080515 1.333339969237405 1.332948701974067 1.3330111943497032 1.3330125864098432 1.3330112098379048 1.3330113832813788 1.3330113828726586 1.3330113792876153 1.333011380000959 1.3330113799306647 1.3330113799316388 1.3330113799113403 1.333011380079223 1.3330113793923113 1.3330113782278776 1.333011421130794 1.333011108970734 1.333011458000406 1.3330250206485117 1.3329218505168918 1.3327196476714873 1.3376274067886398 1.3741543318880083 1.2996095507507852 3.1087548081156737 -0.2923484839264633 