Step: 990.0
12.705488617292506 12.597624011559605 13.132420127625995 13.687293894504995 14.247821419471999 14.747948319852817 15.165917995049892 15.499431825636709 15.75592217331144 15.946878593945526 16.0846933183574 16.18089603700264 16.245228055581308 16.285222760864027 16.30606707950125 16.310582882539187 16.29921640575028 16.269967301786608 16.218230187637115 16.136561742531114 16.014425804823603 15.838006652492446 15.590215073554488 15.251042865590442 14.79845926558138 14.210114917798876 13.466454357850019 12.555456708013304 11.493282712081466 10.175053623087342 10.143447193786551 
12.106734553698104 11.73853677647702 12.25084357920718 12.926385146647727 13.56778819607938 14.128527534540252 14.591902088840436 14.959354975237607 15.240881157202914 15.449967526281089 15.600619606976927 15.705665713314747 15.775861451356958 15.819491748686467 15.842251958886113 15.847245661231533 15.834983771241752 15.8033138027088 15.74725128096213 15.658727881391142 15.52631261384992 15.33500182565201 15.066208166329915 14.698105738393673 14.206511439173076 13.566534517928295 12.755280834121697 11.757339046168767 10.56512398780447 9.32427220623678 8.282961237490913 
9.281294885614845 10.250992843102905 11.2081597169601 12.099460735668446 12.879421144744196 13.530473534182645 14.055582832604147 14.466101013271068 14.777839856469761 15.008012791985148 15.173194147451282 15.288051991180456 15.364668932013219 15.412265579639595 15.43715720492765 15.442800436676803 15.42982162005091 15.395958311022238 15.335887668574712 15.240958594385987 15.098886794839617 14.893510614336803 14.604735248301191 14.208805990251616 13.679038963928857 12.987080798213501 12.10473089596576 11.00539643467471 9.672386520479227 8.063961924032634 5.714464509366469 
6.288677384026731 8.621393800134278 10.104764649771054 11.270324769988811 12.212828510329443 12.969444834665673 13.565456608046217 14.024551624524083 14.369779413618826 14.622967414780934 14.803801742338663 14.929121463072763 15.01253817469417 15.064332404416135 15.091518104432975 15.097958848328453 15.084438983079233 15.048626605514158 14.984905415299389 14.884095182472812 14.733122662101469 14.514741856725268 14.207426803141452 13.78555891828239 13.219983467222887 12.478884479007371 11.528568571847181 10.333441034759923 8.84758410085252 6.971236407897912 4.61829717544378 
4.958436599654432 7.307604636450173 9.12160105302431 10.511806385367619 11.605020226935103 12.464086594101428 13.130861467911869 13.63907219963589 14.0183389341033 14.294943581635545 14.491687436737198 14.627623002834858 14.717933982477012 14.773995949703446 14.803549993467103 14.810892638989548 14.796994654259123 14.75949047487137 14.692518672143143 14.586436419711086 14.42747309493518 14.197424539708646 13.873511062819407 13.428514524190668 12.83125130591113 12.047288498353314 11.039535724201734 9.767434249717404 8.182383262109468 6.233643328902437 3.8842362718935974 
4.085203086863557 6.4339653499780525 8.348675429193875 9.877336147689405 11.084368220482425 12.029314138782462 12.75884659680369 13.312136599643855 13.723307436129197 14.022147859822137 14.234122868098241 14.380276383115334 14.477252041805654 14.537463902958766 14.569354634583915 14.577648537525342 14.563514428420955 14.524581975183855 14.454794151119316 14.34412193257955 14.178210687902189 13.938065244227701 13.599903486311169 13.135303648557727 12.51172208731331 11.69335462770567 10.64214091941722 9.31868120209377 7.684715605220094 5.708975963076299 3.3780019331554603 
3.4942565796719274 5.825010358049409 7.7809669103348815 9.380762572057852 10.662808575908619 11.67192445534217 12.452012729018392 13.043377669799407 13.482353554177662 13.800989582882595 14.026726039606807 14.182209874527507 14.285321922924316 14.349386852516119 14.383478406930971 14.392715946354068 14.378461966213123 14.338362213183704 14.266211577579055 14.151674636386733 13.979935345852093 13.731390677086537 13.38153001233113 12.90114553450849 12.256990014767966 11.412939971982373 10.3316883249555 8.977200202646715 7.318379823857258 5.334371156075453 3.0206399075567325 
3.085408492177432 5.398739774154549 7.37072532825452 9.0084604353735 10.336618240704372 11.39013759196559 12.208038166075008 12.829425208727008 13.291144704430918 13.626400828009258 13.863911390226027 14.027490475320766 14.135985095999992 14.20346403217823 14.239533643487006 14.249656516127349 14.235371878448616 14.194354315697373 14.120292822168162 14.002621136827978 13.826178993575416 13.570927668715813 13.211874925975025 12.719375448599134 12.059957010507626 11.197786377490376 10.096864811861233 8.724028077081863 7.052760842881581 5.0675371931741875 2.7679025396820753 
2.8019222844642537 5.100966205171565 7.078685642863164 8.736839322002801 10.093017921467172 11.175955483083644 12.020690458614201 12.664492768407182 13.143838624476789 13.49233444435399 13.739417661537487 13.90968000172937 14.022671874989884 14.093034140300219 14.130798192781441 14.141709087744001 14.12745801749508 14.08575397969322 14.010214401610561 13.890106992785913 13.710027035702998 13.449641327478409 13.08366521389396 12.582253887687358 11.911975991232664 11.037495269654288 9.924015463445292 8.540439072466818 6.863027062010072 4.879117969296201 2.590224955837572 
2.6063897378708427 4.89462463619714 6.873825670532423 8.543140621825716 9.916333653933718 11.01839140421923 11.881535710834653 12.541396031494305 13.033797726463693 13.392350626795075 13.646843471045598 13.822351932740178 13.938912492699705 14.011585581525079 14.050726670983229 14.062302839798349 14.048129428318667 14.005949768346982 13.929334985408596 13.807436849191092 13.62468161023352 13.360542368776967 12.989564611823864 12.481834366507751 11.804060889630424 10.921388472121537 9.79995179549553 8.410047952551047 6.729626686815767 4.747628226937968 2.466583724536555 
2.472693524980175 4.753131863043772 6.732274944066808 8.407892746907736 9.791583046875 10.906042273902527 11.781599363724848 12.4526301488508 12.95433674717563 13.320186448159667 13.580122742995757 13.759517726827186 13.878738134185644 13.953144912938459 13.993333322351297 14.005438856251027 13.991373969005446 13.948912419731588 13.87159547596003 13.748493276552662 13.56391228631266 13.297191435434039 12.922767418085433 12.410702619014316 11.727845080022057 10.839719781857521 9.713133295169982 8.319320914213533 6.63730286656974 4.65698412650731 2.381477122121676 
2.3819492257495996 4.65699058373392 6.6358178236526655 8.315375209922424 9.70590959090473 10.828632343133533 11.712588027731533 12.391255467894345 12.899357742341563 13.270225738216558 13.533892184312633 13.715933177304464 13.836952000673922 13.912528392341585 13.953433719846203 13.96592827050835 13.951997737850526 13.909440419873066 13.831776900938793 13.708015721910606 13.522368605414917 13.254062432425444 12.877433839093047 12.362503490443174 11.676196897436382 10.784297502368192 9.654087828154445 8.25747526982543 6.574246913872253 4.594996258882351 2.32324958776573 
2.3201585424848803 4.591652826367148 6.5706202738312465 8.253348539184731 9.649035701923976 10.777765490534179 11.667638039028665 12.351508496571949 12.863807006348662 13.237829495903492 13.503731126609654 13.687278564279834 13.809272493412783 13.88546361261645 13.926754952563124 13.939497812356679 13.925731231323098 13.88327193383744 13.80562444478079 13.681745129653416 13.495756339553294 13.226762950969075 12.848964321108925 12.332265918456624 11.643560058693879 10.74875241631374 9.615463844910156 8.21616413551782 6.531346610945093 4.552283812972137 2.2829407762809826 
2.2765335781837917 4.54593221241905 6.5261129603731405 8.212555659030764 9.613285866611218 10.74725022065223 11.641731175778693 12.329177195710413 12.843958863517168 13.21952694610786 13.486278835409399 13.67022447466313 13.79236610434483 13.868602818093832 13.909938322135856 13.922787919232832 13.909227491757749 13.86708757118198 13.789860608716491 13.666455460522487 13.480897804077948 13.21213474889725 12.834147288467234 12.31658983972122 11.62614110036882 10.728645071271748 9.591943896299876 8.189091304591528 6.501471544984124 4.52132199446607 2.253298722877108 
2.2419849519874107 4.510560598787944 6.493945418942089 8.186202295536576 9.59351347062695 10.733285722570043 11.631958849804949 12.321830467043766 12.837567190123252 13.213089285355338 13.479247925194281 13.662404426689212 13.78379486904514 13.859455867734694 13.900464532830304 13.91327434120445 13.899983154967304 13.858434006768043 13.782115923024996 13.659898758652163 13.475702412851886 13.208264630121302 12.831225198392218 12.313771869544366 11.622069329593833 10.721584085828015 9.58019233461003 8.17164978712938 6.478737654012172 4.495419817218156 2.2277063032895823 
2.2073387850339743 4.476541449719724 6.4669337801974915 8.169591393285419 9.58721826701148 10.734761828889669 11.637796625766956 12.328983882909215 12.843922960786507 13.217507730190764 13.481352814808128 13.662315758455273 13.781903254709944 13.85627043365535 13.896530645456668 13.909143218757889 13.896212185258486 13.855597112044714 13.780803693817658 13.660687146646131 13.479067779013702 13.214425903013588 12.839908217686443 12.32392717378593 11.63164265756368 10.72753587359904 9.579047660403164 8.160715616434771 6.457698034526975 4.467371545126106 2.198699423817538 
2.1605424011241015 4.43279552307352 6.437955479858167 8.160273824815626 9.595248260807987 10.75393206498488 11.661487059233021 12.352227409831624 12.863821162841239 13.232879064342452 13.49216287842791 13.66916487254778 13.785665106769981 13.857882740482893 13.896903462980095 13.90914476178033 13.89669711542747 13.857448127299438 13.784959491650179 13.668127270543291 13.490718722495139 13.230947631123003 12.861326141105199 12.349110363104314 11.657722608611385 10.749542593131173 9.590315135568773 8.154941932727363 6.43242855775095 4.4273213893516346 2.1553894465885746 
2.081337111343404 4.361754233711911 6.399268432397451 8.159589154966934 9.623884234365907 10.797590542401398 11.708478933222944 12.3952379901532 12.899385553759915 13.260176683603577 13.511879059558769 13.68266725247414 13.794506599399014 13.863557038653594 13.900768302501223 13.91244463040345 13.900636641481377 13.86328074404129 13.794060510822082 13.682015780659576 13.510979230365285 13.258982770329862 12.89785541886057 12.393340892487668 11.70620405679962 10.794954983212318 9.620938813547108 8.156420387441 6.395995342085724 4.358519753333772 2.078294853197649 
1.9250090476109516 4.232583715364365 6.342560733515669 8.180068290545481 9.688502512653088 10.878449127227853 11.787598947083696 12.463471053729599 12.953649196250646 13.30087057583307 13.541030561177053 13.702812393364532 13.808119345478227 13.8728283634737 13.907587234962326 13.918486792819813 13.907503419537806 13.872653073047726 13.807837798025858 13.70240385288513 13.540470286511047 13.300132680165241 12.95271043425043 12.462315346115155 11.786222184152301 10.876863531191232 9.686739676120604 8.17818002738276 6.3406171244717635 4.23066750342684 1.923208374411365 
1.603258508407922 3.9557759764749925 6.296011435130188 8.25681950733646 9.817447934210364 11.015589196395995 11.910332546297566 12.563235113845412 13.029782944289611 13.35637697314113 13.580104261190789 13.729612549170453 13.826280309148796 13.885361741823052 13.916977548715447 13.926877727641827 13.916922558959431 13.88524705397983 13.826096875157399 13.729347766689072 13.579743248767613 13.35590438997086 13.029185338688514 12.562503664064536 11.909465906158694 11.014596016889929 9.816348558246194 8.25564639583076 6.29480807699271 3.9545946957772635 1.6021494204181495 
0.3060872849633478 3.6732279500007863 6.353868702200413 8.4564778768052 10.052100822471797 11.232288207581629 12.088474178816323 12.699908474399937 13.129950772921513 13.427384609549277 13.629156699729219 13.762870625534381 13.848700267211063 13.900840864698472 13.928618928262098 13.93729902529939 13.928579075537623 13.900757818030161 13.848567616198865 13.762679466214513 13.628896559700937 13.427044752929877 13.129521866761067 12.69938452073659 12.087854518911426 11.23157929752789 10.051317415968773 8.455643302863255 6.353014262141257 3.672392025728768 0.30532395648835237 
-6.210760459993331 2.288929777857064 6.897482626311442 9.73405338623942 11.438376769715925 12.440476470149669 13.032267794202669 13.391650246453256 13.616913066982043 13.760633681097417 13.852311940768852 13.909979569646655 13.945321655711087 13.965955825593644 13.976624104056382 13.979905312018303 13.976615293855954 13.96593737952344 13.945291982805104 13.909936444860822 13.85225271903643 13.760555578171369 13.616813445387605 13.391526901029984 13.032119393661882 12.440303413140494 11.438182259047915 9.733844131984345 6.897268613256332 2.288725394852876 -6.210898053292351 
-6.919219186577256 1.3897919700933168 7.052656243886051 10.378271544375648 12.178514219087866 13.081908870856907 13.517945231289499 13.732356029787246 13.84516399831317 13.908999511183806 13.946642502534358 13.968995107567068 13.982052341079786 13.989370694692726 13.993038147575898 13.994147149326663 13.993036427151155 13.989367077591782 13.982046486401599 13.968986538232667 13.946630661470685 13.908983805025825 13.845143497825898 13.732328179620794 13.517903882612682 13.081843726853043 12.178415018496077 10.378135922278632 7.052497469804472 1.3896400791438461 -6.919329796701194 
-6.943832420067993 1.4692164097173661 7.307109670021387 10.785438023040392 12.584914207289579 13.407318976683216 13.747988733846737 13.883518113423014 13.940180491572614 13.966904329035335 13.980978926802823 13.988776924305071 13.99310667683099 13.995434342214311 13.99656399275661 13.996899557912204 13.996563697739822 13.995433719863781 13.993105663710397 13.988775431022315 13.980976884463297 13.966901852924826 13.940177662470568 13.883510935364253 13.747955776291649 13.40720559451751 12.584635312628906 10.784926977482831 7.306388501362892 1.4684467117634663 -6.944415548928047 
-6.4504761366575725 2.1392526975690025 7.885135103936169 11.228301779412764 12.888019492807569 13.592128477984437 13.851408503735444 13.937754146776278 13.966240227990754 13.976859689912171 13.981627953512996 13.98404804677972 13.985320497214776 13.985976599595517 13.986284984045165 13.986374948642835 13.986284940120763 13.985976506912232 13.98532034577528 13.984047813407479 13.981627627706292 13.976859769203546 13.966243434593018 13.937763395370816 13.851389705019725 13.59190333372045 12.887196983690597 11.226405224149083 7.882060295321376 2.1356256374823794 -6.453270320501941 
-4.823807042966557 3.4416332843435344 8.875754340027939 11.853089811809701 13.204165348228168 13.711689578604835 13.870978946034523 13.914080604676213 13.925041917006894 13.928152372564146 13.92929781004524 13.929820173733635 13.930078401282062 13.930205669324746 13.930263446047112 13.93027996756971 13.9302634417291 13.930205660257746 13.930078388869122 13.929820149409604 13.929297665956359 13.928152317726164 13.925048021454177 13.914122231098636 13.871094943337468 13.711625113170397 13.20264587998209 11.847974902354464 8.865515111712233 3.4282509872983664 -4.835148347763055 
-3.517607365051788 4.396304192972216 9.50408772221173 12.130431258052953 13.211194680995126 13.565585145873335 13.657391233274923 13.676319849327097 13.679669808543858 13.680321453618905 13.680507516836876 13.6805804914286 13.680613104070696 13.680628030728103 13.68063441777939 13.680636179430797 13.680634417654055 13.6806280299989 13.680613107063486 13.68058051045456 13.680507346411543 13.680320347150454 13.679675416415067 13.676408612579529 13.65784295896051 13.566718560656387 13.21108197670689 12.120979697926554 9.477683889648732 4.354431291721379 -3.554311052338538 
-3.3438228792748323 4.490221664777757 9.244944330707716 11.538899727547713 12.424867756931654 12.689895578316214 12.748844302435494 12.758039562462182 12.758988199678331 12.759077951736515 12.75910126773214 12.759109333530718 12.75911215053976 12.759113301582016 12.759113762514295 12.759113883102824 12.759113762538254 12.759113300485433 12.75911215312685 12.759109381615495 12.759101102805767 12.759075399232415 12.758990567721012 12.758190991923392 12.749928823960618 12.694030497702562 12.434051269710576 11.538864226936493 9.187033247441489 4.378431645081021 -3.4641432500197755 
-3.9362095648396536 3.5574743803497246 7.501578609512152 9.369661074752829 10.077694439126354 10.281142816569501 10.322747009271712 10.328000871073321 10.328223576348915 10.328196427439037 10.328197812181198 10.328199228132965 10.3281993532045 10.328199373611213 10.32819938755585 10.328199390771694 10.32819938765327 10.32819937214902 10.328199353409545 10.3281992998445 10.328197728253421 10.328192648098389 10.32821953184795 10.328198668487287 10.324515420290439 10.289594145841356 10.103704789606025 9.427526677103508 7.501579694511259 3.2141223383528392 -4.2055686209070275 
-3.4233011756706038 0.6309258144391502 3.274940518085142 4.641592054183074 5.16981589031897 5.321386092277415 5.3515412031711955 5.354976049305579 5.3550015272725675 5.3549578096452946 5.35495683418685 5.354957729966761 5.354957734363446 5.354957714324515 5.354957714346077 5.354957714446655 5.354957714491944 5.354957712867553 5.354957732350483 5.354957807657265 5.354956846902697 5.354953673735527 5.35499222999448 5.355175825995293 5.353641157005048 5.332521476928037 5.211242085009538 4.7533301865584825 3.6183404095687814 0.6309793906952605 -5.821763663991852 
-6.415888849831262 -5.812895865853229 -4.147596221032597 -3.2362181108933097 -2.8743941518069396 -2.7699579275316153 -2.7492361939303414 -2.7469392551192393 -2.7469472149427765 -2.7469818766620064 -2.7469827996352607 -2.7469821442134497 -2.7469821376967545 -2.746982151402973 -2.7469821508501537 -2.7469821506016423 -2.7469821507232153 -2.7469821525151263 -2.746982139962605 -2.746982082649167 -2.7469827592438394 -2.7469851573185657 -2.7469561993121543 -2.7467840989557644 -2.7475191239619394 -2.7603419009770698 -2.838067638340866 -3.1159332199894125 -3.8782459916067102 -3.4136742167714718 -6.415236232734995 