Step: 3915.0
9.61562040387565 9.411033431277533 9.986132990098332 10.579597794281167 11.24228618337267 11.90332920949013 12.529093474282742 13.101457554904021 13.610916555572514 14.05253238923455 14.42383904904488 14.723682446568057 14.951547706651114 15.10714951385114 15.190172067657043 15.20009912866027 15.136101877114916 14.996966380811108 14.781049971185867 14.486260201106415 14.110053453715846 13.649454613863774 13.101107267701178 12.461380949964264 11.72660148807493 10.893548065237093 9.960688274658475 8.929621303040161 7.822079948486703 6.457182491049906 6.538413279081027 
8.950578788294054 8.38570120644205 8.837545471949186 9.547210786223374 10.294842282864074 11.028116100462988 11.715829392677902 12.341825765475198 12.897508934762593 13.378429675708366 13.782407181184329 14.108469179155696 14.356221218549004 14.525453954458317 14.615888948548912 14.62700986169837 14.557949709389918 14.407417310300392 14.173652711689464 13.854405194467445 13.446930324235383 12.948006076533554 12.35397456877467 11.660829708796951 10.864400156987942 9.960755640344011 8.947012272698279 7.824373051369623 6.591944783629868 5.421764356417505 4.611642504821081 
5.938799639635967 6.681085964663134 7.537044074612866 8.43899458590771 9.32300844621506 10.154144162198557 10.91749016126306 11.60437276812829 12.210080925249214 12.732240529580361 13.169839673400599 13.522596095684742 13.790538263407898 13.973720181530133 14.072023091671568 14.085016315695599 14.011860567057056 13.85124321899538 13.601338296719936 13.259785631918783 12.823684563678784 12.28959848905385 11.653568134032186 10.911134216163337 10.057375728833371 9.086967554359035 7.994364910258913 6.773356751218991 5.427305533112642 3.9361060694546715 1.8518325510865774 
2.7148934139169283 4.795329658945138 6.153875309899741 7.314109909468776 8.355976569632206 9.297860048657904 10.143966375225279 10.895597395250004 11.5532843963977 12.117567607871807 12.589119460114194 12.968668927452335 13.256871642777682 13.454179278903379 13.560725872781136 13.576236091789703 13.49995581058397 13.330603433232532 13.06633916735423 12.704748219197164 12.242832306101612 11.677001571693403 11.003054915502148 10.216128217239127 9.310568527456802 8.279644994160808 7.11479140983921 5.804251182937688 4.3235327126940835 2.589918354007204 0.5257746933423649 
1.1244407315545066 3.1994801596474303 4.870245434058301 6.2433131724101 7.4322480950679655 8.480825167301505 9.408221992816037 10.223795385270869 10.932790596593533 11.538553444139428 12.043470380193808 12.449344192729653 12.757520204883026 12.968902406871356 13.083925020256496 13.102511170957852 13.024034105869935 12.847287853819438 12.570469051506402 12.191167774206242 11.706361451986155 11.112401200391618 10.404972302010208 9.578996058965739 8.628409854079079 7.545686234285959 6.320811109634198 4.938569029755072 3.3717753057048956 1.5845282813589339 -0.4548106273133152 
-0.024793538992983134 2.027901081422826 3.782955504697347 5.284592822518648 6.584594248478932 7.723083178267454 8.722905487919633 9.597289643206855 10.354330850355781 10.999345436250149 11.536051105977704 11.96715019341384 12.294602083155917 12.519735920927962 12.643284274790105 12.66538174933135 12.585552622327496 12.402700035206635 12.115101875698333 11.720412992425436 11.215668401902057 10.59727650760135 9.860983466375057 9.001777018724257 8.013674914211412 6.889304163809589 5.619087599834089 4.189893452455511 2.5849273744716594 0.7868992788103745 -1.2135231351281146 
-0.8981924803378675 1.1145274025583607 2.895161283684886 4.458953905834136 5.831688111547002 7.038235368530876 8.097630767762976 9.022871724715083 9.822793685265953 10.503566107439024 11.06964133376331 11.524300022650413 11.869943323599214 12.108235783478648 12.240165914847884 12.266066115398816 12.185617248804826 11.9978523638067 11.701166426521567 11.293333076564075 10.771524301549187 10.132323816940184 9.371719218117933 8.4850512635168 7.4668923163864305 6.310826415887328 5.00915838261661 3.5528941539127263 1.9326638736808641 0.14135666999312826 -1.82193077527215 
-1.5878238255414945 0.38582348515160136 2.1673723643494593 3.7606480255935333 5.177445533347391 6.43209722998601 7.537737511091024 8.50491135796491 9.341629152836754 10.053929349531613 10.646400101366908 11.122542468083829 11.48498852585624 11.735616864525195 11.875605447090022 11.9054524341715 11.824986181712838 11.633377764090021 11.329163015585017 10.910275831428288 10.374089977357233 9.71746278614283 8.936771180845312 8.027929881235458 6.986387631702619 5.807122526869689 4.484733002300726 3.0138335342564226 1.3900361040811133 -0.388380173423154 -2.318441028507079 
-2.1434741947230433 -0.20501415913410515 1.5678345881650373 3.173567202531055 4.616528966402867 5.904128073278447 7.044514978334108 8.045220579271865 8.912652168386348 9.65207183348732 10.267743289437593 10.763081229114762 11.140752550175577 11.402728759300398 11.550305398436432 11.584106555227345 11.50408951300475 11.309560104478582 10.99920476312368 10.571141083806099 10.022985102541043 9.351930786448989 8.5548361735947 7.628313051157021 6.568826869710478 5.372837202719318 4.037046948787991 2.558862764135513 0.9371499501540014 -0.8267493843218408 -2.7279609794300366 
-2.5969773406425385 -0.6890736749176989 1.0717455864502432 2.6813160695245806 4.1397382538359135 5.4499326661584595 6.616251908432213 7.643467518783761 8.536187298362874 9.298592750865874 9.9343479674272 10.446572028132769 10.837820964205102 11.11006321734356 11.264651058940824 11.302297001963945 11.223064778010029 11.02638237748106 10.71108165479901 10.275465871530884 9.717403714501613 9.034446216351444 8.22396237170839 7.283291435948022 6.209916865855647 5.001679563973088 3.657062888396813 2.1755862861263973 0.5583207956396451 -1.191520976117187 -3.0680456606866695 
-2.9704504666082694 -1.08861825512335 0.6598159238963289 2.2692300289200693 3.737115057678759 5.063354493229065 6.249445879494129 7.297833804720789 8.211421535130242 8.993245493279627 9.646260830410068 10.173188813878175 10.576395716283251 10.857791272556145 11.018746375917514 11.060034875099632 10.981805460091136 10.783588613680477 10.464341631751873 10.02253239363336 9.456260229065462 8.763410156884166 7.941835358103204 6.989562601574386 5.905017088197549 4.6872667281575575 3.3362891766779676 1.8532635954852765 0.24087814885273046 -1.4963768165960212 -3.351983105839657 
-3.280443089853588 -1.4205964393203987 0.316612080575228 1.924631924975643 3.399139838089789 4.737775034167336 5.939790246422824 7.005681062357006 7.93683409105744 8.735211418224232 9.403073719337192 9.94273894581159 10.35637432558728 10.64582237156136 10.81246403523409 10.857123224608387 10.780016766771693 10.580752954634859 10.258380407604141 9.811487264509566 9.238348743193866 8.537118789477212 7.706058802895428 6.743793165364303 5.64957749857262 4.423561553456298 3.0670254650213473 1.58256775707653 -0.025771869169515994 -1.7524618240925662 -3.5904941807987876 
-3.5402554120100915 -1.6987580203790211 0.029280173697543266 1.6365313403834223 3.1171349203250918 4.466810218743082 5.682871913438855 6.764120410733472 7.710619280257413 8.523398670138706 9.204129321127159 9.754803464182084 10.177446572607408 10.473874040870928 10.64550073236068 10.693208000180228 10.617270952462508 10.41734758383562 10.09253045606287 9.641460553747933 9.062501434803055 8.353969413925638 7.514411651812764 6.542917829091399 5.439441676531901 4.205096260923666 2.8423751583595873 1.3552494560776378 -0.2508908295942734 -1.9694383017974433 -3.792844670174513 
-3.761485445987265 -1.935114109150196 -0.2134631914538149 1.3952094567405449 2.883356518798493 4.244704618402502 5.474667037880627 6.570480188781577 7.531069590745251 8.356731029601304 9.048727720168552 9.608879806023603 10.039191564641786 10.341538901277856 10.51742693910973 10.567821206630919 10.493053204553995 10.292800224675766 9.966139151708495 9.511673913786991 8.927735655492219 8.212652885584829 7.365084788022577 6.384402974507098 5.271092785556289 4.027122138928508 2.6561968480990523 1.1638018436853574 -0.4430491741436909 -2.1563442582478065 -3.967734751888911 
-3.9553284690419552 -2.1411729777450392 -0.4222082352685225 1.1918263921002925 2.691031655506234 4.066640623168117 5.311957500968941 6.422714201491631 7.396918248263668 8.23440908910873 8.936312400898506 9.504507297256268 9.941158745298067 10.24833564694603 10.42772002204912 10.480406407212005 10.406788641603296 10.20653148196912 9.878625769183484 9.421527346325227 8.833380901823816 8.112329598022042 7.2569086295240925 6.266513771116468 5.1419205734330715 3.885798536199534 2.50310398139411 1.0011643739311498 -0.6107557594254823 -2.3224691279902814 -4.124217190404495 
-4.134041451192472 -2.3292963725402305 -0.6077212402077155 1.018141721812491 2.5345352097208114 3.9291428315966654 5.192780595042884 6.319797628791253 7.3076483877824145 8.156132243215467 8.866618212797738 9.441357996186472 9.882917709222395 10.19373144024199 10.375770197782003 10.430317217970936 10.35784130308689 10.157962352853623 9.829506652472242 9.370653110230428 8.779174859306154 8.052782804484247 7.189578018891771 6.188617020669495 5.050584474457396 3.7785412991235834 2.3786450196240754 0.860527488651143 -0.7631596849763753 -2.478485217654511 -4.272928837586448 
-4.313173902627454 -2.5146089313528646 -0.7818995992690995 0.8665693801094843 2.409975372966216 3.8307673576103007 5.116990733588991 6.262131353892826 7.263762457880773 8.122264911011785 8.839762851003105 9.41927622521329 9.86406309000449 10.177124790440974 10.360850445900136 10.416780953529859 10.345477239729696 10.1464829128863 9.818377558468578 9.358923214436325 8.765312566486173 8.034532682498705 7.16386248682394 6.151525930899841 4.997526329343242 3.704688148907318 2.279904975734966 0.735453386317823 -0.91089103614088 -2.638210900612203 -4.428171955709203 
-4.515701877437724 -2.7184853678568843 -0.9585304506684249 0.7311476965347307 2.316754184465975 3.7731939750788337 5.086929131898019 6.251920550202292 7.266977410823443 8.133918437861334 8.856259684477491 9.438250263105463 9.884162618802781 10.197780501269998 10.382044224067792 10.438822236911925 10.368786147252086 10.171374861756075 9.844842629957936 9.386395101311784 8.792426599367671 8.0588803283 7.1817613414168155 6.157841613779786 4.98561318795449 3.666582252244296 2.2070825694324214 0.6208936760101462 -1.0667415570957592 -2.821996980422748 -4.6119456055186685 
-4.78412391259255 -2.9738593318693347 -1.1537536697503477 0.6125736187429339 2.2602452660229964 3.7625781223709676 5.108044275912381 6.293422749088462 7.320280963785382 8.192908878448147 8.916927187834618 9.4983009941391 9.942639497364162 10.254712034828382 10.438128821255734 10.495145333393772 10.426559669316859 10.231683747655902 9.908381557246903 9.453180276371866 8.861472458582316 8.127839083666604 7.2465337577305755 6.212179064071991 5.020744228822375 3.6709231766409323 2.1661811830845803 0.5182473324063211 -1.2460744693615982 -3.0619632305166418 -4.865950308354577 
-5.194248398972372 -3.358703862810016 -1.3602211245366904 0.5256590324967053 2.2547135417525244 3.810538719454579 5.189154424397539 6.392911567340994 7.427770541158122 8.301549074826257 9.02267276055148 9.599276583836682 10.038585266040249 10.346511984197248 10.52741759937684 10.583979323256848 10.517129700958629 10.326041630261921 10.008150971644163 9.559224327537171 8.973495484269309 8.243909006873185 7.362521626467042 6.321119046021079 5.112108455092818 3.729758781551249 2.171940100176064 0.4428285759296518 -1.4410262349253211 -3.4353452893260474 -5.2653121398879525 
-6.345075204756077 -3.785609679693867 -1.529587886356534 0.5046550838761753 2.323984661398688 3.9339534991435374 5.342030427168449 6.55822479158455 7.594215437023909 8.46224637195934 9.174138137367205 9.740550160511981 10.170506671140489 10.471138386312376 10.647571220215982 10.702896964499773 10.638176754065523 10.45244776855433 10.14272317666241 9.703994471002705 9.129265027948948 8.409663623538297 7.53470286833216 6.492751560034684 5.271769126003982 3.8602897105212843 2.248520478451256 0.4292058339323906 -1.6029970443875894 -3.854726361930918 -6.406980375830368 
-12.071368703912434 -6.040218141948596 -2.3318918016938888 0.5396882833887675 2.863206147263612 4.762522131228789 6.312337988284477 7.569549300945819 8.581608621868885 9.388473465276554 10.022929074579281 10.510845673583898 10.871741528189789 11.119581130410896 11.263616973970786 11.309100563057502 11.257748074441173 11.107902525135774 10.854375142582917 10.487982107263148 9.994834068637752 9.355493195956836 8.544173936881224 7.528182917378485 6.267673773720293 4.715348834144171 2.8145458670638352 0.4909174397233132 -2.378837327339785 -6.0823141546281745 -12.100673114256804 
-13.202790678787174 -7.528892198045734 -3.017832155998105 0.4361643778582658 3.1393255725095197 5.257958947919048 6.908412960791233 8.183290717635035 9.159794992857474 9.901661883078024 10.459720961939937 10.872768572454452 11.169035682851385 11.36798869132235 11.482089457884642 11.518216799412329 11.478572461547428 11.360990900119814 11.158630853262549 10.859069052430288 10.44287556403639 9.88184793112834 9.137204852071863 8.15812066463642 6.880874738223637 5.228345860423351 3.1081629124339645 0.4044493859173874 -3.048318352913156 -7.555088483341871 -13.221109345720443 
-13.684984466519484 -8.091852964545309 -3.426937047168247 0.3000903995075775 3.2080334956441208 5.441513396531289 7.128725726399375 8.383344127270131 9.303813686072361 9.971913059098874 10.45224996575522 10.793256081068927 11.029365260074284 11.183716106616323 11.270750148353768 11.298272611325197 11.268747361258706 11.179735883804463 11.023458817486153 10.785499072691135 10.442734531417477 9.960727854207613 9.29100872177626 8.368886271515898 7.112472079317201 5.423264449152332 3.1877436589651125 0.2782628086643328 -3.4487963527910313 -8.111128327363929 -13.698529034952854 
-13.812805009973046 -8.257929265467723 -3.6287857671726367 0.12889909467228025 3.0720569919270875 5.305291123518443 6.953261368905006 8.1396611915029 8.976268644559232 9.556853766957968 9.95498265242785 10.224887004725186 10.40425462642175 10.517757745944692 10.58039676033026 10.600102599093233 10.579346232572911 10.515679657509532 10.401196378595781 10.22092011271661 9.9501939178317 9.551318061913179 8.969992394038693 8.132490829930486 6.944770921973301 5.294727179617186 3.0585428956691967 0.11206205422753183 -3.6478932933549575 -8.276344584392934 -13.826176930802491 
-13.433581790095909 -8.245784654154663 -3.7912393850614454 -0.15312760882700527 2.684918711082314 4.808646826575502 6.338755734690404 7.404074534124526 8.124158561832981 8.599493164481247 8.90789304479529 9.105426276481284 9.229919979325059 9.305317456283595 9.345687926793449 9.358257551897934 9.345240739815152 9.30444840851363 9.228684213757537 9.103914091284711 8.906227759923302 8.597807242791486 8.122527382271375 7.402382128771091 6.336468430079289 4.804490993813027 2.6767133572077633 -0.1675769938104796 -3.812145601188907 -8.269173277311204 -13.452172721481224 
-13.282523495516301 -8.490883661499502 -4.297335841941219 -0.882112698021937 1.761534868158086 3.7163926273701784 5.09925860418581 6.03747770667968 6.650472761532903 7.038402885721993 7.277922690473836 7.423215135865665 7.509931110205615 7.559984565214138 7.585861741343302 7.593803974355715 7.585694579134084 7.5596797404770975 7.509555813910378 7.422887380140651 7.277821289659633 7.038759085788857 6.651519097349206 6.039317522162823 5.101594528819778 3.7180104838468027 1.7592262326535861 -0.894218276082269 -4.322800937791494 -8.525882295918137 -13.312292153018257 
-13.848613252381638 -9.357215210269585 -5.572497400700773 -2.535862967435596 -0.19497993050387574 1.5244747638007414 2.726295585227196 3.526792105169006 4.036492821132381 4.348255325002421 4.532674157412173 4.638998075530487 4.6990355554731345 4.731893333467489 4.748183384291142 4.753086281860938 4.748144647387946 4.731850010874881 4.699067929257154 4.639254362747999 4.533396214844727 4.349796453660376 4.039308722535372 3.5313765357855305 2.7330092842285065 1.533087748807578 -0.18644409296776718 -2.536956130881897 -5.605159214746179 -9.416141344979252 -13.909916542526155 
-14.826523197811953 -10.798106405123011 -7.702803465122646 -5.190236643226245 -3.238091913832247 -1.8042554098586259 -0.8082681717770478 -0.15275346227726544 0.2571373350483694 0.5015885157503102 0.6413999973140234 0.7186308188966825 0.7600908739704368 0.7816093827241594 0.7918040127285131 0.794801653282797 0.7918182073336126 0.7816739447530937 0.7602926167963914 0.7191353551728763 0.6424908376238192 0.503711526190412 0.26094418353077653 -0.14636278305217895 -0.7980927751662504 -1.7886958579788534 -3.2154923740654384 -5.1587409808337 -7.7026401089802645 -10.950323978275911 -14.942394456069781 
-15.160633756947872 -12.945079815862522 -10.765637963129874 -8.857590576467745 -7.345590470767678 -6.229269629139431 -5.455286304460835 -4.9492593854718665 -4.636366666612565 -4.45280208978624 -4.350185202163326 -4.29520702502937 -4.266810898165705 -4.252705272361046 -4.246289417370302 -4.244444933024581 -4.246259768288943 -4.252612590328069 -4.266574062120115 -4.294668220694631 -4.349066524985333 -4.45064782269871 -4.6324659177843674 -4.942522089109485 -5.443978785325888 -6.210388569321608 -7.312775411945937 -8.799135172121046 -10.611663879465436 -12.942929404525126 -16.230222825638236 
-16.711864115646293 -16.191757917423775 -14.759744854871627 -13.446253192396512 -12.389542891046332 -11.606573407691718 -11.063750684832035 -10.709672092542599 -10.49166000897877 -10.364577530903164 -10.29418368411643 -10.256943629852953 -10.238027001631798 -10.22881573593249 -10.224707354121103 -10.223539602475325 -10.224681962988695 -10.228739861885265 -10.237839391328595 -10.25652425400661 -10.293318977412358 -10.362911977078678 -10.488626463459791 -10.70437028723614 -11.05468121376168 -11.590891469620722 -12.361314040096024 -13.385103790464411 -14.642289075727728 -15.11415831822077 -16.705948955259693 