Step: 3105.0
10.189809164220529 10.007897773591539 10.589564738694264 11.198863023448608 11.873173899006972 12.540703217881646 13.167881807332192 13.737297396021997 14.240479296616321 14.673699140298195 15.035763520851555 15.326759212304939 15.547297690946943 15.698034318191922 15.77935024934279 15.791139436725858 15.732670096358278 15.602503552237017 15.398460204574988 15.117626026080336 14.756395700669463 14.310552304366633 13.775391220564458 13.14591342435166 12.417154657081044 11.584800967101204 10.646582549312795 9.604061381085847 8.480005336002451 7.1082475832913685 7.16484847625856 
9.535407783881507 9.012021921325006 9.490302496615515 10.218488518941914 10.979526859403634 11.720186453900718 12.409628740696956 13.032540809846514 13.581482923107412 14.053334947025272 14.447305958886572 14.763775508522546 15.003574786966269 15.16751748930552 15.256083023987516 15.269201197865392 15.206110925455961 15.065277342628326 14.84435760293921 14.540208653909856 14.148932380292537 13.665956403136308 13.086154919382688 12.404027846247851 11.613986859609833 10.71087887646328 9.690939968512488 8.55501230898712 7.303219256773422 6.104554546467237 5.248916669912427 
6.5533238724152385 7.342782663439726 8.233545933640137 9.159996143725092 10.060145803062841 10.900141880310425 11.665871411222383 12.34975478397781 12.948407591861674 13.46092818470806 13.887824004399107 14.230281912957357 14.489658653194331 14.667115472601605 14.763353512797035 14.778425143477689 14.711606807817972 14.561324307785645 14.325123851625008 13.999682938689208 13.58085519540927 13.063743347902617 12.442795348123962 11.711920884192269 10.864630487317125 9.894195995578318 8.793924806586293 7.556776969747902 6.18496061418426 4.6562607141835395 2.5203735587050202 
3.3643751019383936 5.496308382323279 6.894605384445985 8.083693731000423 9.14468455546703 10.09715463711966 10.94651135260251 11.69538769981446 12.345822416140516 12.899979997749515 13.360187214229253 13.728762688023792 14.00779476678129 14.198927623120207 14.303178013844704 14.320791332006534 14.251139961665462 14.092664014387198 13.842852272560576 13.498258879608525 13.054548691505081 12.506560842529039 11.848374932304914 11.07335447428625 10.17411897078238 9.142344165679447 7.96806459989067 6.638263649154562 5.127194464555513 3.3509040636764023 1.231002203269912 
1.8117175722555545 3.9418045556704757 5.656093389747467 7.0613941251651875 8.272047633087647 9.332919062256984 10.264495967009026 11.07763642509706 11.779250652418435 12.374453687249293 12.867419257224071 13.261659715795519 13.560057344236233 13.764793881617623 13.877249297387753 13.89790563279764 13.826274308522668 13.660855617878738 13.39913279873143 13.037598036391932 12.571802814677662 11.996419077531849 11.305288794529547 10.49142351648647 9.546883023342083 8.462382860268061 7.226332490130634 5.822147129200423 4.221510105117579 2.3877410972571376 0.28900672452448395 
0.7015099737311301 2.8126657876698924 4.614485415803378 6.151201532345863 7.475161559317048 8.627492554569068 9.632380524220213 10.504655076259338 11.254202520911596 11.888238588740492 12.412394194416493 12.831197632104418 13.148247626646324 13.36623537373538 13.486901907616277 13.510979188104404 13.438142131331801 13.266986050129988 12.995035351850252 12.61878260472609 12.133750849250942 11.53456511090797 10.815009866010998 9.96803499759947 8.985648128904975 7.8585909844599025 6.575609877798192 5.122179047145428 3.4804738402916895 1.632645003535688 -0.4306017008035434 
-0.13239629806751152 1.9421235139974662 3.7725113757628557 5.373914623538103 6.772582510243172 7.994342239297085 9.059587419386249 9.982987701226103 10.77527202438421 11.444625193106596 11.997530518342357 12.43920635823253 12.773792924166496 13.004399660658445 13.133085650950907 13.160819165199586 13.08744489012627 12.91167530533925 12.63111380850881 12.242310050494739 11.740841535657452 11.12140914002841 10.377927205693483 9.503580984134173 8.490816999458064 7.331232493656021 6.015387243794108 4.532880205659381 2.8733661096643406 1.0292814480749 -1.0001291632108802 
-0.7825992388672134 1.256123719346048 3.090254708879808 4.7234639981585715 6.167965356465519 7.439030491206011 8.551177183026876 9.516685829533495 10.345551199777658 11.045933529299507 11.624563265235727 12.086986850220116 12.437672687441026 12.680025722643133 12.816355984315383 12.847836068439811 12.77447199976284 12.595102812222654 12.307436568780243 11.908124009800504 11.392865237310014 10.756539689363796 9.993345495151157 9.096932667988147 8.060519941543845 6.877010423765222 5.539197833699173 4.040269111419618 2.3748817255207375 0.5409133044704169 -1.458455142108059 
-1.2992992644242818 0.7074379671611765 2.535565819099697 4.18338847203015 5.655648515789291 6.960697108659713 8.108102354518392 9.107194555509857 9.966452929626827 10.693363677006866 11.294440818210665 11.77524985841337 12.140389886263074 12.393439442264748 12.536887339368382 12.572070829157255 12.499139338157844 12.317056287157286 12.023645698087883 11.615684861693193 11.089039475141115 10.438833674592708 9.659645115746512 8.74571663588354 7.69118509410048 6.490351345619463 5.138053454248378 3.6302400115453066 1.9648213048073522 0.14276111578993278 -1.830823796583361 
-1.714670828395013 0.2646198902697442 2.0832874360686526 3.736950016346503 5.2260971428303105 6.554607799111133 7.728294517173956 8.753796317542939 9.637882003536037 10.387059965636658 11.007352815747037 11.504136111714333 11.881994204444904 12.144583507243004 12.294511057836969 12.333241671153887 12.261046313637753 12.077001052646848 11.779041756356307 11.364075411331013 10.828144884570314 10.166640602608807 9.374550723576611 8.446742368478784 7.3782724361468075 6.1647385507813475 4.802695240194292 3.2901649871404484 1.627250604565586 -0.18320464795747632 -2.135039751620452 
-2.0511092741727976 -0.09488958528409545 1.713828030565285 3.3691809111424673 4.869046253618998 6.214287682494998 7.407910926372763 8.454301556920932 9.358617827909926 10.126330267380364 10.762864651959699 11.273307561790968 11.662152069626513 11.93307841014307 12.088774764519345 12.130807137192658 12.059547154940338 11.874164447721446 11.572687220590078 11.152131253226615 10.608694131973342 9.938008247313562 9.135443351968194 8.196447918934197 7.116918907110787 5.893591942224502 4.524446565567516 3.0091198954445506 1.3493119772212312 -0.4508533053526924 -2.3845688816249253 
-2.3253784496449486 -0.3882675957298093 1.411518919899762 3.067165069581483 4.574730205713372 5.932856610948431 7.142357359692834 8.2057489825128 9.126775255227615 9.90994830464124 10.560119593309125 11.08208779060389 11.480250157728122 11.75830529376922 11.919015736290842 11.964038389515585 11.89382929697428 11.707627277001924 11.403518643998417 10.97858269447808 10.429114747407203 9.750920121400853 8.939668326549246 7.991291823828753 6.902408041281244 5.670737516435521 4.295486601188478 2.777662676478197 1.120295914666543 -0.6714452893480884 -2.5902416659928127 
-2.5509257120058635 -0.6294189144038911 1.1633516399860406 2.8197598818915597 4.334315747675805 5.703759751626924 6.927020724859727 8.00500818142544 8.940257761522064 9.736479910001847 10.398069605047425 10.929625807832824 11.335514633409838 11.619497605192397 11.784437796467303 11.832091468155737 11.762989694434973 11.57641247879575 11.27045635722864 10.842194945730112 10.287929797500448 9.603525679438176 8.784819177966867 7.82808143501149 6.730503912630451 5.490660906397604 4.108888342133125 2.5875153493074525 0.9309056864265741 -0.8546847958232989 -2.761366283374037 
-2.739430867342119 -0.8304345713311385 0.957979065036775 2.6172021616371137 4.140024021065293 5.521196387104071 6.757799612219955 7.849279437141945 8.797168664113034 9.60459628778997 10.275703522111996 10.81505867740812 11.2271272888328 11.515826862316008 11.684179685546484 11.734068839491444 11.666098748609697 11.479560262455283 11.172500047850955 10.741894044544054 10.183924056840125 9.494354264758975 8.668999251441972 7.7042651728000076 6.597728318073201 5.348687881533849 3.95859602803821 2.4312457974006105 0.7726222005874563 -1.0095808336757075 -2.906623828692061 
-2.902121570775431 -1.0028387551255549 0.7848417332578168 2.4507364801386835 3.9852012699960033 5.380467820951334 6.631557495971896 7.736532940528286 8.696178187701461 9.513354441293538 10.192248947852434 10.737651316649961 11.154320502583548 11.446467819614274 11.617362650515265 11.66905934553988 11.602241298569686 11.416178692491123 11.108798322268536 10.676866134719328 10.116284720003685 9.422507881730096 8.59107109701687 7.618227696291678 6.501661451771397 5.241208870344503 3.8394552466806116 2.3019890721422214 0.637074426965451 -1.1453376949704404 -3.03500595489115 
-3.0512836458297623 -1.158981517323223 0.6332922387682434 2.3123616571088013 3.8645418599565606 5.278431006998514 6.546613623155251 7.66593390806501 8.636851166309297 9.462430415589003 10.147327760528848 10.696893939258537 11.116434357949302 11.410629444936808 11.583106008434529 11.636146576079623 11.570524835780265 11.385459023698353 11.078680065026306 10.646616532706947 10.084703256935494 9.387823798876765 8.550897734448377 7.569619678191812 6.441343858007623 5.166074224414054 3.747436529566579 2.1932752775184152 0.5153281185041565 -1.272526086979959 -3.1570954669988036 
-3.202603898340137 -1.314034667102219 0.4916214381024279 2.194933872751673 3.7747501506384147 5.21425828038629 6.50335208484497 7.638271597642222 8.619924734507007 9.45228463066625 10.141043499892849 10.69253825235624 11.112920907045288 11.40754019342246 11.58050163908576 11.634377795339763 11.570046887497645 11.386646215324788 11.081635323710184 10.650972803653683 10.089419183358512 9.390986248640711 8.549559608911506 7.559725626863047 6.417834917402544 5.123328538828895 3.6803118327106903 2.0991967782571272 0.3970238392489812 -1.4049359667828578 -3.2872629326377165 
-3.3795621702607885 -1.4896844651061538 0.34629103540060674 2.093253169957677 3.7162506692551767 5.190629786219868 6.504941333689427 7.656350498995662 8.647494021263265 9.484224763452035 10.173974449117136 10.724553679437378 11.143282876044006 11.436379284285495 11.608541873468337 11.662689013462142 11.599816631038568 11.418957422826761 11.117234360959177 10.690014234509222 10.131179603709286 9.433550384341265 8.589499096160939 7.591816916844487 6.43490457560376 5.116393966826859 3.6393813747515487 2.0155420624915337 0.26968596595306754 -1.5631723400476905 -3.4479605053592 
-3.626346367392658 -1.7197975861412151 0.18149077727937335 2.0095061529975324 3.6961126595654887 5.2152074061995215 6.557990804481494 7.725223792505736 8.723029300265607 9.560318376180373 10.247043178636835 10.792986667831462 11.206938068835198 11.496150501997455 11.66600028448878 11.719786769568383 11.658630528235653 11.481445446097915 11.18497652368326 10.763910688630984 10.211084171153024 9.517827823390526 8.674510799135525 7.671362500158115 6.49967594569 5.1535431949410615 3.6324128021946156 1.9452664859782296 0.11833243402163726 -1.7802534472795468 -3.682557110456159 
-4.022736117161661 -2.0861285135418353 0.006733941839578114 1.9613873707137537 3.7312714537136173 5.301721070786006 6.672803095971247 7.852091433539966 8.851130034519908 9.683104210644562 10.36123621249946 10.89771175477604 11.303007387853222 11.585501894206379 11.751271589238666 11.803993738084904 11.744908262129611 11.572810556990605 11.284066683494085 10.872658849013979 10.33028760851877 9.646580012549238 8.809479104669554 7.805914714892542 6.622872301104991 5.248989806100595 3.676875568557921 1.9066310640711037 -0.04694434013832459 -2.137217640244988 -4.070168360282058 
-5.2060920905119525 -2.4947917161986313 -0.12394347924997166 1.9880859850580186 3.849392833485124 5.4697652773060765 6.862854143093111 8.045700665236856 9.036936960982016 9.855063941538694 10.51715892923321 11.038073824603348 11.430034382294956 11.70250378702919 11.862185103099334 11.913073142844471 11.856503372869767 11.691172965959414 11.413126736285166 11.015714404540766 10.489543373466395 9.822478924956076 8.999781213434183 8.004504831701858 6.818298294732464 5.422693064502212 3.8008207493932753 1.9392058015563476 -0.17176647684102103 -2.540010897104175 -5.246677562244929 
-11.103379907359079 -4.633609277123069 -0.6843852557445278 2.317634826692502 4.685327566670234 6.563619459255712 8.048172752132643 9.215124051231404 10.127656579227803 10.837163147817165 11.383816012881558 11.797703049428309 12.10044283448213 12.306887158982315 12.426586700432784 12.464856629017468 12.423404680878452 12.300537825704117 12.09095954143816 11.785144524482284 11.368273716359067 10.818766812068874 10.106576900780565 9.191575700120808 8.022427221851641 6.53604182995388 4.656447843705481 2.2882538535534107 -0.7130459205943965 -4.6595803961772395 -11.121496686284736 
-12.152280127832926 -5.993887862193095 -1.156541341532445 2.4674850058872373 5.215431544389737 7.286682553073672 8.83114907493299 9.97127956821091 10.807341369575566 11.41839448621838 11.863729400120372 12.185611210944966 12.412767241805083 12.563819145732449 12.650105984776138 12.677671431367834 12.648408825466696 12.560431994304198 12.407706572440373 12.17890540952311 11.855418473042821 11.408522552827865 10.79593944329622 9.958343986269387 8.816636553327402 7.270559141809204 5.197811698806766 2.448861201944432 -1.1750273524931776 -6.010118148581243 -12.163728542011484 
-12.516951614581956 -6.37968806195904 -1.344335947765783 2.5743360302603597 5.521691308071508 7.683496393960584 9.231738325865622 10.318604676806173 11.071107691148315 11.588602888685195 11.943954653385465 12.187472849516556 12.352043591168181 12.458078140533818 12.517479809930135 12.536369145958883 12.516623955172447 12.456372256381595 12.349501209407205 12.184116759309779 11.939813064702355 11.583692134734106 11.065393007568908 10.311938929898911 9.223805255928541 7.67383255992113 5.50988745524828 2.560459818367056 -1.3592432108743004 -6.393448037039979 -12.526794279871893 
-12.493398472979536 -6.327365638764255 -1.2986639908430024 2.656532468466694 5.6254567412027985 7.761434519479667 9.242086333192557 10.236678139235169 10.889140115960705 11.311230453697243 11.583131080874436 11.758476444152961 11.870986425270766 11.940696263011429 11.978787045687973 11.990797565342502 11.978391018655365 11.939912024384544 11.869833007681732 11.756988566040521 11.58135822374256 11.309217586879237 10.886870543881484 10.233960049247147 9.238389057130634 7.755768369738425 5.616556947451585 2.6435753407978844 -1.3149375339985934 -6.3439917624747775 -12.505716405539786 
-11.880469888861015 -6.053958003416673 -1.1834649324889037 2.6450862107788895 5.484604798399077 7.480204563228265 8.815286844309815 9.670257343030352 10.198508670152759 10.51691200110669 10.706668950893693 10.819845194840523 10.887558920860613 10.92728558996961 10.948234240271198 10.954746885238933 10.948090565205813 10.927009012728089 10.887177594699104 10.819416486401138 10.706290445105045 10.516715203542171 10.198602986818122 9.670575692138561 8.815283339931112 7.478394860895434 5.47828037979055 2.631351096594012 -1.2052323917795622 -6.079331548024213 -11.900921109215595 
-11.553908994176808 -6.117914117387263 -1.5063004879728201 2.0874418905897025 4.713465885069499 6.5220452980319354 7.698034492114289 8.422534421226302 8.848144682598136 9.088986791471177 9.222174563657306 9.295374699672058 9.335820615757168 9.35802373367952 9.369211724419339 9.372621344149557 9.369168401219394 9.357950564268231 9.335754726633722 9.295397626540268 9.222440211108589 9.089741314998525 8.84970115622573 8.425135374461387 7.7014971898934546 6.525049987321277 4.712144678183656 2.0745294981787916 -1.5354199366961359 -6.158851498506302 -11.588940791304918 
-12.065113869229084 -6.919539048283378 -2.7321916649221256 0.4646901065352919 2.7783726122161827 4.351619831875201 5.354907102512974 5.955902243576142 6.295501018810999 6.477908797979951 6.572208329855331 6.619963591399433 6.644093382695494 6.656280522785005 6.662051642265971 6.663758515747167 6.662045642258949 6.656284767307465 6.644154181488849 6.6201876925341505 6.572810986627985 6.479270553839236 6.298203435707286 5.960682369188946 5.362429371660535 4.361822118514511 2.7889122602469394 0.4638838933533661 -2.770940919380902 -6.990192036753179 -12.138646285258675 
-13.08606841310767 -8.429494079865917 -4.996512040930285 -2.354456472043614 -0.4333538510642272 0.8680236576114904 1.6889010230197579 2.171684954184653 2.4371661090622827 2.574351941342695 2.6415641610972664 2.673244117479736 2.6878945063898074 2.6946271998865674 2.697571688058986 2.698406489869872 2.6975780976099153 2.694657635900289 2.6880003211361476 2.6735474201859732 2.6423216514446852 2.576045579227317 2.4406074793101395 2.178107493383144 1.7000105075753804 0.88601089663691 -0.40641070495868 -2.316679732139115 -4.996413395198832 -8.611122542574424 -13.22529610483003 
-13.391617499797038 -10.834798532373181 -8.427965352472098 -6.42833851277114 -4.946480332253873 -3.939024429231848 -3.306303136697958 -2.9379789715095095 -2.738766849315468 -2.638339189824782 -2.5908841139927836 -2.5696516441921067 -2.5605103509515277 -2.5566610691164082 -2.555114853361908 -2.554698117976195 -2.555105843752809 -2.556626566352066 -2.560401661139038 -2.5693508218338894 -2.590137080531278 -2.6366522430929087 -2.7352639698170242 -2.9312100064376505 -3.2939296721716267 -3.9171551883120714 -4.907360130217198 -6.358174893519621 -8.244903159946237 -10.832927542278199 -14.657710287605232 
-15.195210970244482 -14.619867317658931 -13.044453794617516 -11.671501359682674 -10.637998260241304 -9.933098997265352 -9.49077223294763 -9.234200104853057 -9.096287396492283 -9.027422481923594 -8.995346515886142 -8.9813022581713 -8.975445118826077 -8.973082321310946 -8.972176629983693 -8.971939903929071 -8.972169365861815 -8.973055340473087 -8.975361452950517 -8.981071752218446 -8.994773216209575 -9.02612087864894 -9.093560841300754 -9.228861170195286 -9.480822940078813 -9.914898784486825 -10.604302350391583 -11.598190124729799 -12.903942272503393 -13.346401154882697 -15.189682959470819 