Step: 45.0
14.492310727506423 14.34789791060826 14.486304744064082 14.512512591138355 14.524546353080565 14.528574546709546 14.529920397801353 14.530347686908748 14.530481106759451 14.53052207998395 14.530534539758516 14.530538298957126 14.530539426464406 14.530539762293573 14.53053985910034 14.530539877057683 14.530539845468306 14.530539709768524 14.53053923735516 14.530537619901718 14.530532095169432 14.53051324974297 14.530449089489371 14.53023105896484 14.529493633646398 14.527001580046152 14.518738189894552 14.490661839671926 14.407431680065624 14.025899713832509 14.223691959516504 
14.398313842321741 14.020807587646082 14.08668036324341 14.133036968668637 14.147735527341377 14.15274039475598 14.154321928842437 14.154816905082665 14.154968880282174 14.155015120632202 14.155029074637676 14.155033261874516 14.155034512386282 14.155034883632785 14.155034990416715 14.155035010344307 14.15503497615508 14.155034828778225 14.15503431532464 14.155032556049129 14.155026540902428 14.155005998509038 14.154935924848642 14.15469740615405 14.15388649009757 14.151147661033102 14.141854351527263 14.111411577346718 14.003992794998277 13.735700243911872 12.961641861161342 
12.964984803292248 13.716292068269679 13.942043073967238 14.012911191694908 14.035612688356858 14.042382218173538 14.044431014910176 14.045043820131095 14.045226988835553 14.045281520261472 14.04529771962244 14.045302520632136 14.045303940641062 14.045304358983264 14.045304478704923 14.045304501385305 14.045304464879658 14.045304306075296 14.0453037517801 14.045301849098873 14.045295328968459 14.045272994498191 14.04519652622705 14.044934732391942 14.044039589392424 14.040972588279127 14.030530977211887 13.994369105373803 13.874527696409773 13.45232058751908 11.559641998594158 
11.554788331114986 13.443784367914803 13.857167818773608 13.969187738171621 14.000514106057887 14.009560068286865 14.012167733723546 14.012926482842275 14.013147608799713 14.013212225212465 14.013231125217445 14.013236657659675 14.013238277338498 14.013238750547135 14.013238885220717 14.01323891122613 14.013238872724012 14.013238703115325 14.01323810977868 14.01323606896501 14.013229057980132 14.013204968580078 14.013122151821014 14.012837288029568 14.011855733417224 14.008472162983752 13.996732901890216 13.956103756048257 13.812621356310746 13.277024180574543 11.417961625558034 
11.415664110658716 13.273832983303539 13.807635308231008 13.949153208063636 13.988432596464047 13.999462866655046 14.00260512354321 14.003504485010218 14.003763404185658 14.003838183221617 14.003859841255835 14.003866125932609 14.003867952036595 14.003868482122709 14.003868632345164 14.003868661921981 14.003868621775164 14.003868442458739 14.003867813935589 14.003865648810034 14.003858197888562 14.003832542622984 14.003744134470328 14.003439077201113 14.002385108965875 13.998732826360039 13.986054336034343 13.941761630605445 13.785100185512162 13.242411209329454 11.374674369105607 
11.373819030910832 13.241349426102412 13.783616877472616 13.939810053593988 13.983720426107972 13.996169071749234 13.999709979789067 14.000722570360782 14.001013024717707 14.001096604033458 14.001120710023285 14.001127676661842 14.001129692920715 14.001130276087318 14.001130440984864 14.001130474029733 14.00113043260225 14.001130245088731 14.001129586994443 14.001127318596302 14.001119507541215 14.00109259753639 14.000999814963258 14.000679633397375 13.999573295971269 13.995746531120368 13.9824878217415 13.93645325835219 13.777716146750643 13.232451881286224 11.364942538705405 
11.364656576446448 13.232111330362264 13.777275053009623 13.93589447988371 13.981827012124329 13.995014923878042 13.998802434341188 13.99989050213989 14.000203567112969 14.000293760464945 14.000319782796412 14.000327300169742 14.00032947403758 14.000330102138394 14.000330279687052 14.000330315807146 14.00033027344707 14.000330079473963 14.000329398362515 14.000327051206671 14.000318972777418 14.000291161064634 14.000195376393929 13.999865345083386 13.99872788927921 13.994807030312788 13.981293899053647 13.93484703652803 13.775529524007963 13.22989845707011 11.362311395612855 
11.362219778331598 13.229792337898038 13.77539807635953 13.934685787962634 13.981105207099208 13.994597821956297 13.99850583705544 13.99963653689776 13.999963489031336 14.000058041729453 14.000085394046913 14.00009331039521 14.000095602444263 14.000096265223238 14.000096452775434 14.00009649140107 14.000096448412974 14.00009624971292 14.000095552071885 14.00009314999788 14.00008489183198 14.000056502143137 13.99995890184278 13.999623392910049 13.998470350652012 13.994509710881474 13.98092209611662 13.934358398799198 13.774919412066394 13.229198067890486 11.361623137250406 
11.361594579112321 13.22916550212579 13.77488032882314 13.93431158527464 13.980867930746149 13.99444969356156 13.998406375811259 13.999557107401268 13.999891443842536 13.999988515849381 14.0000166906517 14.000024867048996 14.00002723954295 14.00002792678049 14.000028121601543 14.000028162108219 14.000028118736378 14.000027916842614 14.000027208295393 14.000024771287139 14.000016404042851 13.99998768349256 13.999889121465296 13.99955098505974 13.99839144572341 13.99441772246975 13.980807835920512 13.934215115063026 13.77474634045024 13.229007717101858 11.361436034543807 
11.36142726499826 13.22899782802018 13.774734732535666 13.934201477988971 13.980792218576115 13.99440045997994 13.998372998637926 13.99953179217979 13.999869513732254 13.999967870202044 13.999996498516623 14.00000482767841 14.000007249863595 14.000007952839885 14.000008152497411 14.000008194301829 14.00000815072914 14.00000794687628 14.000007231791786 14.000004774666346 13.999996347836388 13.999967458633996 13.999868447978686 13.999529220947418 13.998367397029735 13.994389543711515 13.98077351822081 13.93417325931458 13.774697592736542 13.2289551208436 11.361385018736959 
11.361382320660132 13.228952106644902 13.774694125685956 13.934169263523145 13.98076899768002 13.994384570481 13.99836207975658 13.999523671243667 13.999862757682768 13.999961691618385 13.999990542722658 13.999998952131905 14.00000140181954 14.000002113862688 14.000002316397184 14.000002359007276 14.000002315371301 14.000002110508868 14.000001392065867 13.999998924881268 13.999990469552813 13.999961504729276 13.999862309890043 13.999522685148527 13.998360106332408 13.994381026702353 13.98076330258619 13.93416112273577 13.774683780530829 13.228940501989333 11.361370904651682 
11.361369944616659 13.228939456423262 13.774682649199882 13.934159900173354 13.980761984987799 13.994379612858003 13.998358604167603 13.999521109473301 13.999860680209839 13.999959839652746 13.999988783930933 13.999997228542442 13.999999690663014 14.000000406878582 14.000000610756159 14.000000653771592 14.000000610196253 14.000000405108844 13.999999685741379 13.999997215496148 13.999988750961197 13.999959761029297 13.999860505804419 13.999520753391725 13.998357941720005 13.994378494980527 13.980760281998739 13.934157561905412 13.774679766926809 13.228936278532746 11.36136684063293 
11.361365965234473 13.22893541439637 13.774679037289227 13.934157031901991 13.980759910243698 13.994378205862667 13.998357650320928 13.999520415500697 13.99986010949491 13.999959318755712 13.999988279708058 13.999996729093194 13.999999192329708 13.999999908723982 14.000000112614392 14.000000155685242 14.000000112326541 13.999999907846028 13.999999190000782 13.999996723249215 13.999988265817464 13.999959287778609 13.999860045266054 13.99952029270646 13.998357434958283 13.994377860823345 13.980759406381146 13.934156363066306 13.774678232256676 13.22893454013752 11.361365115366922 
11.361362540185782 13.228932066241097 13.774676596115219 13.934155680085357 13.980759540749217 13.994378342375509 13.998357937210859 13.999520612109764 13.999860173045187 13.99995927601361 13.999988178583468 13.999996601102847 13.99999905329582 13.999999765493058 13.999999967926472 14.000000010682754 13.99999996778679 13.999999765082352 13.999999052257806 13.99999659863733 13.999988173061247 13.999959264422976 13.999860150403059 13.999520571149855 13.998357868864893 13.994378237447206 13.98075939286867 13.934155489136309 13.774676370885455 13.22893182461388 11.36136230633605 
11.361351628367885 13.228922596084868 13.774670381021558 13.934154286985942 13.980760992539212 13.99438109521337 13.99836022612922 13.999522073408018 13.999860872784367 13.999959551830898 13.99998826027789 13.999996604049304 13.999999026677045 13.999999728385893 13.999999927344797 13.999999969311759 13.999999927280632 13.99999972820401 13.999999026238786 13.999996603062096 13.999988258184604 13.99995954766973 13.999860865064202 13.999522060089475 13.998360204819928 13.994381063660086 13.980760949374316 13.934154232543825 13.774670317884715 13.228922529060277 11.36135156373226 
11.361310486195595 13.22888139256635 13.77465176681389 13.934151773594314 13.980772486141788 13.994392991194617 13.998369238096087 13.99952657678624 13.999862779255126 13.999960274756575 13.999988511860808 13.999996682230996 13.999999044371727 13.999999725806395 13.999999918324994 13.999999958842404 13.99999991829699 13.999999725729754 13.999999044195318 13.999996681852773 13.999988511097712 13.999960273310819 13.99986277669086 13.999526572539466 13.998369231542094 13.994392981784957 13.980772473593804 13.934151758082566 13.774651749085406 13.228881373914819 11.361310468265039 
11.361093032080797 13.228742175073002 13.77456338665503 13.934183543160675 13.980823447382726 13.994447669255354 13.998396681648044 13.99953798383144 13.999867017467906 13.999961749114169 13.99998900175408 13.999996838587268 13.999999091538852 13.999999738158328 13.999999920034046 13.999999958201686 13.999999920022379 13.99999973812744 13.999999091470714 13.999996838447604 13.999989001484632 13.999961748624886 13.999867016633663 13.999537982497879 13.998396679653702 13.994447666466892 13.980823443747258 13.934183538742868 13.774563381673284 13.228742169870488 11.361093027096935 
11.360450636530278 13.227810821803155 13.774533140572428 13.934284124229027 13.981172373826189 13.994618986951954 13.998465196758968 13.999562388232 13.999875192951912 13.999964386651653 13.99998983079407 13.999997094183028 13.999999168866577 13.99999976096711 13.999999926711764 13.99999996138559 13.9999999267071 13.999999760955134 13.999999168841143 13.99999709413302 13.99998983070134 13.999964386489578 13.999875192684696 13.999562387818917 13.998465196155461 13.99461898613343 13.98117237276987 13.934284122985597 13.774533139167072 13.22781082038214 11.36045063514088 
11.353368106917994 13.226789852718035 13.772822136122276 13.936723682338974 13.982283433922815 13.995034972028929 13.998605161099546 13.999607028025626 13.999889034356586 13.99996859480715 13.9999910947975 13.999997470359766 13.999999280043127 13.999999793719336 13.999999936862215 13.999999966719457 13.999999936860418 13.999999793714833 13.999999280033888 13.99999747034226 13.999991094766225 13.999968594754046 13.999889034272787 13.999607027895635 13.998605160926902 13.995034971766588 13.982283433665646 13.936723681909836 13.772822135886816 13.226789852234825 11.353368106788132 
11.353483728502104 13.18813631249352 13.792385013458013 13.944292433139696 13.984818648238548 13.995828681059796 13.998843309098168 13.999677649656492 13.999909713632547 13.99997462249651 13.999992844061213 13.999997976927492 13.999999426516181 13.999999836233116 13.999999950002225 13.999999973678174 13.999999950001538 13.999999836231417 13.999999426512828 13.999997976921314 13.99999284405049 13.999974622479396 13.999909713603046 13.99967764962676 13.998843309005448 13.995828681102301 13.984818647859063 13.944292433659953 13.792385012338457 13.18813631419613 11.353483727153376 
10.755166629751653 13.373083825138265 13.847053552251573 13.959447516588476 13.989198354350002 13.997047145622373 13.999188495417886 13.999774762381895 13.999937197136084 13.999982399964697 13.999995050880507 13.999998603853003 13.999999604987433 13.99999988737652 13.99999996566255 13.99999998193671 13.999999965662234 13.999999887375756 13.999999604985916 13.999998603850406 13.999995050875887 13.999982399956892 13.999937197130757 13.999774762333454 13.999188495540489 13.997047145066503 13.989198355931276 13.959447512482294 13.847053560657328 13.37308381134601 10.755166650904748 
8.45488678296787 14.277944409216337 13.977477131472547 14.001328020851957 13.999708910922898 13.999993291430869 13.99999045769559 13.999998451663522 13.999999458141058 13.999999869680648 13.999999962058705 13.99999998985584 13.999999997156596 13.999999999222108 13.999999999778717 13.99999999989392 13.999999999778765 13.999999999221997 13.99999999715706 13.999999989854555 13.999999962061864 13.999999869680062 13.999999458096278 13.99999845200809 13.999990455928252 13.999993298648077 13.999708886759041 14.001328086972752 13.977476986141305 14.277944661487256 8.45488643810475 
8.739519546639198 14.130283588922913 14.001760402905568 13.999077957989595 14.000146004110661 13.999978399939032 14.000002882330461 13.999999566928873 14.000000051168362 13.999999990220555 14.000000000067239 13.99999999909641 13.999999999326937 13.999999999321636 13.999999999329216 13.999999999329699 13.999999999329104 13.999999999322103 13.999999999325063 13.999999999103158 14.000000000046244 13.999999990267641 14.000000051166325 13.999999566148288 14.00000288812267 13.999978370788213 14.000146119254087 13.999077594099637 14.001761306623221 14.130281876951708 8.739521974882434 
8.717228004869034 14.145936354770463 13.995587070813679 14.00045886175094 13.999908526687959 14.000016247538744 13.999997459337685 14.00000040121916 13.999999970106579 14.000000031139322 14.00000002272596 14.000000023876288 14.000000023722496 14.000000023743295 14.000000023740638 14.000000023740938 14.000000023740972 14.0000000237417 14.000000023729411 14.000000023848237 14.000000022829713 14.000000030808696 13.999999970874505 14.000000401082339 13.999997447050882 14.000016340813758 13.999908058306623 14.000460658759954 13.995581787070597 14.145947759954069 8.717210800881894 
8.589816353490686 14.177207263987302 13.997544930461626 13.999473307477162 14.000103974337556 13.999983907014018 14.000001208708769 13.999998889693039 13.999999192447996 13.999999153451125 13.999999158421959 13.99999915779604 13.999999157873663 13.999999157864254 13.999999157865318 13.999999157865435 13.999999157864325 13.999999157869201 13.999999157850695 13.99999915789756 13.999999158000218 13.999999155053514 13.999999187179927 13.99999890249557 14.000001203979314 13.999983713588017 14.00010549708398 13.999465653086654 13.997573207392193 14.177132839524823 8.589942039518201 
9.921408032873448 14.267160684197389 13.980549186974738 14.001529094364924 13.999913582362431 14.000038495042539 14.000029328595295 14.000029886715847 14.000029876160644 14.000029870783607 14.000029872301942 14.000029871995942 14.000029872050929 14.000029872041592 14.000029872043235 14.000029872042306 14.000029872045936 14.0000298720275 14.000029872120098 14.000029871668357 14.000029873786653 14.000029864443386 14.000029901006398 14.000029801981254 14.000029545871906 14.00003836501343 13.99991052526621 14.001554457069721 13.98042093815145 14.267610728627915 9.920436270885627 
10.816476565394002 14.299162566780444 13.970396135984103 14.002743900921939 13.999425738097386 13.99978276710308 13.999742209348742 13.999747086165602 13.999746467595322 13.999746549628677 13.999746538385075 13.999746539959348 13.999746539736437 13.999746539768148 13.999746539763372 13.999746539765596 13.99974653975682 13.999746539803834 13.9997465395523 13.9997465408842 13.999746533890358 13.999746570540045 13.999746376018042 13.999747452707757 13.99974094829426 13.999785873480015 13.999425834634065 14.002681490962715 13.970860674083966 14.297074494237885 10.821966856183733 
10.7345777010145 14.303056191514257 13.975911123111 14.004955108135528 14.002531508047905 14.002708776973845 14.002700004464476 14.002699644488414 14.002699850733418 14.00269980694291 14.002699814416353 14.00269981326712 14.00269981343204 14.002699813409665 14.002699813413024 14.002699813409583 14.002699813427322 14.002699813328105 14.002699813878028 14.002699810870743 14.00269982702056 14.002699742500711 14.002700167672502 14.0026981699215 14.002706305232335 14.00268553544672 14.00259310969096 14.004955308200856 13.974539301101839 14.313220072159337 10.69701575039186 
10.469086654857453 14.326864777706623 13.934585020702919 13.974987925919395 13.97077672946162 13.971219602841702 13.97117291012733 13.971177785770305 13.971177293067296 13.971177338920205 13.971177335519915 13.97117733557435 13.971177335629095 13.971177335611923 13.971177335614962 13.97117733561958 13.97117733558811 13.971177335771923 13.971177334707791 13.97117734083294 13.971177305827192 13.971177504111555 13.971176393041167 13.971182543138282 13.971148891200478 13.971332184951239 13.970315855926726 13.976358968968738 13.934585106712648 14.288825980706676 10.73551212138383 
12.57168579733563 14.480330719212555 14.289530681835174 14.30978310382793 14.307452386056958 14.307746247618748 14.307705904164207 14.307711823513314 14.307710915054617 14.30771105836759 14.307711035397766 14.307711039112528 14.30771103850864 14.307711038606932 14.307711038592165 14.307711038586742 14.307711038634505 14.307711038346458 14.307711040069057 14.30771102977347 14.307711091234752 14.307710725273862 14.307712893561428 14.307700163168793 14.30777367357383 14.30736214357843 14.309528638131631 14.299621200548067 14.327569564906911 14.48032968333631 10.6118834285635 
11.130900327425701 10.612160808003374 10.733384474311615 10.711876177100816 10.715336966220802 10.714803174797307 10.71488405487459 10.714871863092121 10.714873704029392 10.71487342453691 10.714873467279078 10.714873460690388 10.714873461714127 10.714873461554113 10.714873461577685 10.71487346158389 10.714873461522778 10.714873461897014 10.714873459620923 10.714873473518818 10.714873388211766 10.714873915322437 10.71487063047541 10.714891328208962 10.71475902019437 10.715620812892896 10.709869967386787 10.74943471533934 10.466958307260091 12.571971862659344 11.13090802004591 