Step: 1260.0
12.227915335847404 12.11015458687462 12.666122777490255 13.250855490547638 13.857831082801322 14.417517968110442 14.903425738806307 15.308178951193511 15.634554910136176 15.890236911398622 16.08483771788979 16.228103423659963 16.328808109862766 16.394075314143766 16.42896747880124 16.43623767304709 16.41617196790852 16.366478756384293 16.28220739261664 16.155703231477116 15.976628363025743 15.732095786918249 15.40697964290431 14.984479783552 14.4470516503531 13.777893142289352 12.96353832236274 11.99766245088688 10.900609071561153 9.557392502213366 9.538879007633152 
11.616319695992448 11.222995174035098 11.742119680378083 12.448791615560689 13.13987486091037 13.764964220525938 14.301957576374113 14.746707532398931 15.104112003176892 15.38350072372246 15.595846843368676 15.752034119380935 15.86176456646934 15.932877935961383 15.970936491726903 15.978972703315923 15.957328179247444 15.903539413072824 15.812252609849045 15.67517564682038 15.481098367011384 15.216031008167601 14.86352387413789 14.405242100333139 13.821887287031622 13.094622609807598 12.207237568970227 11.150808096963765 9.92240189212987 8.674837802556537 7.666119664992122 
8.754519204513736 9.694177575673564 10.652705638369568 11.57328320121502 12.405091052619039 13.12463677364088 13.728679215062174 14.222344334720107 14.615842601654485 14.921841636910424 15.153608012348249 15.323692053374508 15.44303151835675 15.520366978622185 15.56187642426565 15.570950408940055 15.548046317806808 15.490581871854475 15.39285252750795 15.245982490984193 15.037941489111448 14.75367588840864 14.37541022070932 13.883171387436375 13.25557225747659 12.470852495771297 11.508188403344104 10.348382093676756 8.981886471540776 7.3735399551314735 5.062204524907957 
5.714164855038238 8.012478563185434 9.49413980942091 10.688094071819913 11.684116729334294 12.512960422459468 13.192910204213494 13.740786812044549 14.173509688433796 14.507952051267063 14.76020331977334 14.944803917054823 15.07412651003475 15.157937874216628 15.203114839971255 15.213466872053546 15.189618663326032 15.128920035442478 15.025371608136343 14.869578168881 14.6487626598847 14.346887294196874 13.944929192383055 13.421339505677924 12.752665167792694 11.91420976363396 10.8803048163174 9.623583905440729 8.105734846521443 6.232962020801374 3.9221919782720924 
4.328444789532006 6.63905730733235 8.448868570027402 9.867065462914315 11.01550891060286 11.950305863861757 12.705763939611563 13.308153889349711 13.780451464475423 14.14357724079789 14.416445336434617 14.615627514932052 14.754974722700139 14.84531714688462 14.894262935311643 14.906072417546657 14.881573693106006 14.818093435291688 14.709395160150763 14.545639374642382 14.313399951772768 13.995782814611522 13.57269006231457 13.02124690163784 12.316347847586163 11.431151502642436 10.337131985363124 9.002440751734547 7.386288035134683 5.443677756161496 3.1401988278534154 
3.395579889093793 5.701470458302702 7.609679873121214 9.166081576797984 10.43004774798665 11.454056485389517 12.27675613148516 12.9293390326142 13.438803460043184 13.829187670908864 14.121788740260651 14.334993323216647 14.48402208690281 14.580715139850177 14.633389905682305 14.646756989898579 14.621865409056591 14.556054497939817 14.442907323393374 14.272222416378947 14.030040630655966 13.698775691065473 13.25749421838583 12.682367315092018 11.947264246106053 11.024376401002991 9.88463284357707 8.497702988167834 6.833332285127947 4.865987898760368 2.584636794242957 
2.743963557469548 5.027496807580704 6.974675396233419 8.601974964565063 9.942566060699553 11.033861428752658 11.911294561601906 12.606715247451067 13.14889190192654 13.563761988121469 13.874335539164946 14.100437155136147 14.258441252121488 14.361074051093354 14.417294750569502 14.432234637776364 14.407163135504689 14.339457632714474 14.22257271768057 14.046027600179514 13.7954518022266 13.452742650030848 12.996388388289986 12.40199414763552 11.643015277389045 10.691664953382698 9.51997818150531 8.10129664775408 6.412737746182187 4.439264301028816 2.1787451126185053 
2.2761933454204706 4.538087347654512 6.499088715146847 8.164065206475184 9.552231057782024 10.69077649010203 11.609834666160024 12.339620917141643 12.909015172590783 13.344782227176434 13.670971810218534 13.908426730029943 14.07441373874005 14.182383841457066 14.241842275342995 14.258291026676613 14.233204886227254 14.164014171196692 14.04408881733875 13.862743965674687 13.605310617041921 13.253330890090272 12.784941427490265 12.17549865506722 11.398479519073518 10.426676749858423 9.233735738184153 7.796143699318198 6.09580744996787 4.123137570388448 1.880102173931254 
1.937804682795508 4.181482432392336 6.1461562199170805 7.831279767234063 9.248766371994583 10.419276063392 11.368575565661573 12.12465091897591 12.715654489192215 13.168462814081815 13.507636225688314 13.754666255611115 13.92746156449229 14.040032526012935 14.102325790403265 14.120154341210286 14.095173855490694 14.024872987939645 13.90257018399505 13.717437822450266 13.454600418216902 13.095372016615302 12.617704596936148 11.99691254796763 11.206720822854646 10.2206647917865 9.013853912737373 7.565088958582577 5.859252832774901 3.889746790841266 1.6605432990880316 
1.6930047358661926 3.922352521208389 5.8866686378634165 7.582716618893845 9.018375285670295 10.210255909630733 11.180959074032842 11.956478966716432 12.564002888780536 13.030159749659008 13.379684253320868 13.634446471165793 13.81279502194367 13.929155862635252 13.993820058286886 14.012852105010737 13.988059933316064 13.916988300982121 13.792925529172464 13.604944558782773 13.338027657092097 12.973344436172791 12.48876065731858 11.859648014327103 11.060043113014936 10.064169990441865 8.848296867889152 7.392841267412668 5.6845623637188005 3.7185889031900197 1.499955489667525 
1.516578765064464 3.7350921355363247 5.697799567349478 7.400006991533867 8.8472300814187 10.053511628056965 11.039243121787576 11.828853919489266 12.448636421105219 12.924866410940371 13.282291265213873 13.542999294384877 13.725642385772854 13.8449548252093 13.911493756959432 13.931523292662964 13.906975273300466 13.835442842884122 13.710194063981902 13.520226512056269 13.250414419501725 12.881821788229647 12.392262780347663 11.75718086708897 10.950889310986 9.948169235081773 8.726162162698255 7.266427964949384 5.556975425686665 3.5940240900354614 1.3832402381350477 
1.3898623154765233 3.6004545275643376 5.561636233119826 7.267803559881357 8.722928621294542 9.939304786782424 10.935747003054932 11.735509232906615 12.364171777614184 12.847703689828933 13.210837194003064 13.47581822816343 13.661532353609163 13.782956610442527 13.85085961755142 13.871664834271437 13.847402955966693 13.775704481196184 13.649817115901902 13.458669001508785 13.187031711048368 12.815860387774912 12.322896307520633 11.683604459646618 10.872482771087709 9.864722050403547 8.638124667919504 7.1751201140568845 5.464665287324386 3.503802152734336 1.2986710524118563 
1.2984857742565594 3.5035129591049756 5.4640078918772295 7.173614067713899 8.635052314449947 9.859220523026996 10.863704185020906 11.670875135508089 12.305819411129425 12.794340266767934 13.161229527437477 13.428915471548262 13.616509103953998 13.739204443113644 13.807950507113288 13.829302151101443 13.805368525866239 13.733805163051828 13.607831984332886 13.41629858856807 13.143853787605652 12.771302096075752 12.276238943771327 11.634042128353615 10.819254554963026 9.807322992378957 8.576569969229173 7.1101953516390095 5.39806288821905 3.4380489656408146 1.2368099235958554 
1.230817870773109 3.4322015064919587 5.393504691778341 7.1074443237849145 8.575335588621735 9.806641716670887 10.81782702260242 11.630599075338948 12.269805406036905 12.761312772583056 13.130140441472228 13.398999247156855 13.587270047259656 13.710370973671697 13.779419193262662 13.801082895657732 13.777533757841052 13.706440671170377 13.580984853994604 13.389918439362821 13.117727403701759 12.74498906550702 12.24902709563652 11.604954628669546 10.787149922610492 9.771123133716891 8.535615024222084 7.064652302205591 5.3492346595096185 3.3883998432530573 1.1895997189263912 
1.1765710128219045 3.375997839691322 5.34056521084784 7.061419701544527 8.537742665278035 9.777092784757576 10.794732187865227 11.61193383811777 12.253673657443425 12.74623930400095 13.115148837051448 13.383565443502565 13.571224981530895 13.693797897482678 13.762567045931226 13.78430044138866 13.761219261184646 13.69099677922214 13.56676651202981 13.377162556026787 13.106457282689744 12.734896093304393 12.239349035704775 11.59439518975893 10.77391445121248 9.753165582166114 8.511160724376595 7.032941971561908 5.311230877186497 3.347054685416105 1.1493620483188178 
1.125115912683394 3.324378914083331 5.296527193079805 7.029528741246648 8.518708670090055 9.768680504633448 10.793366776585748 11.614054684667549 12.256485476554735 12.74792608037438 13.114784333501332 13.380903718955544 13.566481092781007 13.687469818865635 13.755312031326806 13.776858534963234 13.754367181192011 13.685511705831473 13.563378218441082 13.376472826715089 13.108808802112547 12.740182302760513 12.24677726449568 11.602254076289924 10.779457356770541 9.752796966905766 8.501164628412154 7.010824640409376 5.277332237066223 3.3054853015523906 1.107369502205168 
1.0627724898119113 3.2645414202012555 5.252575045772694 7.007821212501863 8.51791634005704 9.782879244245073 10.815527454018994 11.638324203053749 12.27890913691674 12.76635682778576 13.128468375552108 13.390020144482202 13.571761435691855 13.689933665814381 13.756109356814939 13.777191257009633 13.755457797629889 13.688587001825303 13.569636405432432 13.387001764202598 13.124422585837845 12.761148104659897 12.272422771347667 11.630491920533524 10.806353738931115 9.772464465630465 8.506471985226362 6.995672668646275 5.240148805236844 3.2523361808690754 1.0513169929630437 
0.9676050746407662 3.1770826516891537 5.199021332128582 6.995889560827138 8.540381539747443 9.82580476159032 10.866437678893485 11.688435305225712 12.323145570513132 12.8025353570222 13.156342659930267 13.4104793689505 13.58626698669913 13.700177227172228 13.763839822716644 13.784153775675094 13.763395146439045 13.699260477064263 13.584826037655716 13.408442858610599 13.153628491030776 12.799062247595515 12.318847288545916 11.683276603078475 10.860430205225658 9.819020564837688 8.532961425678689 6.988043742232713 5.19102049454496 3.1692396538801892 0.9602490593410493 
0.7937121325181281 3.0293143280450225 5.125183236734504 7.003893863314389 8.600072096518224 9.909736544766739 10.955105424664135 11.770244391867598 12.392587443755797 12.858137791302537 13.198975609783309 13.442173787087535 13.60949640872622 13.717482837774305 13.777682082642233 13.796899977157995 13.777377700290659 13.716856749642401 13.608515809674653 13.440794131579922 13.197146303620158 12.855809763024256 12.389722269212546 11.766824277470045 10.951142943597407 9.905282676664545 8.595220976766864 6.998782793146838 5.119986955506244 3.0242312661130195 0.7889488501709621 
0.45271198524514406 2.7316186246727012 5.0543123342029785 7.06333057460028 8.723865104250573 10.053914383917109 11.093911279468884 11.89101120438022 12.491090244193998 12.934940779916328 13.25695318849224 13.485039456313798 13.64104483956715 13.741275382044895 13.796985818079477 13.814763081134489 13.796770838638883 13.740833947485116 13.640355301344217 13.484072615496885 13.255676230687929 12.933322422270148 12.489106826979818 11.888653240915499 11.091189751159632 10.050865889844832 8.720554915453166 7.059852799204908 5.0507867328766345 2.7281849217205933 0.449497200960407 
-0.831946385971673 2.4130436331860605 5.070613250199159 7.2356063904019 8.952285850403738 10.283161974118824 11.296754064831326 12.057771536258551 12.621784895337713 13.034044056216972 13.330397531629966 13.538759586347092 13.680412547995196 13.770986721650955 13.821162664732109 13.837154292356795 13.820997656643646 13.770648029104079 13.67988382376402 13.538018829630932 13.329420096588033 13.032806550449052 12.620269738679944 12.05597181071992 11.29467817841032 10.280837587872243 8.949762473325746 7.2329560821728665 5.067929444475385 2.4104394563532554 -0.8343141032867587 
-7.280591220092534 0.8111217068962072 5.3765421497862125 8.383198203314626 10.35052738844384 11.615901545105038 12.425745104403715 12.950175778160764 13.296830965614832 13.529947690888555 13.687611323978802 13.793361097884864 13.862555612538463 13.905460358902227 13.928710119361192 13.9360421904862 13.928663185551711 13.90536365350813 13.862403764829834 13.793146820923695 13.687326317598885 13.52958367045844 13.296380440718881 12.949632234152032 12.425102936578671 11.61515737973428 10.349684793075179 8.382276103155199 5.375584120964261 0.8102072311671057 -7.281225129176825 
-8.068124198035404 -0.18091024564395727 5.445023442101458 9.01708379886428 11.170198547285674 12.39875251343732 13.07525579166515 13.446877932838163 13.657756340164461 13.78352220741439 13.86167572771062 13.911092644511433 13.94204754151068 13.960610310816918 13.970432766800288 13.973493588038274 13.97042070040953 13.960585359578557 13.942008154765592 13.9110367275599 13.861600914951886 13.783425908120783 13.65763433107955 13.446719355187527 13.075034488823515 12.398421297503456 11.169700473590751 9.016388793189353 5.444179064054254 -0.18174725385203067 -8.068741853980754 
-8.129293489785177 -0.13963457003774185 5.698734474542714 9.478928763144449 11.67879164395854 12.847070678998984 13.422803201786266 13.695139917175304 13.825326808617953 13.89154397672744 13.928062157499019 13.949404171885735 13.962093080804356 13.969426503441142 13.973209238169698 13.974372692113477 13.973206441483898 13.969420701205078 13.962083880659595 13.94939109418085 13.928044918885714 13.891522775883567 13.825300156795917 13.695091445445215 13.422666677441768 12.846687203370392 11.67791464752632 9.477350317446545 5.696505534648486 -0.14203779823091217 -8.131116185938374 
-7.673440877713024 0.49672290276069514 6.293260663044585 9.989128203510322 12.073025199896902 13.115931137418382 13.585480719277296 13.780921096768383 13.860085076339738 13.893699502249781 13.909607984410147 13.917997891254375 13.92268212223293 13.925281829694729 13.926587478080194 13.926983591842049 13.926586899758863 13.925280625644385 13.922680201031364 13.917995194231636 13.909605056323286 13.893699548633169 13.860096103711463 13.780940967258967 13.58541139803596 13.115385995906621 12.071212143130264 9.985125940423304 6.286879235574237 0.48926701971432657 -7.679202816112546 
-6.198443098097305 1.6809453607766864 7.241957643297867 10.641731216580716 12.437408296137315 13.258718168891424 13.587010454797152 13.704200015335939 13.743394215066427 13.75681839994468 13.762058429453285 13.764482503416136 13.765735654181102 13.766398932198946 13.766721950928192 13.766818397083842 13.766721868664069 13.766398760850516 13.765735368445533 13.764482057532101 13.762058410913669 13.756824840927326 13.743435018005755 13.704342806954816 13.587273705804614 13.258562600252388 12.434810055492903 10.633488777542617 7.2260454193351435 1.6604262515000496 -6.215660382618014 
-5.0633450561469635 2.475300219213416 7.747531233166644 10.824915207604343 12.342359323467306 12.975807489807995 13.199542105124188 13.267009882710553 13.285007923504233 13.289680588202973 13.29107728738306 13.291615782931677 13.291866461767825 13.291990609153913 13.292048410412475 13.292065257246708 13.292048404629135 13.291990599497002 13.291866434361502 13.291615600228337 13.29107715464261 13.28968873550217 13.285080496377091 13.267357068085968 13.20059772650459 12.977677409902872 12.342084063474534 10.812941305945452 7.715375214700849 2.4258006980014724 -5.106661034728379 
-5.046844081160557 2.359048721086179 7.246225240968592 9.95349882622584 11.22816184949614 11.728713696893841 11.890268437393955 11.932645009979534 11.941694938744787 11.94336632740364 11.943702205803957 11.943802128159563 11.943843057332217 11.94386163789971 11.943869797543531 11.943872106164 11.943869797346377 11.943861642274667 11.943843056983216 11.94380188255996 11.943701431148407 11.943375854901022 11.941811331714689 11.933315225276163 11.892807351737476 11.735373761388658 11.239484557062076 9.953349898362463 7.188147711285381 2.2479932856689193 -5.164683334476841 
-5.813432177827329 1.180700465206376 5.22417282838152 7.437275781026354 8.465914153868042 8.858777068979308 8.979426117266005 9.00836144164373 9.01355441479088 9.014217019196375 9.014283801447158 9.01429706617935 9.014302481858993 9.014304655002498 9.014305506001849 9.014305736315826 9.014305505815784 9.014304661009037 9.014302491825793 9.014296770325764 9.014282391968523 9.01422658099273 9.013706207812824 9.009348114244611 8.983637125508809 8.872032263897745 8.497180603425017 7.495129303876295 5.224162890172498 0.8688616664431362 -6.0581574959295645 
-5.585699756807814 -1.7857362626098479 0.9625477612297377 2.5978590537297954 3.3717404589538242 3.666810866225573 3.755778461590703 3.7762240174098465 3.779542815232744 3.7798544222534467 3.7798578198452186 3.779856644692756 3.7798572989242523 3.7798575377587524 3.779857591806301 3.779857604244092 3.779857591482535 3.779857543663218 3.7798573149756667 3.7798563569264654 3.7798561286335426 3.779862523099119 3.779700748133667 3.777328697950019 3.760840560198633 3.6841391743181395 3.420257551772031 2.708691603814941 1.2745397592173615 -1.7854881536145422 -7.735400599382402 
-8.362706661455901 -7.719133693353322 -5.96748875344102 -4.866555152301862 -4.333868464035502 -4.129973396475095 -4.068685729768092 -4.054773049222288 -4.052589169254558 -4.052409647281541 -4.052415557279149 -4.052417849244504 -4.052417688811832 -4.0524176189627195 -4.052417618810848 -4.052417619922336 -4.052417619100646 -4.052417614443745 -4.052417674600206 -4.052418068486684 -4.052416948315603 -4.052403830072563 -4.05246533814754 -4.053881101459545 -4.064506994262547 -4.1151176022520435 -4.2913652666943936 -4.748881362129561 -5.7226973152223355 -5.567599488948243 -8.361189149636207 