Step: 1620.0
11.69306201564887 11.56141547922835 12.13290482697935 12.738309688677381 13.38159342608222 13.991275524512837 14.537482525783338 15.008708087827456 15.403478203371073 15.72549382701135 15.980902571790573 16.176623626851608 16.319258647195387 16.4143561255082 16.46590768893892 16.47600758959651 16.4446345958416 16.369532673592698 16.24617925221602 16.067839718637124 15.825714803444066 15.509194416678003 15.106239447600295 14.603928094122715 13.989242150911345 13.250259329505031 12.378284705829689 11.3709073103558 10.25070757488945 8.889903295133964 8.888666747402201 
11.068946116563838 10.6445764324674 11.162469191998046 11.890162178076576 12.619795432318863 13.29874475858378 13.900955472382353 14.417720331900993 14.849284366641527 15.200634143695039 15.478969360586051 15.692098006295396 15.847360015130839 15.9508838663491 16.00706963300613 16.01823607707953 15.984393518716077 15.903119848382007 15.769528923607467 15.576330273137783 15.313986806921871 14.970983356737314 14.534224809021417 13.989593000742127 13.3227169961252 12.520090679200514 11.570761106193334 10.470380483348205 9.218563094232634 7.9738217436077745 7.003531796746445 
8.17180789411529 9.075072235422528 10.025782671094957 10.964279501070125 11.83565225627146 12.612094240028892 13.285711457260996 13.856527307292517 14.329647799192866 14.71300964764448 15.015783158567535 15.247186647092414 15.415603382036473 15.527926909375418 15.58908444459544 15.601702330790543 15.565887982819696 15.479111861447583 15.33618166239026 15.12930868496093 14.848272313204019 14.48069172489641 14.0124138066001 13.428022835490593 12.711471993703631 11.846818120349294 10.819092503665491 9.614468027244111 8.228445289012326 6.63075920454654 4.363882297088725 
5.086382508187885 7.343798014735772 8.813864483547555 10.023781277878442 11.059809450746698 11.948051571274519 12.701471798121542 13.331257179036191 13.848759523210376 14.26572409719665 14.593815451128487 14.843983232969887 15.02585331617082 15.147211867332123 15.213600091616991 15.228017535102516 15.190725531777137 15.099143117639146 14.947831955737309 14.728571882933617 14.430532197819266 14.040543407282378 13.543467223535638 12.922645197906542 12.160368544781726 11.238234134047042 10.136984835513836 8.835351870882539 7.300400638162342 5.442448484559643 3.1803662428193125 
3.648954330519545 5.914549813872182 7.709757500398803 9.142550197535156 10.331493117217386 11.32790527066644 12.160384587261387 12.849104097339183 13.411034141280203 13.861580032796455 14.214907680778136 14.483743488781776 14.67900354782463 14.809408483684365 14.881150986207519 14.897640963230153 14.859334779791155 14.763649051744114 14.604959890054044 14.374691165903457 14.061496833322767 13.65153934906945 13.128855159652145 12.475773702413605 11.673308221498653 10.701334389901522 9.538188873539672 8.15848450013723 6.526879260731325 4.602134207615048 2.3512276778655785 
2.6605233466882328 4.917161924882939 6.807998238907092 8.377852778616571 9.682850543428401 10.770534339107428 11.673535741702652 12.416560364324429 13.020202009392513 13.50261905958882 13.880051830124584 14.166797905413874 14.374963771126424 14.514158444518204 14.591210529582883 14.609945296489041 14.571036173818587 14.471936178704055 14.306893331888425 14.067055537081899 13.740670962077663 13.313386219781725 12.768633291496927 12.088073528923537 11.252028087867526 10.239765617775173 9.029420117566056 7.597371211873108 5.918886115516425 3.9720742808937803 1.7470853620689988 
1.9517079162721325 4.181696531740692 6.108794776741403 7.748475033171596 9.130608099636829 10.287495248966904 11.248268755329178 12.03794374065026 12.678522300747924 13.189725383880663 13.589218917963606 13.892511135691388 14.112695858918677 14.26015688883828 14.342299207314525 14.363339805128078 14.324172572138378 14.222313874093743 14.051934223886272 13.803983048372936 13.46641446160234 13.02451914331137 12.461358601472325 11.758282314221818 10.895487919502113 9.8525702826869 8.60905098616143 7.1451944559763945 5.443746124542048 3.4933073433015247 1.2928528453627197 
1.427149006018102 3.6312576106779098 5.569535884437873 7.245850832175594 8.676019835362998 9.881925803850121 10.88712506912814 11.714676173289186 12.386361734227604 12.922422429571702 13.341301457210461 13.659318549364643 13.890309975347954 14.045285819510488 14.132141176436582 14.155441123758347 14.11628825301017 14.012277174298474 13.837541045119147 13.582898050618109 13.236107930974843 12.782247603995604 12.204209313999492 11.483315482564254 10.600036890414774 9.534810447352521 8.26901391012655 6.786255482052253 5.074196619450228 3.126933511948401 0.9475173461505383 
1.0341792315167824 3.216005123578545 5.155436148019255 6.850906649282162 8.310816307262426 9.550314535254232 10.588323824172706 11.445372053923862 12.142210645686841 12.698913259995098 13.134198390237366 13.464851542601249 13.705220688589067 13.866792150538412 13.957857585784117 13.983277340522214 13.94434097085014 13.838725258145848 13.660553202055906 13.400562232175737 13.046393699120491 12.583016398806539 11.993293466526298 11.258695671070535 10.360159615040057 9.279095153749298 7.998565650862424 6.5046819328567045 4.788217625420803 2.846330279479885 0.6840777139604132 
0.7384598290210874 2.9021731298690754 4.83892475185904 6.54442881671649 8.022925000126767 9.28530964222528 10.347080949812703 11.226492356913276 11.943051998747192 12.516335706918317 12.965029685416642 13.306141474253932 13.554351502616205 13.721496600452038 13.816180943778987 13.843508359838115 13.804929147628426 13.69819712713238 13.51743824091196 13.253338819820517 12.893467117660665 12.422743688968747 11.824073421962904 11.079145065154707 10.1693954215462 9.077127956482995 7.786768782693297 6.286227880647967 4.568295892855209 2.631941107676532 0.4832998454779571 
0.5158085468065216 2.665273370333609 4.5983652215823065 6.309302048085541 7.799828906595049 9.078069085350903 10.157061137830503 11.053226972450647 11.78492464074231 12.37115450976594 12.830438660200505 13.179875468482825 13.434367138484486 13.606014957300978 13.703672626197083 13.73264450405865 13.694515655181231 13.587105007759021 13.404540658407168 13.137465154030119 12.773385699763478 12.297187093972575 11.691821967184651 10.93918309609894 10.021147162271946 8.92076029287604 7.623514676763045 6.118642783233187 4.400331104755697 2.468732109726117 0.33064084947194466 
0.3481325539604008 2.486685256847651 4.416533721555265 6.130938346707121 7.629960795451372 8.919765578897813 10.011565764504118 10.920351163198136 11.663531334046743 12.25960382470603 12.726929728307157 13.082669854385367 13.341908661579584 13.516971530557775 13.616925589563216 13.647246250026786 13.609630954165386 13.501947252825202 13.318312035674342 13.04930963856969 12.68236545729295 12.202295493465941 11.592048341396135 10.833642868118604 9.90928222051383 8.802595165435626 7.499924567246935 5.991558240873727 4.2727882432201065 2.344695825999146 0.2145882419580816 
0.22117399219080183 2.3516172216672118 4.279445277034683 5.997106573485926 7.503257087196156 8.802442123602376 9.904386715217568 10.822941469944956 11.574796929150954 12.17811222908504 12.651194527495358 13.011328190586905 13.273807244462606 13.451185925153512 13.552736429878896 13.584090615958356 13.547041254915673 13.439485532443602 13.25550546656723 12.98559330466225 12.617041174754618 12.134519721397712 11.520866698410378 10.758090522984602 9.828563900071211 8.716340531070319 7.408482057261394 5.8962503117401015 4.176023110507304 2.249841902728593 0.12558142984396317 
0.12298700593891879 2.247682801429146 4.175408047931654 5.897611324137388 7.411365497954874 8.719528369050535 9.830417515135927 10.75694523163565 11.51533940245991 12.123669701411703 12.600391957588652 12.96305709872118 13.227256409063212 13.4058178206362 13.508234549581223 13.540293506971437 13.503871259559979 13.396875061965508 13.213321459353006 12.943561428170174 12.574675376277957 12.09106981415917 11.475306004179057 10.709174758806741 9.774995994504453 8.657063482455577 7.343081639126821 5.825379111232565 4.101684918287994 2.175355516398572 0.05512812676694588 
0.042599231434855896 2.1636417083720914 4.094167759341829 5.823970989968639 7.347782407436868 8.66625266680699 9.786154776599384 10.719649056389567 11.482851945792525 12.094116659863161 12.572359311074344 12.935620346551556 13.19992792413028 13.378459094453252 13.480960654104884 13.513381716541046 13.477675337815894 13.371740735926771 13.18949641815198 12.921094569032869 12.553305372580159 12.070113268092332 11.453571230296186 10.684948043600214 9.746168523058824 8.621475707849449 7.299122090578709 5.772756189110249 4.042100845067598 2.1126907418675382 -0.005160375752661467 
-0.03159952348975164 2.0879282556666228 4.026019821267276 5.769215859179936 7.308154176176243 8.640158729594354 9.770215727486 10.710095457496573 11.476400965568061 12.088341616428403 12.565737497958608 12.927416980883967 13.190021616115871 13.367167517762665 13.468891524278106 13.501312834481748 13.466455301073369 13.362195915534878 13.182327871162576 12.916750027901397 12.551817149937827 12.070905070962343 11.455258700818199 10.68519248465001 9.741691647314441 8.608397695507387 7.27381455567298 5.733230055049923 3.989557977328063 2.0523253531639556 -0.0649465197316531 
-0.11445924489041907 2.0064617039332613 3.9608048222180634 5.728105913293138 7.2910863002017985 8.641958570773262 9.783957468457913 10.729460823353564 11.496624475508355 12.106366073216869 12.57999276378331 12.937472337540282 13.196243831382517 13.370441084256473 13.470412750654772 13.502445840900679 13.468627198630896 13.366804364433403 13.190633159290789 12.929724632665831 12.569929712208237 12.093826584839737 11.481502763987264 10.711747000357915 9.76377606601884 8.619599169314803 7.267019935093385 5.702981617849522 3.9354230599732376 1.9817251420105975 -0.13761259923106348 
-0.22907559761482163 1.898480690880197 3.8871788726948124 5.698538080604042 7.300190724312476 8.676865485169623 9.832172556743108 10.781330525717578 11.54577453297846 12.149278514108012 12.615313743437513 12.96533332739587 13.217714033248269 13.387137101614934 13.484245896658681 13.515469655453453 13.482943916548239 13.384489990964752 13.21364156689833 12.959730235688102 12.608067339789203 12.140291127620145 11.534989294537988 10.768758229283298 9.817916471038037 8.66114035121429 7.283331994966864 5.6809979416809435 3.8695065184553554 1.8812883852231537 -0.24515714525484303 
-0.42179697261729726 1.7300725068301308 3.7923682705698227 5.688156941894427 7.347593129029224 8.756207490365743 9.923620710560197 10.87170118461227 11.627501421768436 12.21896473788405 12.672362808394263 13.01086504252784 13.253805637068695 13.416346028351608 13.509341434583286 13.539301298488528 13.508384929325503 13.414404284604505 13.25082556396976 13.006777790693377 12.667096222325737 12.21245896551646 11.61972655180437 10.862675290678743 9.9134262205656 8.745003483104284 7.335621106398493 5.67573786770741 3.779889139075295 1.7179563121243897 -0.43312054921499377 
-0.7798648597847486 1.412597432828628 3.6949580328896543 5.7244103185155994 7.457820196945549 8.898465967193236 10.070918802338003 11.008451495543705 11.746252678699692 12.317584236905319 12.751872523622144 13.0739583226599 13.303937133393546 13.457236900504219 13.544753485902486 13.572969193650906 13.544029061498367 13.45576785178201 13.301686319354017 13.07087802589373 12.747913573827281 12.312707294493418 11.740440793454411 11.001722790411263 10.063337941208143 8.890152961808155 7.448955084591561 5.715232387998304 3.685758451218026 1.4037060357565938 -0.7881664106995325 
-2.0427263233291892 1.063455871487889 3.669463660838286 5.862478323239736 7.668850625104293 9.12850780530561 10.289215383918737 11.200017986994439 11.906185447163018 12.446776337535 12.854108565974112 13.154179928576854 13.367342960193756 13.508898299058206 13.589515923424477 13.615499511891516 13.588929569764266 13.507709443025659 13.365521947540758 13.151688744520989 12.850908159308771 12.442835569981352 11.901490886482009 11.194583650825052 10.28309162735251 9.121788724551642 7.6616793502450165 5.855049292982459 3.6620215420579845 1.0562934145303662 -2.049210481217614 
-8.37079650519991 -0.7194076753210153 3.7353332061604823 6.833338248965129 9.007145303009455 10.51672697435567 11.557078104209447 12.275511660847485 12.776566088165843 13.129964092208196 13.380549020554293 13.557084222512206 13.678405425856473 13.757045390746395 13.801122377305406 13.815245682342926 13.800912145546647 13.756617971429275 13.677747959522167 13.556179967309353 13.379380043742882 13.128513878786762 12.7748208276138 12.273459384800601 11.554707316611397 10.514030499336194 9.004136662886065 6.830082367826321 3.7319830107930083 -0.7225684549672099 -8.373007726003967 
-9.22847401688327 -1.8007622360208182 3.695581004892183 7.411348359975092 9.853438517730101 11.400083043904948 12.352081341781046 12.932020288558265 13.289378125625808 13.515697252605747 13.663315478369414 13.76124453671384 13.825773318500099 13.866403628407035 13.888756469060828 13.895863187425705 13.888687029857223 13.866262092175239 13.825554788137454 13.760942681397708 13.662923387726567 13.515206956677126 13.288775478676087 12.931271297271206 12.351112371032308 11.3987728002113 9.851653557654739 7.409039328652991 3.6929087516976202 -1.8033422979539946 -9.230359719922884 
-9.344076455409974 -1.827835870477653 3.904284565886426 7.8773398827297125 10.421205259701042 11.945706951714087 12.809831375290191 13.28246164318751 13.539400718078703 13.682840071736345 13.766817695777183 13.818233988915187 13.850318549859729 13.869815419273628 13.880310311432126 13.883615050516507 13.880289218733527 13.869772342002188 13.850251940520918 13.818142251131235 13.766700089907324 13.682696089923365 13.539220772149495 13.282194137969842 12.809316585479994 11.944614307132396 10.419075230968451 7.873836040114268 3.8995904506353964 -1.8327588038780287 -9.347769559618389 
-8.96454277712119 -1.2837463706353296 4.444201772074781 8.385856857560963 10.854116644149414 12.266863191146266 13.01400623252825 13.385788943381781 13.565216285337067 13.652851283006573 13.698031891794278 13.72305347962716 13.737639730117474 13.746134165682701 13.750593958677504 13.75198274688301 13.750588143099575 13.746122281095696 13.737621488097764 13.72302947528735 13.698006236812558 13.652835668472104 13.565225749783359 13.385794450359747 13.013781134246837 12.265726253442699 10.85085028978926 8.3792096135585 4.434097371312609 -1.2952209932749639 -8.973343134334048 
-7.692300244106524 -0.29294831771777546 5.253228671564376 8.967648017012328 11.189835474030502 12.381692785443688 12.959303668882875 13.216039235608314 13.323711166504149 13.368432903586504 13.38803893900881 13.39755066755668 13.402622836576864 13.405422022374816 13.40684723193748 13.407284914417069 13.406846072244235 13.405419645370566 13.40261929734979 13.397547346505696 13.388043891299432 13.36847612205754 13.323867937603275 13.216412671622974 12.959808515737482 12.381380066054385 11.185987269664347 8.956440782954218 5.232698269361402 -0.31871058991305584 -7.7136528496902494 
-6.773729827377711 0.2778934412092763 5.557862702200656 8.980724307263428 10.933491813451283 11.918222518858538 12.357835445369885 12.532894108914483 12.59636342957592 12.618290223391462 12.626117780607178 12.629283655349237 12.630775317119092 12.631541190902551 12.63191564310721 12.632028500795357 12.631915482186978 12.631540841165405 12.630774826841572 12.62928456283081 12.626131492036889 12.618369104600257 12.596675346303376 12.533811652790542 12.35981334210395 11.92089516627621 10.932966774159995 8.966977697549869 5.522851427397938 0.22568622036737526 -6.8191255860406645 
-6.935708199378132 -0.07387778287711895 4.795585532795565 7.82313741892499 9.494728993226651 10.303537983751307 10.644247595177765 10.76900459671787 10.80898154298293 10.820504067813493 10.823723946642582 10.824727578827481 10.825119036464237 10.825300676626481 10.825385027639172 10.825409866857711 10.825385009167347 10.825300604380475 10.825118899513118 10.824729121206012 10.823742963544497 10.820622992545783 10.809502015588459 10.770738667574149 10.648770477431038 10.31259890011278 9.507282918212155 7.822777001697564 4.740605673756688 -0.17744865003247765 -7.0445023736361545 
-7.844333381129278 -1.4473385702505839 2.5712013795674595 5.055646266205193 6.417461111251812 7.063993599030174 7.327539852508512 7.419065615734568 7.445978587160705 7.45269148756595 7.454162263474276 7.4544862695016825 7.454579024968328 7.45461599402219 7.454632087829947 7.454636690419154 7.454632085662465 7.45461594615349 7.454578864215932 7.454487816446903 7.454184491495764 7.452841644138842 7.44668089449109 7.421587115210953 7.334808958328821 7.0812719074859585 6.451008001534572 5.110081776162445 2.5711640252241796 -1.7226497832022671 -8.059449090341909 
-7.84602466030686 -4.3576312883448916 -1.5947279545346298 0.2571228804045395 1.290193639568792 1.7802758839997468 1.9774054410529924 2.0440631229133874 2.0627478809818864 2.0670104045662305 2.0677895849321537 2.067908204361511 2.0679285306062427 2.0679348111751827 2.067937388173547 2.0679381010610554 2.0679373878173757 2.0679347668743358 2.067928347004258 2.067909536154125 2.067811321972027 2.067164533879465 2.0634979496039993 2.0468731424154956 1.9859779581501917 1.80235560695899 1.3408825235413264 0.36022353827721126 -1.319053583475365 -4.357007756307303 -9.737230526539475 
-10.368806146110252 -9.712823034940707 -7.934426200604315 -6.678251708103657 -5.963891527498422 -5.6239744719345115 -5.4876311981102885 -5.441911349960594 -5.429302949568799 -5.426518217193802 -5.426045162383575 -5.425986156570781 -5.4259800374415725 -5.425978722433734 -5.425978176861473 -5.425978028911449 -5.425978176925177 -5.425978756225743 -5.425980186368787 -5.425985186498956 -5.426028475299129 -5.426397708206489 -5.428708001010265 -5.439646826666852 -5.480594554360125 -5.605235613433154 -5.919718035768048 -6.569793208383024 -7.719046174746573 -7.818202025820011 -10.366075306721447 