Step: 2385.0
10.816525771499942 10.657338177947652 11.240066732937622 11.856485386978433 12.529617886170254 13.187199911725955 13.796459885908064 14.341631672141087 14.816339919919546 15.21918377794722 15.55135340710591 15.815222358707217 16.013457971657477 16.14842615153633 16.22178079048756 16.23418233202491 16.185116535682738 16.072797524821887 15.894145529267519 15.64483287586705 15.31939390929574 14.911397652647432 14.413689182739004 13.818722923713898 13.119053617786518 12.308140772661796 11.381978258405953 10.341322876778055 9.209533358960776 7.836574873832486 7.8676997676351395 
10.17418574199276 9.693941882785705 10.194471267398026 10.931895795468346 11.692565789595056 12.422848318252063 13.09309191666485 13.68985087807485 14.207996633154853 14.6469524895654 15.00852355146486 15.29557632969408 15.511176263998479 15.657995362359053 15.73789553230054 15.751639269539695 15.698702173955066 15.577172977276328 15.383732088220299 15.113702096444976 14.76116510471697 14.319143885213109 13.779849133018628 13.135008379095428 12.376322844887607 11.49618304264825 10.488851773518387 9.353938399786086 8.092084851076457 6.868499259637411 5.964097905568725 
7.225847291092466 8.064611513000836 8.986397554279291 9.92791290029406 10.82965858491398 11.659598971412183 12.40534243779612 13.06152201093162 13.627329573943392 14.104645859399048 14.49679676467695 14.807659909828223 15.04100522812833 15.199999378813763 15.286834961930467 15.30246296961072 15.246416333094967 15.116716983442911 14.9098605426388 14.620872829153008 14.243431611335202 13.770046131712945 13.192286547340009 12.501056231091205 11.686903145603667 10.740360754508833 9.65239000496033 8.414131547577954 7.025834215980832 5.462520843916673 3.271134760571004 
4.0773093329943775 6.2633175783092625 7.697769110832588 8.906085324448675 9.97103668022738 10.914169241757254 11.743107444542884 12.463024244767082 13.078807929564759 13.59564983362262 14.018919825824495 14.353830846250505 14.605061848362341 14.776407645371787 14.870483912733803 14.888499980786111 14.830105108009654 14.693309991620751 14.47448219489231 14.168411090404824 13.76843436726027 13.266613588331005 12.65393953501284 11.920536125382732 11.055805192008165 10.048396220228451 8.885647742312607 7.552184591314405 6.020149408929712 4.203795138248482 2.0238065252958197 
2.569015196893512 4.757178657644218 6.511557803107315 7.9392815776162236 9.155938072610239 10.208285991718027 11.119200872807953 11.902330948985938 12.567679717785627 13.123621746263359 13.577591900576486 13.936195463866147 14.205078539446237 14.38871528229416 14.490189602768291 14.511011676520498 14.450990622892062 14.308173887562633 14.078856616322401 13.757658385785922 13.337658692997463 12.81057529622197 12.16695878993801 11.396358284521874 10.4873770369573 9.427452530674756 8.202037929324623 6.792017460460395 5.167069108369933 3.289217142286205 1.1263380365045765 
1.5052236328015898 3.6783740957770483 5.523715136490015 7.0855526241679225 8.417268374099535 9.561822533941623 10.545871280131657 11.38720399074002 12.099005343631477 12.691962444951082 13.175172854936692 13.556447720537088 13.842316239594211 14.037898829827943 14.146742096650932 14.170668675530422 14.109672256718493 13.961874130690896 13.723548005944576 13.389212195879587 12.951780962880976 12.402758472906758 11.732447720024366 10.930130138230759 9.984144092328826 8.881747279348966 7.6085616433556345 6.147457580011073 4.478688295855549 2.583340757553105 0.4520929321897796 
0.7187474517221633 2.859147690552099 4.736271844331055 6.3652238608957115 7.7731955489420255 8.987828066648524 10.032052172673813 10.92363193860629 11.67676943400508 12.303312143475512 12.813401259798292 13.215717431807597 13.517489968329956 13.72438827250554 13.840374459094518 13.8675678757505 13.806153108591955 13.65434977584142 13.408452593430862 13.06294215446894 12.610659400961868 12.043028967935111 11.350307756190055 10.521824996816425 9.546170599996358 8.411287823883729 7.104484405101885 5.612699164689253 3.923696784923482 2.0289541094002006 -0.072189696072351 
0.11616970809003209 2.224619237530551 4.1085674779922154 5.771579955186885 7.22677874314447 8.49126444109937 9.582164296471138 10.514976071793782 11.303325652553916 11.959211748293459 12.493201168669394 12.914471699648225 13.23073103307214 13.448068198918865 13.570789042792567 13.601275124168628 13.539893342886884 13.384973358378282 13.132861349949138 12.77805130639185 12.31338826353794 11.73033142312272 11.019259166200616 10.169794253575649 9.171130783308769 8.012368364311714 6.6829351506707235 5.173295771395244 3.4762124541153856 1.5886445089130379 -0.4860690039858781 
-0.3534186500576759 1.7268173658926573 3.607720758756577 5.287454400911243 6.771664631258978 8.070568378022093 9.19642470073794 10.16190258771626 10.979262780343564 11.65999610967055 12.214621755572926 12.652496634315282 12.981601342370737 13.208315988258892 13.33721307160621 13.370893907866925 13.30988943043313 13.152639408477262 12.895557527735775 12.533183648461106 12.058418821159668 11.462833410760384 10.737034687589654 9.871079499974298 8.85492443787429 7.6789272198978145 6.334449672643177 4.814646431321145 3.1155035535458535 1.2370755171756362 -0.8153267279986544 
-0.7228174192583603 1.3336287913175708 3.2078886493180647 4.8954145971371235 6.397611250090172 7.720274200070296 8.87199700840611 9.862881456746152 10.703626527902642 11.404906817346655 11.976912739545147 12.428964443560325 12.76916305583647 13.004077712116068 13.138482015595173 13.175156945152361 13.114775061084488 12.955876596907071 12.694943233031099 12.326570531512123 11.843735276457933 11.238149478099524 10.500689187276341 9.621884979294771 8.592464284981792 7.403945118855766 6.049293031728592 4.523656093324751 2.825168879995622 0.9557568988797556 -1.0782021719451549 
-1.0149562545009545 1.0219194326544827 2.88887474052645 4.579862567862695 6.093695140393306 7.433212602046895 8.604299527860436 9.614933717859534 10.474354947897709 11.192361524087591 11.778707219593183 12.242571960063051 12.592095207747185 12.833975177562879 12.973144432304995 13.01253398189967 12.952936354971879 12.792975116596782 12.529184891796753 12.156202355929919 11.66706478455258 11.053608521537782 10.306955286860617 9.418070202911146 8.378372677199907 7.180380344254317 5.818365942848749 4.289003756667895 2.5919718350040912 0.7304583463671871 -1.2884972575170255 
-1.247023606693372 0.7740529816293729 2.6345208827488267 4.327362292006605 5.849594926445478 7.201903206675371 8.388084447762319 9.41438516361139 10.288789398928259 11.020303646618794 11.61826926254861 12.091725333188931 12.448840809327598 12.69643191531561 12.839578023758163 12.8813461760327 12.822631534198917 12.662118493492484 12.39636489533039 12.020009415932426 11.526099256449642 10.90653117009533 10.152593144740582 9.255586439853435 8.207498327650946 7.00168583225274 5.633522377841562 4.100956227482363 2.404935598086108 0.5496712098047307 -1.4572714505126807 
-1.4327630024799913 0.5758042278608336 2.431475602732282 4.126401768528743 5.6560716794582 7.019335767754129 8.218220736371283 9.257516625586026 10.144172067144892 10.886570058368514 11.493764177356326 11.974742220152319 12.337764080911755 12.589802706608188 12.736104238782014 12.779875636961618 12.722103760627583 12.561507781506958 12.29462582959906 11.916035972965284 11.418710018067008 10.794495133060638 10.034711740534377 9.130845206966995 8.075292593204003 6.862105003064024 5.487646219002522 3.9510813506371436 2.2546296834956383 0.4035697753176721 -1.5939445658175155 
-1.584010896124947 0.41491573371108453 2.2682197961048445 3.9670341059392475 5.50513394580382 6.879445085179518 8.090269433831246 9.14110457016066 10.03809351764659 10.78923719654563 11.403517544777358 11.890044644525315 12.257297059591691 12.512490344775424 12.66108797288495 12.706458140723804 12.64967547232547 12.489465874068353 12.222293838414645 11.842592918078171 11.343140615821467 10.715577128970288 9.951061417737534 9.041045458962664 7.978125193770412 6.756891859962738 5.374664918253515 3.8319579434296864 2.1325523024100463 0.28315857804004185 -1.7071874038384882 
-1.712017454995673 0.2798512988300713 2.134208549139474 3.840538148540269 5.390151728383951 6.777504461703244 8.000977772695032 9.062893698080387 9.968886210268845 10.72692342715683 11.346237248827029 11.836319199302736 12.206056347729254 12.463034174090254 12.613009623402654 12.659547740052638 12.603813203981845 12.444510201767192 12.17796811998014 11.798375046455337 11.298164753984194 10.668564255841199 9.900306023472643 8.98449815594369 7.913621577929256 6.682576629256767 5.289618242609152 3.736924580892248 2.03051135850695 0.17937741611254168 -1.8058693840664195 
-1.8289944487901209 0.158376388526843 2.0190000319921766 3.7392014469068338 5.306133063027388 6.7106315009938395 7.948809739842195 9.022047070985696 9.93596621184021 10.699030653812558 11.321176372519792 11.812623912587442 12.182912958315471 12.440156983324005 12.590498732593502 12.637743865559422 12.58315352059186 12.425383272119015 12.160563967066071 11.782528192742175 11.283193913425201 10.65312310624337 9.882276152377585 8.96097889146867 7.881102315593077 6.637410893447208 5.228933017300822 3.659941347552024 1.9399148048611508 0.08190031844861063 -1.9003796445116161 
-1.9505654578150242 0.035483439423597135 1.911275431649326 3.6564854736895334 5.250471026810334 6.678618256977506 7.934594612459499 9.01958801824043 9.940107726567907 10.7059006599713 11.328213040344428 11.818422206582031 12.187000676611126 12.44275984796621 12.592321609690309 12.639774571841851 12.586483418312127 12.431032531967846 12.169297428867774 11.79464965973155 11.298313096680939 10.669901947030734 9.898182398943698 8.972108098230587 7.882180636750056 6.622172058459785 5.191184510013253 3.595818692677904 1.8509013510437775 -0.022797725097974227 -2.00493287771158 
-2.1004211861459328 -0.11050474826262366 1.7980839849739017 3.5882544671657395 5.224819113078555 6.685220400342956 7.962279310574034 9.058782043559956 9.983599819694719 10.748846129833323 11.367818644136342 11.853525212443834 12.217651660154841 12.469858738749304 12.617319745938312 12.664433899065635 12.61267255893694 12.460534377502267 12.20360153523714 11.834704148787836 11.3442159660066 10.720523355290991 9.950731538822287 9.02169559275511 7.921488038800595 6.641444847174139 5.1789904734154275 3.541495428631912 1.7516626533960546 -0.15524177757183533 -2.142128208172932 
-2.324116563062882 -0.3139603679130068 1.6644599784547705 3.5386970579843027 5.2382866544279185 6.73974019264888 8.039587983840054 9.145318628508713 10.07019501146465 10.830001392089397 11.440883280963778 11.917926820223716 12.27425337105179 12.520462638191914 12.664301656010078 12.710476940449855 12.660560202816477 12.512962408686773 12.262968417907642 11.902839295230411 11.422006827484628 10.807409176373229 10.044049729334684 9.115901280441829 8.007321800561545 6.705205850478142 5.202224877759714 3.5019946696664466 1.6281149715945957 -0.34891566113852307 -2.356673629589552 
-2.7051329113154847 -0.6601017493552225 1.5230654604310359 3.5292281090293476 5.3109826952786605 6.858172723941435 8.178200580274439 9.28708299087083 10.204736594315222 10.951934487007966 11.548372303859752 12.01152415399716 12.356029719301945 12.593400957766049 12.7318979397788 12.776482931712943 12.728806652844671 12.587207665121568 12.34671988711981 11.999092627421968 11.532841588987445 10.933376404510513 10.183295222615007 9.26299664561824 8.151820547575268 6.829976420106935 5.2815787424067215 3.499350669214497 1.4935542288697692 -0.6883380151383446 -2.7313991261377626 
-3.9230655794683456 -1.046544587153012 1.4354302705577229 3.6052623027761643 5.4750565801441375 7.062908733086585 8.393013742020301 9.493312625008592 10.392365166440579 11.116978525778643 11.690804916323694 12.133731895174273 12.461762363123153 12.687118192931534 12.81839732549111 12.860703816130627 12.815726875320657 12.681768520185182 12.453721846443242 12.122997316003065 11.677396874612992 11.10095939876115 10.37385781003216 9.472518259996301 8.370228034005489 7.03853545505764 5.4496178326703975 3.5794032992640874 1.4099185215643975 -1.0708188007483546 -3.944917739912571 
-10.005203348197755 -3.049296658823285 1.1373030432764948 4.229680775663914 6.576943525977979 8.358514928187887 9.70276712696794 10.71289923540939 11.471272574137867 12.040795619263294 12.467322674670154 12.78304691645255 13.009971092154517 13.162760438764028 13.250735112030647 13.279078545287483 13.249453922944015 13.160190649833185 13.006101027073157 12.777866229542335 12.460828849878133 12.032999025168344 11.462197981175079 10.702584675758027 9.691267277115342 8.345922543726521 6.563441106795941 4.215621341396949 1.1233093039198652 -3.0621690810279443 -10.014204780791685 
-10.96898486169721 -4.280760033904278 0.8731636942469183 4.607923017155802 7.310175076287738 9.233547022405988 10.579182290554357 11.509808241931426 12.151662323266875 12.596688228944272 12.907806882756113 13.12589689664851 13.276529552812345 13.375265676256895 13.431225376095501 13.449189472303262 13.43064636193936 13.374103222327296 13.274776548371587 13.123546184427317 12.904852521667081 12.593121117204067 12.147455108041479 11.504889291640879 10.57341397986488 9.226745138584382 7.3022129266170275 4.59892767199679 0.8637436037674457 -4.289320344539702 -10.97510338470952 
-11.213659524757974 -4.489372863150347 0.8952879830689636 4.9276555168407 7.802841120027872 9.77531207378843 11.082813772438978 11.927448628661201 12.465906215627035 12.809570816997736 13.031682213584583 13.177345716547599 13.272984451348886 13.333538471589607 13.36715725836037 13.377875699070083 13.366911783844005 13.333045933906046 13.272243228033012 13.1763565059415 13.030448301760835 12.808088962989771 12.46413569716238 11.925247554001238 11.079856638002617 9.771062679181929 7.796704477515235 4.919385027470852 0.8855065685640606 -4.498937157108496 -11.220650552604473 
-11.024812238359496 -4.203088077397979 1.1929705679131912 5.249889679791708 8.11531100195596 10.025164760685568 11.235143920995174 11.970777858384093 12.406025677713188 12.661298315509757 12.812604103888033 12.904351698926586 12.960958637601644 12.995281973694597 13.013850772822769 13.01971197340132 13.013755438486763 12.99509188580828 12.960677349094128 12.903990564229124 12.812187307021272 12.660858368657575 12.405565693132166 11.970163800189514 11.233903742783891 10.02227801266088 8.10930568824881 5.239575633129685 1.1787417502087036 -4.218383762431512 -11.036337480303606 
-10.133911466219008 -3.6197878406970774 1.625133051779585 5.530336870167781 8.22509103892483 9.955707391962282 10.996087888333681 11.586474526468042 11.90700576913363 12.07692884662659 12.167248804762819 12.21660720706485 12.244566799126174 12.260533344870579 12.268869082182942 12.27146208158129 12.268840885925437 12.260478801887121 12.244493389541324 12.21653764521099 12.16723780875228 12.077079401523863 11.90745229670716 11.58725826616059 10.996815767160621 9.954923101537497 8.219749183979614 5.516860748691363 1.6023405457970987 -3.647195251867415 -10.156248256853933 
-9.576683162720558 -3.4373875037317254 1.55084479733902 5.203084121334489 7.660191689626253 9.186997836667821 10.064963368616466 10.534484081324576 10.770384247343557 10.883785986175473 10.937473503339572 10.96343799168284 10.976625072758624 10.983576289598902 10.987035881475204 10.98809058591593 10.98702913809313 10.983565249179135 10.976619867484871 10.963471517315192 10.937633418921397 10.88426387023712 10.771512287486031 10.536664776961757 10.06830000076463 9.190359346968046 7.659265293561917 5.1890761019412 1.5177164841620852 -3.4848991077916893 -9.617575276697554 
-9.97819852313072 -4.1006510622250865 0.4587056099465301 3.7044117006477353 5.850334728878082 7.154994832689959 7.88238633573342 8.254788297658806 8.430839338548287 8.50865109714891 8.541587528418637 8.555480849904622 8.561606006923205 8.564482111479542 8.565813778723543 8.5662072667552 8.565812813165556 8.564483158970132 8.561621934196584 8.555555748543068 8.541846896495525 8.50939433310691 8.432662554860723 8.258656082171296 7.8894537456226095 7.1657542595589625 5.862425269975429 3.70372592223748 0.41266896128874375 -4.185508719064532 -10.066634203291947 
-10.999115832035859 -5.62001648486232 -1.8720221717795922 0.8043280357678705 2.5744618656389706 3.641018754977199 4.225126608609183 4.5158512573920335 4.647624001552485 4.702345909026189 4.723474158349795 4.731298154848405 4.734229115136226 4.73540163234155 4.73588646827545 4.736022527493752 4.735886860795524 4.735405664765346 4.73425128565272 4.731389975393408 4.72378842804252 4.703266908452356 4.649978008416523 4.521164155112636 4.235815710563777 3.66037144415013 2.6055879361907164 0.849412434797344 -1.8720424721944016 -5.83824707776718 -11.167781711835968 
-11.226790765547314 -8.280266704700308 -5.66945201584358 -3.654142744022656 -2.2967378062002783 -1.4774628969399106 -1.0321835336784773 -0.8139401558936201 -0.7174428994257256 -0.6788914082516063 -0.6648912635075431 -0.6601899851039367 -0.6586709157094992 -0.6581661458239599 -0.6579889940327286 -0.6579433540182656 -0.6579883972559374 -0.6581619001375748 -0.6586491133241203 -0.6601001411138914 -0.6645799824521349 -0.6779610863106774 -0.7150013670921604 -0.8082261063018832 -1.0200466909792911 -1.4535651439921426 -2.251067297815142 -3.5699223138589042 -5.450295172989169 -8.278877270823838 -12.73528088289987 
-13.325205659101362 -12.700994441804436 -11.001554642377025 -9.623246264855718 -8.679335719223491 -8.107970576961701 -7.797976630765772 -7.646832897169652 -7.580603518246996 -7.554526052725443 -7.545279501918035 -7.542298874604902 -7.541401274480299 -7.541133754360012 -7.5410507028709794 -7.54103089098308 -7.541050228597049 -7.5411304954777 -7.541384623344383 -7.54223002226487 -7.545039494680715 -7.553803171874967 -7.578687738082575 -7.642289045730953 -7.788145987421331 -8.087960904760802 -8.639854040250867 -9.535198773748231 -10.832068958352858 -11.186479060583881 -13.320584965938892 