Step: 585.0
13.589643823763561 13.490108405937063 13.957185372121552 14.414480342493071 14.841056256018849 15.18582015289391 15.442725403278653 15.622896840139243 15.743146773527268 15.820016607958907 15.867275308631987 15.895276219587062 15.911232161920683 15.919832986699086 15.92388081664849 15.924781462158391 15.922823106281815 15.917213515586774 15.905855129264467 15.88483414281925 15.847606213708646 15.783899679960458 15.678448450324696 15.509825335802686 15.249873052199732 14.864503889893653 14.317094776936722 13.575439536712802 12.636311617999 11.4044720627861 11.359305768184935 
13.024058844851426 12.692080323996265 13.160640234959121 13.732249986922481 14.228954455889708 14.62081710348337 14.908803702628902 15.109165768231 15.242207740298108 15.326957174605017 15.3789282907506 15.40966293030379 15.42715182828986 15.436570532052013 15.441004607597478 15.442002488447471 15.439888427591658 15.433808284123883 15.421487735365728 15.398677659974314 15.358267238739915 15.289085065423674 15.174504241269766 14.991132274595369 14.708092635647363 14.287669084752809 13.68826852799154 12.871929860784615 11.809755438898295 10.621553303766595 9.528135919935368 
10.292555343864539 11.308303343002308 12.229529690912946 13.015684667841098 13.641024376430678 14.109482381180703 14.444134408458345 14.672913923496928 14.823074045683748 14.917951368831046 14.975784663341136 15.00983009954137 15.029136173680278 15.039510934505417 15.044399356803396 15.045531815763558 15.04328997111553 15.036771226576988 15.023535275072145 14.999007502383206 14.955516959464676 14.8809848681136 14.757374399463728 14.559172216021903 14.252375322474398 13.794620331084044 13.13714638300366 12.22818328641886 11.023752702548663 9.456577115694445 7.0438030166895125 
7.428001394475907 9.816431504863123 11.267415622112477 12.324412157644092 13.102466895366982 13.662499411081715 14.052493792374511 14.314626225340376 14.48463393672065 14.591109650558009 14.65557677584795 14.693327653898574 14.714648152828637 14.726076435624732 14.731469008318705 14.732766387706972 14.730424537042015 14.723505592157949 14.70941773168872 14.683280284428236 14.636889246902564 14.557294071705925 14.425089198126441 14.212677840077681 13.882945787312172 13.388887776156027 12.674473115125233 11.676463737030048 10.319771091871306 8.479464452259297 6.054722146138433 
6.2467100857622855 8.661278774252196 10.445478408965558 11.722688756977023 12.64122708677174 13.289699530277032 13.734884072782469 14.030867170801198 14.221214971166358 14.339634319698293 14.410945603087317 14.45251995409612 14.475917882218235 14.488433281143223 14.49435050642479 14.495831267104444 14.493415494782834 14.48614210201458 14.471286523114227 14.44369346360041 14.394678900294512 14.310509439031387 14.170560277080838 13.945409020227881 13.595305279232527 13.069554175986672 12.307193926192772 11.238314711883332 9.78384704095993 7.86752024992628 5.4380559620322675 
5.529498621076685 7.953655081997323 9.840971660583522 11.252109625577187 12.274461479400697 12.995309704277684 13.488299837311493 13.814694177768892 14.023760832559482 14.15335443113027 14.231143210850357 14.27636615664929 14.301758824330559 14.31532411666155 14.321753289396293 14.323421864885201 14.320955258151187 14.313379332400206 14.297858960614128 14.269005933913954 14.217731078112163 14.129649908417582 13.983148841005626 13.747386382439275 13.380710181917904 12.830131802128092 12.032469797821369 10.917603041461103 9.415633949013197 7.469062888511376 5.049958400303767 
5.089833923204577 7.505680433125957 9.436667738199432 10.914838531133006 12.003043005664521 12.775697018757448 13.3055452433631 13.656551494165846 13.881289404735302 14.020470941874237 14.1039211233487 14.15237856975135 14.179559645020367 14.1940755135112 14.200973878253395 14.202821359276049 14.20032312016048 14.192499814482753 14.17642933390969 14.146537703070974 14.093416519080069 14.00218105777104 13.850488082184665 13.60651541531202 13.227442948041165 12.659194425877722 11.838312479666815 10.696891833812185 9.171140079941908 7.213208622598236 4.803763699295703 
4.818522523865307 7.225817696125792 9.17520998836638 10.687893594122485 11.814299921265821 12.620604400341021 13.176303894274312 13.545533629067164 13.782342624341949 13.929133226220921 14.017181665885841 14.06831497654343 14.096997832639328 14.112322192620168 14.119625141939983 14.121632131131427 14.119117231883536 14.111101269492963 14.094597756261445 14.063893641501945 14.009345751672527 13.9157136783945 13.760162177353344 13.510262932067155 13.122585022565515 12.542713301791377 11.707657441436226 10.551429405951115 9.013907325340742 7.051879278509507 4.649758138188832 
4.653287966363582 7.053974826664312 9.011297972792875 10.541696562763306 11.68962447464578 12.516423088707766 13.08897485114469 13.470729790714323 13.716183228296897 13.86860146100681 13.960139308516515 14.01334581291484 14.043212171729907 14.059182968251115 14.066814229983105 14.068954766621179 14.066434198372587 14.058276662134434 14.041450965408284 14.01014628390277 13.954557816270974 13.85920976392346 13.700961036002681 13.447044442506915 13.05375877764831 12.466682338895334 11.62335363114254 10.459082081357781 8.91577721699749 6.952512168060082 4.555380307440555 
4.554552701409648 6.9507485942461775 8.91144577934727 10.45093608869127 11.610730726243789 12.449522500920619 13.032476151771647 13.422330117606254 13.673592490473709 13.829912827559216 13.923932430226126 13.978644099938343 14.00938422172366 14.025839114943121 14.033719940994736 14.035965347325945 14.033446925421007 14.025193507994631 14.008144921032768 13.976425713016113 13.920126261214772 13.82362403596 13.663599424573576 13.407109692976228 13.010353795872229 12.41899883319031 11.570986819722211 10.402415002830665 8.856289013324158 6.8928180285393355 4.4988790930221905 
4.496763258856096 6.89011798984691 8.852244863143373 10.396423956604814 11.562696401566637 12.408329397783717 12.997458112730174 13.392295325680777 13.647243612097546 13.80610326921388 13.901770585260778 13.95749718775833 13.988833559908212 14.005622179075406 14.013677404706133 14.015999169055231 14.013488798489478 14.00518009624659 13.987995716730936 13.9560202012378 13.89927924608649 13.802061884774064 13.640945936225712 13.382897436980581 12.98408153417135 12.390251291094325 11.53961249160181 10.368721411222593 8.82117831385518 6.857777405325582 4.4657811601574515 
4.463461289757614 6.855124700145896 8.817936646037264 10.364657476598358 11.534546707940901 12.384083043051913 12.976800949695944 13.374579197771642 13.631727223039906 13.792112135274191 13.888770855515418 13.945106633962856 13.976799045203403 13.993786166046435 14.00194615681875 14.004317381395483 14.001820668732387 13.993494673336537 13.976253769106568 13.9441602284411 13.887201565805908 13.789612307395627 13.627904648315017 13.368983628705491 12.968987349165184 12.373715258451794 11.521528787859852 10.349258612348342 8.80086033741177 6.837476386571188 4.446597829062211 
4.444107948062533 6.834851189584216 8.798230556227663 10.346647174207838 11.51883582536107 12.370763839508522 12.965597508054065 13.365034426979662 13.623360606883553 13.784514591872233 13.88163936258776 13.938239421222194 13.970073345896868 13.987133465820596 13.995331994926994 13.997727342874379 13.99525145326223 13.986948070016984 13.969731057451751 13.93765448818476 13.880685719040736 13.783022102464788 13.621119186643563 13.361811848686019 12.961175356767129 12.364991366180506 11.511693436618012 10.338302397626292 8.789064245046973 6.8254353356150546 4.435130232450667 
4.431794832610891 6.822171489728484 8.78649104508615 10.336703909943447 11.510956727516499 12.364725632506932 12.960913707017452 13.361180619788417 13.619915016351122 13.78120301935019 13.878317477973813 13.93485158318167 13.966613592745786 13.983618657794592 13.991787487832978 13.994181877824838 13.991737539359688 13.983504713893574 13.966405936955283 13.934502112344134 13.877757047608837 13.780340735117832 13.618641974423666 13.35938067211442 12.958482791438648 12.361598697962386 11.507137596938676 10.332289821806826 8.78168208604687 6.817257416624998 4.427118089317645 
4.421402587341999 6.811943704288641 8.778284357165598 10.331468226319876 11.5085844208651 12.364386887503764 12.961570983588551 13.361984570144877 13.62035976177464 13.781094366817157 13.877662828217007 13.933753265963992 13.965197777353096 13.982000558167758 13.99006199650932 13.992428503524206 13.99003201575963 13.98193276505438 13.965075787410338 13.933551003075525 13.877343601939469 13.780611130068795 13.619657729078009 13.361007276188582 12.960270229667994 12.362735779836784 11.506591076567714 10.32918631025701 8.775816224869125 6.8094331712897604 4.419017169063226 
4.407763635732011 6.7992890254443745 8.770203320350907 10.329352369076929 11.511532129968879 12.370224273999442 12.968106285667364 13.367734503634574 13.624666253104955 13.783891975378705 13.879189995525559 13.934340259878303 13.965152802282029 13.981569123158938 13.989428221270082 13.99173577808888 13.989410772213645 13.981530002078895 13.965083266359287 13.93422661534387 13.879013358513374 13.783628693046078 13.624289515972546 13.367217577377513 12.967427447439691 12.369372953600285 11.510515060835761 10.328198016974332 8.768962798760134 6.7980323325689715 4.406571287602624 
4.383026246982403 6.777400657957711 8.758883161576982 10.33072135962073 11.522362810445227 12.385269218753582 12.982955623837194 13.37999892548058 13.63365324511275 13.789888133632967 13.882863233638425 13.936388232843644 13.96615242516475 13.981946355355554 13.989484779496335 13.991696352371616 13.989474909850722 13.981924408140626 13.966113873794617 13.93632609271576 13.882768053415944 13.789748334395822 13.633456036218806 13.379731957021933 12.982609362793145 12.38483977187104 11.521854628295216 10.33014905827217 8.758271715584213 6.776783516689197 4.382441462646733 
4.331587950340037 6.733425480292693 8.740693766942554 10.339666741179462 11.548492256014818 12.416127003612646 13.010726123640898 13.401547895516861 13.648797855458627 13.799765764990678 13.888917010207086 13.939892785951692 13.968070819434969 13.982947707440749 13.990021474626404 13.992093382355026 13.990016027008453 13.982935688383499 13.968049945858576 13.93985958409688 13.888866862565818 13.799693132362059 13.648696768874101 13.401412773480525 13.010552887642318 12.415914349413312 11.548242821334014 10.339387840076697 8.740397381399196 6.73312734424727 4.331305781566447 
4.213499669263349 6.642166753859189 8.7124400532141 10.372132664758626 11.605767254080165 12.474008321852853 13.058131585411461 13.436006331787054 13.671908244625095 13.814354313262546 13.897681272029848 13.944938513463669 13.970876039062567 13.984488067627103 13.990931021660716 13.992813920583261 13.990928054902056 13.984481571031024 13.970864878466134 13.94492098590432 13.897655151914696 13.814316984249158 13.671856955092773 13.435938591183614 13.058045680814285 12.47390388471637 11.605645760616246 10.37199772915201 8.712297390116914 6.642023714354168 4.21336445303566 
3.9453692302234216 6.41800733564098 8.713116829559501 10.468033020053522 11.721519564357806 12.574299361239797 13.132909953484715 13.486993738186108 13.704591356690123 13.834325759422992 13.909405825547399 13.951589264071867 13.97455253108798 13.986519441775316 13.992153298418645 13.993795024250657 13.992151645787253 13.98651584695986 13.974546415361479 13.951579768884027 13.909391846267505 13.8343060219164 13.704564551943225 13.486958719327076 13.132865981868594 12.574246367871318 11.721458373711307 10.467965474817323 8.713045764143333 6.417936410099735 3.945302250042576 
2.655981762544402 6.237755030817436 8.858964034798527 10.698890223577797 11.931647174160416 12.732633546594238 13.241165912525538 13.556718030809016 13.747580627268187 13.85987797557794 13.924104404873294 13.959803722498908 13.979048422248733 13.988992097700015 13.993642181222471 13.994992156329175 13.993641133065875 13.988989824818805 13.979044573116415 13.959797778835393 13.924095705213151 13.859865764476288 13.747564138837678 13.556696607077543 13.241139145714358 12.732601424933623 11.931610211066769 10.698849535394395 8.858921336937845 6.237712546701851 2.6559426605104943 
-3.805977122682421 5.486141311933996 9.889009700885103 12.05759598275067 13.054804580529531 13.512777227374041 13.738916457453914 13.859438938535215 13.925497025232215 13.961362026099685 13.980398789870023 13.990255752997692 13.99522741829382 13.997646642227938 13.99872451121968 13.99902876128699 13.998724389178678 13.997646376331227 13.995226964964777 13.990255047688773 13.980397750089663 13.961360555770423 13.925495021557339 13.859436330503984 13.738913240118288 13.512773431920142 13.05480014725429 12.057590831057034 9.889003922479079 5.4861354008057175 -3.805980834058006 
-4.286015671302633 4.824540521174057 10.171105005423865 12.595841151252365 13.514353824548714 13.818902123512398 13.92096603538974 13.96181310961406 13.981186732036232 13.990860799538373 13.995642112722201 13.99795491742887 13.99904901640682 13.999551283765975 13.999764633989702 13.999823177769994 13.999764622477148 13.99955125862447 13.99904897342068 13.997954850197003 13.995642013104327 13.990860663274802 13.981186537354777 13.961812761552347 13.920965669457722 13.818902394798059 13.514355686816021 12.59584436630647 10.171108328581647 4.824542653943046 -4.286014419632478 
-4.266266702914227 4.926100645123734 10.344438170587889 12.816192600280019 13.68429819844736 13.922679957219952 13.97750757795533 13.991091920321733 13.995954582571086 13.998153210567265 13.999171041478654 13.999632472262954 13.999837682357619 13.999926728800308 13.99996282432106 13.999972453307373 13.999962823478885 13.999926726952172 13.999837679238627 13.999632467577975 13.999171032678822 13.998153197736636 13.995954638944156 13.991091855273494 13.97750599345628 13.922677793757746 13.68430208570206 12.816214644474183 10.344480093311356 4.926152329556418 -4.26622804892165 
-3.7876970660119813 5.5324009310632105 10.749664944567503 13.029516230888467 13.779900633588564 13.961666716292404 13.993977991810313 13.998795931654776 13.999851706412704 14.000268013992386 14.00045055873589 14.00052850553583 14.000561181431927 14.000574611807309 14.00057981411016 14.000581163768754 14.00057981406835 14.00057461171825 14.000561181153886 14.000528505754948 14.00045056038611 14.000267988660136 13.999851692914179 13.998797004463295 13.99397735941145 13.961643070251121 13.77985255304513 13.029485516890425 10.749742930838218 5.532571782749367 -3.7875234897730627 
-1.9518102025278867 6.893847406606809 11.5812288957055 13.396568093984591 13.896123512326191 13.990241848838677 14.001962943928303 14.00303255410867 14.003185383908868 14.003234854495204 14.003254988582254 14.0032632767071 14.003266549596225 14.003267820421517 14.003268291327183 14.003268410080645 14.003268291319715 14.00326782045743 14.003266549580907 14.003263275319487 14.003254996892288 14.003234867741018 14.003185020579675 14.003032747501832 14.001979034174546 13.990236339633933 13.89580390227262 13.395820780880094 11.580175451330584 6.89309920472141 -1.9523832456256287 
-0.43249132617842795 7.960398385291819 12.19347865242829 13.635883510088314 13.949263315594091 13.98687435396125 13.988278200267544 13.988255478704126 13.988286351372365 13.988288119763894 13.988288014844475 13.988288238657104 13.988288285601966 13.98828829463361 13.988288297097611 13.988288297370334 13.988288297088648 13.988288294611541 13.988288286127895 13.98828823608331 13.988288008581094 13.988288260957866 13.988286006012451 13.988250634185441 13.988296690696492 13.987135074599347 13.949259716825074 13.631857077789293 12.18364771023662 7.945037427308741 -0.44475933433105724 
-0.0801376500432265 8.309904909908916 12.279693981089972 13.507868045751387 13.738223538658497 13.755888074285792 13.754556542064273 13.754400151470238 13.754436888638299 13.75443692322376 13.754436164182602 13.754436242583436 13.75443624031991 13.754436236592111 13.754436236370104 13.754436236226425 13.754436236377591 13.75443623644359 13.754436241164637 13.754436242975576 13.754436124750843 13.754437125241699 13.754437798214095 13.754387159836316 13.754537389526742 13.75649761426554 13.742255293867759 13.507870997205673 12.234185975631098 8.2270891317897 -0.1741441972373655 
-0.264173108337766 7.988108450755806 11.304969840839561 12.297837628676003 12.476958255968347 12.488024705693586 12.486328886138162 12.486170243550264 12.486206280777195 12.48620657161184 12.48620585560241 12.486205936608934 12.486205939658843 12.486205937543355 12.486205937861374 12.4862059378592 12.48620593789128 12.48620593733004 12.486205940057744 12.48620594336613 12.48620579014435 12.486206651995829 12.486209046885644 12.486155935505895 12.486207249513505 12.488874111663945 12.486814493315647 12.343349401620669 11.304969350891579 7.6062653346499625 -0.5520297376179666 
1.0708236891204694 5.482827501710403 7.617275110436484 8.327385981696622 8.46034962001123 8.468854924094613 8.467486618076876 8.467343164100532 8.467371848560008 8.467372547546276 8.467371929484989 8.467371989063597 8.46737199345759 8.467371991534872 8.467371991768976 8.467371991769461 8.467371991807848 8.467371991354913 8.467371993169143 8.467371999773903 8.467371866656523 8.467372418173712 8.467375795095338 8.467332969244355 8.46729840009795 8.469420479122855 8.475752427997556 8.410205264716554 7.999116872912896 5.482822906490493 -1.842081230233894 
-2.2532261661156965 -1.8419921173232365 -0.5425952574925407 -0.08157530256942279 0.009817837544633225 0.015979707249111273 0.015043019174210002 0.014933841931333854 0.014953869937169005 0.014954565252998746 0.01495411114851119 0.014954150816121113 0.014954154705436885 0.014954153263054928 0.01495415342377971 0.014954153426052105 0.014954153455207784 0.014954153144513484 0.014954154232362639 0.014954160259959546 0.014954064731752554 0.014954401646578368 0.014957121514211217 0.014929169044138508 0.014864103126625507 0.01641477020951425 0.022124059523608533 0.012434148592340679 -0.2547407034826418 1.0708913718890796 -2.2532450275112974 