Step: 1170.0
12.378789188857361 12.264446030449749 12.81457155500771 13.391173242166943 13.985043155588206 14.527528156317977 14.9934246277866 15.37680230832024 15.68182415172189 15.917370475107438 16.093995949132925 16.222122014827452 16.310962257899558 16.367900320622937 16.39814404367951 16.40453424132547 16.387424035576064 16.34457711672992 16.271064478564128 16.159169297705624 15.998337377071163 15.775234310101508 15.473989695469532 15.076726672144492 14.564506942630633 13.918898376926503 13.124724531631946 12.174133915097693 11.086430436115545 9.750004217268646 9.727072888294774 
11.771036705159775 11.385951303572082 11.903838947078189 12.602090137119356 13.279187517533845 13.885710769014773 14.401035613396735 14.822606791267077 15.156838856053787 15.41436803881554 15.607194283684892 15.746937003184481 15.843776591467376 15.905835506638896 15.938833521780332 15.94589754610693 15.927440834588705 15.881058564567477 15.801418986670013 15.68016101405905 15.505838257090133 15.263973828770974 14.937308175748095 14.506335296180435 13.950239547242457 13.248404876657219 12.382741340038868 11.342572955933166 10.123804257059783 8.87726117687533 7.8580364246627346 
8.920107786501696 9.86953918710868 10.828605966390112 11.74145977521364 12.558747912902719 13.258585655226703 13.839440927858684 14.308214195539648 14.676780731943625 14.959234290328103 15.169959175732684 15.322305088380196 15.427728566162418 15.495275593035155 15.531292787178547 15.539270005981972 15.519738437461456 15.470175058986467 15.384894845471901 15.25494347652031 15.068032139626977 14.808578569343018 14.457930797919973 13.994848624818015 13.39630051544795 12.638587819331622 11.698807404584247 10.555747541063237 9.19794360429792 7.588447258753445 5.264868606177101 
5.89388468075302 8.203307044382354 9.68651624854353 10.873134644525384 11.854267560297446 12.662404500110057 13.31776409896092 13.839123305146732 14.245220270912448 14.554478751522874 14.784200181970856 14.949790033161305 15.064180900814309 15.137467407067652 15.176705001525935 15.185805491427931 15.16546717939076 15.113097054792057 15.02271002396451 14.884820360376073 14.686368367616042 14.410745282435741 14.037985412313114 13.545178351290891 12.907102064250022 12.096966556774753 11.08683741003591 9.847094391590185 8.337383971133868 6.462329888845825 4.138079616078443 
4.524528550203732 6.847503770613844 8.659675149120861 10.07076959552745 11.203943272356977 12.117114170653744 12.846670462760068 13.421003252130156 13.865055171626677 14.201420373082936 14.450319032286352 14.629253498490014 14.75267539028313 14.83176435654763 14.874315875770076 14.88469393236003 14.863797952082018 14.809007402232073 14.714092644312384 14.569109922460724 14.360325513241706 14.070232569960709 13.677726567714672 13.158481825371847 12.4855082916283 11.62973221186747 10.560207880930673 9.242700804077511 7.634334072056085 5.688614770900782 3.3705039000340293 
3.60927542284609 5.9288289312891935 7.840155172220045 9.389635509661833 10.637950369722942 11.639465417772549 12.435033171451018 13.05810919733793 13.537796042064054 13.899922588717608 14.167182478172512 14.35895619398688 14.491104138809849 14.57583606190655 14.621663998405984 14.63340196182478 14.612166303322484 14.555343033429526 14.456513100943859 14.305356127541446 14.087580667413485 13.784947915300652 13.3754585899158 12.83375151498663 12.131708588409344 11.239170301888398 10.124526142572453 8.754963710487717 7.098097083249836 5.1269123149770355 2.8297993239042323 
2.9756814006618177 5.274192618034561 7.225231593695124 8.845780680306305 10.170359000864975 11.238349833813295 12.0875062533906 12.752070909626156 13.263042204616402 13.648256783628693 13.932205756896991 14.135766630434551 14.275989734446798 14.365989055960592 14.414924102710668 14.42802795714039 14.406632121118164 14.348153430480275 14.246034665220002 14.089661538891255 13.864307961236513 13.551182332096769 13.127653752453718 12.567723129595826 11.842769250648407 10.92255421921552 9.776474271152116 8.375307161580432 6.693988216607365 4.71598468868924 2.438602389973235 
2.5255821409991124 4.8037398367357795 6.769324605907156 8.427722075469186 9.79954584608285 10.91404229617793 11.803773887701851 12.50146817895232 13.038349702265158 13.443181257932649 13.741570496661804 13.955466555514581 14.102844324583566 14.197558040084711 14.249317177455904 14.263722702675617 14.242305406227182 14.182527371623994 14.07773714511059 13.91710282238022 13.68557894754724 13.363986778302221 12.929297558363004 12.355201430881786 11.613022365892277 10.673016503971493 9.506104861620337 8.086136163094 6.392781635233028 4.414929286416621 2.1539836730523656 
2.203869650699613 4.4650232596687776 6.434961371957709 8.113671512744686 9.514519990544745 10.660306987123628 11.579331746153407 12.302202032514522 12.859518385047924 13.280243724922961 13.590564320545468 13.813124604031254 13.966568665422148 14.06532227353305 14.119538202411748 14.135124467763136 14.113786217489316 14.053036370122808 13.946163343033028 13.782180932608211 13.545819842858302 13.217646708129042 12.774409430883358 12.189703850985712 11.435037060359175 10.481334326718054 9.300905454643052 7.869844277507705 6.170744907993455 4.195454388148945 1.9473747566230084 
1.9742664401349697 4.22219241674473 6.19238766579239 7.882167477148722 9.300916937153263 10.467467683183608 11.40704877096481 12.148375727180392 12.72117649346088 13.154243812475762 13.473996629069811 13.703496580971615 13.861849084411865 13.963903596110558 14.020156711984704 14.036762798478911 14.01557253831404 13.954148195533802 13.845741186421268 13.679257333108888 13.439272259302589 13.106187885742514 12.656635279866412 12.064224901426915 11.300721018160163 10.337674136873185 9.148485849155566 7.71080346928503 6.009045637893591 4.036753562100855 1.7983812858540846 
1.811254877224839 4.049313988367596 6.018427740989696 7.714473230510056 9.144524773128975 10.324922002972473 11.278774144335799 12.033322336824462 12.617481377135244 13.059757219160923 13.386629337029637 13.621407293420786 13.783514076755617 13.888110538480547 13.945955613930836 13.96339662372096 13.94240136625346 13.880574970339897 13.77114429613975 13.602935318895145 13.360408460437565 13.0238470357642 12.569808559613362 11.971942064598021 11.202243425280637 10.232765123170239 9.037721274444012 7.595841704618924 5.892743550828867 3.923023967364558 1.6917559150803678 
1.696051602728276 3.927009460449613 5.895019572682946 7.59507084436914 9.032747091215144 10.222713448847948 11.186587539120882 11.950518380146956 12.542780883135002 12.99162965217369 13.323565696127577 13.562075633951684 13.72682191445761 13.833204857865208 13.892187019875346 13.910266386685658 13.889502695252645 13.827534563857535 13.717567622792595 13.548359175386658 13.304266865257365 12.965460767884087 12.508413157504911 11.906771024114795 11.132678385249333 10.158548607437641 8.959199256654287 7.514170318010853 5.80997392524069 3.841991521069862 1.6157540285650056 
1.6143372731910637 3.8404006176523215 5.808027029552156 7.5114782908416 8.955143980487069 10.152371454862264 11.123633940488283 11.894278018697126 12.492149087851606 12.945380800058812 13.280558344011377 13.521358116814579 13.687663318418313 13.79507984909097 13.854737380396763 13.87325382575289 13.852760144427922 13.790918142583976 13.680909119885031 13.511419235369955 13.266692056930525 12.92675312175091 12.467927627155207 11.863762088839438 11.086416727127846 10.108515919980247 8.905339450216694 7.457133914076643 5.751258713383308 3.783884975047809 1.5610385523448738 
1.554674889749015 3.7776232723793433 5.746230235995224 7.453862650726526 8.903570359979074 10.107353195256291 11.084655323699975 11.860240706407085 12.461776568546924 12.917494786399423 13.254218898589304 13.495900736041563 13.662675464463533 13.770351270979292 13.830205591194776 13.848954436186462 13.828783421148708 13.767368205578729 13.657860135692241 13.48886357859756 13.244479014274855 12.904523980708808 12.445064284598976 11.839380248624154 11.059445941990726 10.07790497536229 8.870391387991948 7.417903713988899 5.7088647348128285 3.740550870256391 1.5197552872648694 
1.5070863654849254 3.728479309644348 5.700381091978159 7.414628048514212 8.872216893401593 10.083348999396273 11.066376012634418 11.845719147496869 12.449233954256899 12.90559763685247 13.242126831047973 13.483200064854907 13.649272667612479 13.75636996126725 13.815905617768642 13.834675358280094 13.814905399565692 13.754278886699673 13.645914502665633 13.478324384764173 13.235429054100397 12.89675013650104 12.43792975519233 11.831727403951724 11.049604880126044 10.063907257514355 8.850461994905547 7.391186825927608 5.676131666137021 3.704489355913852 1.484512699182405 
1.4613389897434763 3.6828633860296285 5.662226094303562 7.388130849895867 8.857819171379559 10.078686069842597 11.06788779342451 11.849974560695188 12.453631639444778 12.908527558216566 13.24284078801647 13.481579778441112 13.645604020533508 13.751169775676074 13.809809427591043 13.828375438081526 13.80912039105322 13.749733792994125 13.643309125265608 13.478268376906055 13.238323858926114 12.90260578730017 12.446123933734608 11.840752899332978 11.056915257118671 10.066052586791196 8.843767752255085 7.373066726834108 5.646702904373487 3.667544460707946 1.4469371849436883 
1.4042062047560904 3.6284570846955613 5.623436422928172 7.370864473810239 8.860414356881654 10.095082387460604 11.091129404617837 11.874440329766808 12.475671577371216 12.926291895647447 13.255812171788117 13.4900892751898 13.650449960250521 13.753366213013056 13.810447434569134 13.8285653492609 13.80998115641307 13.752397372345357 13.648908770167752 13.487878385152642 13.252816352044729 12.922391962126746 12.470762553573431 11.868452928030868 11.084052701765605 10.086984349371924 8.851456042193554 7.361303748975671 5.613618205105898 3.618789409875961 1.395124440606224 
1.3142151023552686 3.5463738149678368 5.574895990549761 7.362958617315326 8.885428660017089 10.138892855300087 11.141421436208033 11.922822733922068 12.517538457591353 12.959884061637862 13.281194514959003 13.508330484843215 13.663070509564662 13.762021558829737 13.816783524865285 13.834185172358787 13.81647173375009 13.76137554346775 13.662047336973536 13.506870771627002 13.27922886024104 12.957342034182513 12.514359982429525 11.918971180018438 11.136897032588479 10.133744427981107 8.879761307557596 7.3569350374877045 5.5687297553638295 3.5403145988761273 1.3085272733826736 
1.1457523924260529 3.404429510694267 5.506623481224066 7.375321766117853 8.947315430676605 10.222591105808853 11.2277659748105 12.000885413212798 12.582527853338911 13.010919631258195 13.319542166574143 13.536222286929172 13.683020435763591 13.77649313780783 13.828081166331321 13.844475730926405 13.827872383951703 13.776061666498544 13.682339784153802 13.535256105618696 13.318248488261718 13.009256652706075 12.580461081334676 11.998395677942979 11.224857440688448 10.21929808128877 8.943706618686718 7.371500698466065 5.5027242737109985 3.4006062589976205 1.1421666524426883 
0.8103317129473456 3.1129283879420844 5.443349220983561 7.440608850778967 9.07350353701082 10.365469931473795 11.362338122991751 12.115628748244905 12.674293490771632 13.081063001714844 13.371407829046444 13.573723370693438 13.709952353759025 13.7962829598281 13.843776538132577 13.858858689087393 13.843632306903848 13.795985483156898 13.709484525837658 13.573061876367671 13.370526023430568 13.079934762912831 12.672897888451601 12.113955181233669 11.360391368360808 10.36327437120944 9.071105758169807 7.438077943940254 5.440774408574068 3.1104147118070866 0.8079762904667845 
-0.47914057776221264 2.804680704350265 5.472300791410957 7.621945372844888 9.30497375295846 10.592038696337557 11.558470756694575 12.273595240118503 12.795656937913412 13.171273120592003 13.436886391432378 13.620554243599214 13.743436855943033 13.820908796037394 13.863373552494538 13.87683857143421 13.863264721429049 13.8206844444124 13.743084306304656 13.620056256177506 13.436223330882626 13.170425827865065 12.794610172226522 12.272341433153485 11.557013703171561 10.590396701019902 9.303181692053826 7.620055183971902 5.4703804294029235 2.802812692535867 -0.4808412311966709 
-6.954278439655319 1.2646858994896246 5.850707739172193 8.814107651412495 10.706924509119158 11.89331501747628 12.634684314057507 13.105407404873812 13.411563499790859 13.614324598607885 13.749226225271764 13.838108649062889 13.895218894491023 13.930046218326538 13.948677505605396 13.954514062405872 13.948648771084178 13.929986737453092 13.895124837887654 13.837974770069636 13.749046463785602 13.614092800673548 13.411274020945344 13.105055395045266 12.634265933553548 11.892828590609822 10.706373605885997 8.813505940311295 5.850083745495925 1.2640894855375848 -6.954689346595304 
-7.719049110506694 0.30011477702010275 5.947420969532746 9.455387030712785 11.50702681976694 12.636071314067802 13.234724749577616 13.552844935606114 13.729054352531657 13.832395133030678 13.89564851483303 13.934960677873711 13.959118907534252 13.973338566602957 13.980751154571337 13.983042330520155 13.980744341300616 13.973324409256621 13.959096393624709 13.934928424172808 13.895604943189305 13.832338532302105 13.728981986172357 13.552749622246036 13.234588868537642 12.63586288264892 11.506707481521946 9.454936846372563 5.946871982109558 0.2995703832858587 -7.719450904256663 
-7.767611887999662 0.3555583788838185 6.205116184012705 9.904626522894732 11.987395701226353 13.04787912506765 13.54563170630066 13.769715224011604 13.872554651886546 13.923535678127797 13.951222100830174 13.967163272702772 13.976468555966656 13.981741589780441 13.98441643945127 13.985231383966255 13.984414993461696 13.98173857467781 13.97646373650528 13.9671563483674 13.95121288122011 13.923524358306254 13.872540581471286 13.769687493356539 13.545542208133762 13.047608544682168 11.986755466059739 9.903455707173954 6.203449572631146 0.3537559547013329 -7.7689810931136805 
-7.296705004950764 1.0076051857147477 6.800976322924912 10.399967487124158 12.357453295614688 13.292606502942247 13.690640463990984 13.846302740111067 13.905732841920274 13.92992957100432 13.941148425676934 13.946993420505631 13.950205714534992 13.951953962689954 13.95281633126632 13.953075186796305 13.952816059401362 13.951953394103441 13.950204797795326 13.946992097430138 13.941146926312658 13.929929849963761 13.90574089803068 13.846319308160913 13.690592969992752 13.292183008230088 12.355994032845157 10.396684977538252 6.79569005090206 1.0013919070094064 -7.301510537450198 
-5.770613422784109 2.2352293112348454 7.77203637581911 11.053301704634988 12.713659055659242 13.432253491073219 13.700767845294704 13.789517254280893 13.81697926987205 13.82584111955033 13.82921120242151 13.830759174739287 13.831550687079742 13.831962010407551 13.83215859018764 13.832216600624768 13.832158555474972 13.831961938569293 13.83155056793244 13.830758954861272 13.829210982562635 13.825843973049475 13.817003924644766 13.789618246788367 13.700976078227114 13.432132004545391 12.711419058775618 11.04603487247263 7.757812852827765 2.216769711246428 -5.786156435470218 
-4.578405708891621 3.0855094900511735 8.323702955146294 11.27338829656702 12.655989436183342 13.195875142017666 13.371149480293427 13.418892374849237 13.430285315462726 13.4329811631487 13.433759375972551 13.434060309102627 13.43419950543867 13.434267099020124 13.434297883996893 13.434306728262447 13.43429788192444 13.434267096594793 13.434199504892803 13.434060222949 13.433758912783741 13.432983568129691 13.430325776923937 13.419133496413407 13.371985235837386 13.197504531987668 12.655773750503787 11.262130196039966 8.293034590684794 3.0378449016811095 -4.620168630883893 
-4.510788643327602 3.0372071583318916 7.899471843874765 10.489254886098326 11.642876322423488 12.063370911376037 12.186366947140703 12.214714980026933 12.219842440991158 12.2206355565365 12.22078561575201 12.220833016816217 12.22085242226909 12.22086096123481 12.22086461396658 12.220865630037435 12.220864613576161 12.22086096302733 12.220852437930654 12.220832929885322 12.22078465114656 12.220636753064234 12.219903267674095 12.215175161482811 12.18839317767566 12.06924238688077 11.653620132916938 10.489150982587502 7.841081242222452 2.9251343479585623 -4.630167164474163 
-5.227015202670288 1.9292016126142042 5.955174201188707 8.06973497267833 8.997959924509209 9.325959124767936 9.416566172603941 9.43527558030603 9.437942951832163 9.438169721423806 9.438183806699154 9.438189143447174 9.438191417833787 9.43819219285827 9.438192482416817 9.438192560535976 9.438192481895847 9.438192194416628 9.438191441790325 9.438189069478392 9.438182429846997 9.438169076065845 9.438017602594606 9.435945564276976 9.419936704542536 9.337773064262898 9.027905787416922 8.127972259639922 5.955169587661634 1.607157491021247 -5.479877163610025 
-4.918439259911289 -1.03516563517678 1.6904901336300506 3.2484531276230193 3.944991961984065 4.190692606240622 4.257193896396436 4.270231264336326 4.27183666304613 4.271899230089165 4.27188787330937 4.271887592388957 4.271888030373001 4.271888086957369 4.271888091533301 4.271888093772177 4.271888090973208 4.2718880879639 4.271888056842547 4.271887542789116 4.27188639230534 4.2718971133637975 4.2719107615127045 4.2709742978344245 4.261252168627288 4.2062126496021 3.991847637194724 3.360367078403452 2.012646316278228 -1.0349948280635535 -7.144783152470581 
-7.76511848852092 -7.130910481459555 -5.399546685787081 -4.353475502649247 -3.8747351629070383 -3.7051299587790645 -3.659364942263185 -3.650522016149708 -3.649486167040843 -3.649463332779208 -3.6494748671088155 -3.649475510014299 -3.6494752725985125 -3.6494752572378797 -3.649475262979287 -3.6494752635165923 -3.649475263420778 -3.6494752566310082 -3.6494752514605273 -3.6494755405147465 -3.6494760411681595 -3.6494654159363895 -3.6494292719775023 -3.649924101524583 -3.6560157054756504 -3.691788214590549 -3.833646244450537 -4.2342146802023155 -5.146651881453734 -4.903117805719413 -7.7639057568937275 