Step: 2160.0
11.046066940676935 10.89459781858998 11.47589732580791 12.091911599107585 12.760529142947542 13.409494566630308 14.006562177485979 14.536837241105106 14.994996331199717 15.380773828912634 15.696498900209276 15.945620466864606 16.131760806108094 16.2580740183632 16.326799483411833 16.33895446854788 16.294136545414013 16.190419669807735 16.02433444822821 15.79092664389737 15.483890391707154 15.095775786430394 14.61827748026429 14.042627809416473 13.360160414853791 12.563201886395618 11.64680938804693 10.611185290186866 9.479710360405168 8.108243239367935 8.13048938321626 
10.408310724242865 9.943230207329151 10.44994296572239 11.187497833867264 11.94361445649744 12.664710126597866 13.32182196243374 13.902479694216375 14.402710114459119 14.823175045308494 15.166919133296387 15.437977849342658 15.640454075931633 15.777875838204505 15.852740801166945 15.866198907445632 15.817847225317745 15.7056224537564 15.525782211738377 15.272969086862341 14.940353146992628 14.519850796221737 14.002422872182951 13.37846766306316 12.63835479686677 11.773230620182494 10.776308373247357 9.646461746781876 8.384309975545513 7.15350764055325 6.231563227953889 
7.472824746982063 8.329005456152945 9.260085023444836 10.203659176682269 11.101272147520799 11.921765532203263 12.653651678172697 13.292688167773127 13.839343221206772 14.29684721876783 14.669869162827377 14.963549896814305 15.182778858307904 15.331645689058638 15.413028181118186 15.428294868387018 15.377109768710376 15.257331463963217 15.06500076347853 14.794411686186592 14.438260041864403 13.9878629826942 13.433442116084322 12.764462733602697 11.970023700139054 11.039285067418575 9.961995865505573 8.728321584816673 7.337547239812023 5.763515775197799 3.552096265195359 
4.33990821712679 6.545105477552856 7.99065732247172 9.202385247011032 10.263805679708653 11.197411308052793 12.011930833153079 12.71380350553284 13.309317158964536 13.805125154516846 14.208044037699628 14.52464333754595 14.76080222490514 14.921304044307192 15.009497915861296 15.027040090004384 14.973720441767261 14.847375636018501 14.643887772212288 14.357264666446312 13.979794664692784 13.502264266457479 12.914219546993799 12.204239273902374 11.360159234523929 10.369125799737583 9.217113849790673 7.887553344154578 6.351553368385523 4.522543286145361 2.3208185497066602 
2.848974516761869 5.057843884073602 6.824719471241342 8.256883134218203 9.470524610854765 10.51333434680737 11.409372540701494 12.173666219217695 12.817729830427387 13.351507019400591 13.783979443434374 14.123199495549208 14.376091683444061 14.54818207999583 14.643334643488396 14.66353487394993 14.608741873531216 14.47681910529221 14.263547255495167 13.962717128303911 13.566294828954351 13.064644100332941 12.446779346397625 11.70060308959149 10.81304355503938 9.769920874243311 8.555208226411267 7.148514304335997 5.518511366108822 3.6265809583755626 1.4404478546802733 
1.8035208201292185 3.9988843993445125 5.857956200645962 7.425105735588894 8.754245303621884 9.889257091535589 10.858028963282848 11.679811005667952 12.36939490803557 12.939135007930947 13.399769876714839 13.760643812533266 14.029638968117018 14.212988142683102 14.31506244088476 14.338186965154513 14.282514499895031 14.145973234453963 13.924295369446828 13.61112627364513 13.198206866939914 12.67561349645282 12.032027849856187 11.254991553237598 10.331070763255902 9.245810799415068 7.98327374874605 6.5250127313311514 4.850295802779802 2.939648172826855 0.7836936004906669 
1.0358949478588266 3.2000177110722032 5.092045317076969 6.727103806614724 8.132888799579693 9.337968637709892 10.36654648489475 11.237915142475332 11.967967316323605 12.57030685997331 13.056803389733693 13.437751317146633 13.72180300557798 13.915797137037227 14.024562159561864 14.050745485480274 13.994699553000213 13.854442676615795 13.625703222660272 13.302048135563451 12.87508974347982 12.334756939078055 11.66960741440847 10.867146355479797 9.914105917043877 8.796637476676025 7.500425964513221 6.011058742427465 4.31531751296614 2.404150648280871 0.27688775951110545 
0.45228550560120473 2.585958811599363 4.485945280899846 6.1558115739280135 7.6091781416919035 8.864090165136561 9.938989304459211 10.850964702013703 11.615408925494046 12.24615881246058 12.755590479372449 13.154570381710593 13.452294456511448 13.656073873014526 13.771119634577799 13.800365157719229 13.744353497824353 13.601205786111024 13.366679423502887 13.03431782316868 12.595687161543472 12.040689135772697 11.357932256675397 10.535139345325636 9.559570609483359 8.418463898544347 7.099568523641711 5.591962395610459 3.8874135356267043 1.9823625862359004 -0.11983867528755596 
0.0014287050805076996 2.1083611179277173 4.006396830993655 5.693688377693542 7.176386131971276 8.465676918774113 9.575179016325869 10.519213804988514 11.311880477327326 11.966584343860704 12.49572909612714 12.910429705143677 13.220215122855436 13.432736102047743 13.553505789293949 13.585699103463918 13.530030877981106 13.384726149603333 13.145589968768482 12.80617867671503 12.358069389942855 11.791219295919129 11.094401858048183 10.255705129987252 9.26308250433336 8.104965617307153 6.770983884767381 5.252867292644291 3.54558790593268 1.6486791522564122 -0.4325236571071128 
-0.34979164373510485 1.734772257613271 3.627204024216957 5.3229392607585275 6.823898513790797 8.136877808951624 9.271877522921029 10.240712930703287 11.055991087020029 11.730373711481235 12.276006274978858 12.70403125782631 13.024153165163467 13.244255690513462 13.370084936104483 13.405014939944175 13.3499092333078 13.203088166547785 12.960407641684588 12.615450899842175 12.159830920973024 11.583596685003112 10.875732449647304 10.02473670804154 9.019268979946432 7.848859755548868 6.504688946052929 4.98043926582854 3.2732059086886105 1.384384076800883 -0.6796181773460246 
-0.6245732372790889 1.441768708734409 3.3278634401436444 5.02764340834463 6.540452574716226 7.870165901789203 9.024125242777698 10.012084311585761 10.845260137348689 11.53550865239873 12.094605642244694 12.533613034293163 12.862323641160799 13.088789305970693 13.218942956150187 13.256325534089243 13.201926799519581 13.0541463804154 12.808878870846518 12.459724158732575 11.998321089559617 11.414798629358042 10.698333816128578 9.837800485620065 8.822488003673822 7.642865792972148 6.291366526868347 4.763155459252397 3.056841721596728 1.1750696135704597 -0.8750882988063937 
-0.8403119922582344 1.2114888723287789 3.0919743190770843 4.79410410075299 6.315446072593477 7.657757156809756 8.826345854635564 9.829299857592453 10.676651134492154 11.379533919091678 11.949376145269904 12.39715449347871 12.732736144353375 12.964324787900548 13.098023543832621 13.137523275627 13.083921646650028 12.935676237955953 12.688693781022135 12.336556375446314 11.870883596032192 11.281825755072102 10.558677522221881 9.690592191375865 8.667365319186976 7.480243517397392 6.122702743841458 4.591134880375728 2.8853861006050794 1.009106806958256 -1.0301034835331035 
-1.0108879916295848 1.0295584276139642 2.9060218879660513 4.610628720233836 6.139437675392855 7.492412431081899 8.673149472255465 9.688350504933439 10.547086990089444 11.259941728123763 11.838118508243305 12.292594728786456 12.633368032875506 12.868826742580676 13.005258865636849 13.046505493817714 12.993760020771026 12.845513254069603 12.597644790693648 12.243661646380007 11.775084744444532 11.18198107084236 10.453632578886848 9.579320756478545 8.549187089929351 7.355105533505524 5.991479430130897 4.45586511081667 2.749343311863277 0.8766143413437578 -1.1541332562575457 
-1.148197464939546 0.8836544011274907 2.7584134846095756 4.4671835118624985 6.004327780506457 7.367928582930949 8.559923076724482 9.585800234651236 10.453909386166663 11.174528639076051 11.758854657377453 12.218035860576961 12.562321972755546 12.800364659130153 12.938680864837414 12.981278750070869 12.929441919081427 12.7816679513347 12.533759836338884 12.179072035451133 11.708914938764423 11.113120696168785 10.380767597305015 9.501046532996149 8.464228202013793 7.2626508530814595 5.89160076458174 4.349922995174077 2.6402209710950832 0.7686103488441761 -1.255834692615782 
-1.2634748089939691 0.7622593284645144 2.638625975199984 4.355064937483877 5.903486050008165 7.27954522131824 8.483335487378255 9.519266500201347 10.395277769088372 11.121702248543572 11.710054050220297 12.171908237160995 12.517948671687776 12.757208344427776 12.896500806609737 12.940031087917854 12.889173218958032 12.742405095397546 12.495397327601186 12.141259164727712 11.670950098267422 11.073868622960772 10.3386273725676 9.454012577338561 8.41009930274501 7.199442588507689 5.81817426776899 4.2667327873322085 2.5499152235581195 0.6761167123053428 -1.3440026195265302 
-1.3688536706636045 0.6532321377643027 2.5363356604991996 4.26669383835705 5.832043594779406 7.22446393495944 8.441875735872484 9.487872579129641 10.370509766353695 11.100720367681324 11.690794809594024 12.15307716925685 12.49891844361676 12.737878104386134 12.877147222538728 12.921163778236362 12.871395898425058 12.726277495813012 12.481290873075409 12.129201184958015 11.66045748937206 11.063783391692299 10.32698485027733 9.437999553513905 8.386194087923773 7.163866620240554 5.767801248179259 4.200439139012443 2.4700020762601294 0.588948373612433 -1.428904045804941 
-1.4798549888664176 0.5417058873628621 2.4404360535223364 4.195801321720331 5.787666156224858 7.202696574169369 8.436506904175895 9.492685025954016 10.380346500108827 11.111837653484473 11.700835982471176 12.160872464364655 12.504228217702707 12.741140619115185 12.879256042094044 12.923277605594116 12.874771068016997 12.732107145551748 12.490532957780133 12.142379273484615 11.677424507150574 11.083451305975084 10.347046032341549 9.454702478257232 8.394293256695999 7.156955421439078 5.739365642596141 4.146157866985375 2.390867018617728 0.4937533575097031 -1.5246211108660976 
-1.620135179178801 0.4061200960785894 2.3382904737699066 4.1387093861554005 5.772484663819449 7.218379930688581 8.471418508971995 9.537080766269758 10.42708960580579 11.156318696975791 11.740572798775423 12.195023326457699 12.53313439802312 12.765946084585972 12.901611427240386 12.945113322878214 12.898113844720404 12.758910203563778 12.522489084533834 12.180687021359168 11.72248192599738 11.134462414150182 10.40154792057962 9.508062103285246 8.439291986815352 7.183697101805532 5.73598549484577 4.101307960700816 2.301036710790316 0.37014202427078274 -1.6537017459175407 
-1.8356027130700279 0.21207222411068724 2.215379811260993 4.100433096458852 5.796383813079746 7.2813847362438215 8.554670810675395 9.626895845457309 10.514515247910472 11.236261424101615 11.810844730347682 12.255485013193644 12.585007901414608 12.811308405259856 12.943041726714801 12.985451525520972 12.940284675492249 12.805767879549832 12.576638827832108 12.244238667935425 11.79668984786219 11.21920969977635 10.494648926536641 9.604394552159485 8.529834363488513 7.254648434969917 5.768322681986304 4.0717516546087955 2.1868838523305816 0.18460674632087432 -1.8612038223900436 
-2.2109030126891227 -0.12672980737637143 2.0857342804813293 4.103879672174406 5.880653783359016 7.4084613094210505 8.698322338396094 9.77013303804134 10.64744625404761 11.354171926223826 11.912572636885338 12.342153187133015 12.659117161639397 12.876138393191951 13.00228187985387 13.042983550908993 13.000048419962015 12.871653044038645 12.652349155008883 12.333071100210901 11.90116067907831 11.340449377634492 10.631488246063519 9.75209066968842 8.678440069415027 7.387089541317902 5.858254416394771 4.081022352832281 2.0630805007492876 -0.1484557132556745 -2.2311304679284163 
-3.4412029383102425 -0.5043593627288642 2.013983246167263 4.19692274523645 6.059071346938324 7.6228674278840325 8.91757271776706 9.976006251509482 10.830877769847739 11.51225112188865 12.046221378008054 12.454479659102093 12.754358714613428 12.959049862535673 13.07782081673927 13.116171232437454 13.07591960924113 12.955232124921613 12.748598969429807 12.446752135762521 12.036513619035585 11.500579964048104 10.817306110666031 9.960659156071713 8.90065190477155 7.604663578758804 6.039973408813572 4.177422498563992 1.9946745901918093 -0.5227813412696071 -3.4578084586762294 
-9.590439777379276 -2.4545958183432 1.8103546133134631 4.919382913929454 7.238752791179513 8.964638693570656 10.240399572087984 11.18045273283086 11.874011281550167 12.38721136045318 12.766836537681312 13.044931907631879 13.243065340269569 13.375540188586992 13.451469646191923 13.475948443588864 13.450616728210859 13.373824773011336 13.240470866029712 13.041439545332025 12.762430842583965 12.381884868669824 11.867765913340763 11.173298071757314 10.232353668814781 8.955743485316232 7.229116112925221 4.90924698444184 1.800178141669734 -2.4640167804417996 -9.597032586701744 
-10.525532906889733 -3.643946510552946 1.6123135486240388 5.363793241533205 8.02136668490739 9.864858312598448 11.118399248192745 11.960746242478594 12.52656321141385 12.910316653846396 13.17407305107862 13.356623237567593 13.481493627110364 13.562741235203031 13.608562771453318 13.623268120302047 13.60820412138539 13.562018968334405 13.480399173251554 13.355146632537618 13.172204342778626 12.908042869377844 12.523855656079522 11.957536016670758 11.114552645385185 9.860185648248448 8.015708351699438 5.357194754654334 1.6052325665986498 -3.650479961772646 -10.530229341463352 
-10.731434108266468 -3.7965560164301384 1.6967745236722847 5.740456936783501 8.555785511401231 10.430339678361447 11.630699518458282 12.377936516631829 12.837350232264617 13.121386845794214 13.30047631679554 13.415908795822089 13.490823975352704 13.537883664893712 13.563878492066276 13.572158796521652 13.563737581602638 13.537599905108491 13.490394627469751 13.41533229903975 13.299753250529248 13.120513904923312 12.836294969982148 12.376578796794718 11.628746578570443 10.427282640066405 8.551023292801245 5.733677600251152 1.6884667760824899 -3.8048460310268375 -10.737539323962393 
-10.486386709453193 -3.4323670975080516 2.0734987948215076 6.131531744425341 8.921647305155924 10.719342164431243 11.813569561650867 12.449945069635644 12.809672037088761 13.011900681537107 13.127717829425263 13.196293782335268 13.237997030808693 13.263071827357832 13.276571554539947 13.280827923020318 13.276520887427084 13.262970317783342 13.237845951207882 13.196099660840645 13.127497766931233 13.011682172497968 12.80946541319743 12.449647705895886 11.812764910122969 10.717061791841429 8.916420319685988 6.122087837677962 2.0600983864108744 -3.446996607287226 -10.497466097199654 
-9.492487475755558 -2.735972397427502 2.6163255089441844 6.507681629624151 9.108609256805055 10.71341484729232 11.63323981610491 12.12778450483848 12.381288239246999 12.508368887752047 12.572788239140346 12.606850955725942 12.625801589959533 12.636535666323493 12.642119380678766 12.643854999679835 12.642105648553878 12.6365088382176 12.625765282700321 12.606818798249265 12.572798886191123 12.508506359357147 12.381681055199385 12.128506651043143 11.633981157190902 10.712806351493098 9.103587168435912 6.494491672787688 2.593557503833281 -2.763642081445366 -9.51512865541138 
-8.843155402788533 -2.454142953131001 2.641099036474409 6.270990436462033 8.625154170298977 10.022197998282504 10.782290844889138 11.163550112174178 11.342001037560042 11.421735468913436 11.457038860563728 11.473282050977913 11.481313670998434 11.485508743827333 11.487592823381148 11.488228317384895 11.487589840912102 11.485503668253385 11.481311352370994 11.473301943400688 11.457142372211376 11.422077640614866 11.342888679365021 11.16541492475963 10.785354573417138 10.025487236371562 8.6243273144618 6.256773214460044 2.606886763658803 -2.503630276296981 -8.88585048249472 
-9.190926992514829 -3.048195881679414 1.6201386352366094 4.843341158130794 6.890623261018261 8.074401228167025 8.695448354631713 8.991385494286451 9.120245250745755 9.172289482042292 9.192403233956435 9.200254624923346 9.203555782783026 9.20508282318621 9.20579076206747 9.20600058609371 9.205790277790502 9.205082915546615 9.20356254927722 9.20029413659111 9.19256390528219 9.172815094860322 9.121684933159457 8.994730917369784 8.70202968398922 8.08501318382115 6.903074444740263 4.842720500629983 1.5715017117992307 -3.1382916968457404 -9.284939316990018 
-10.196140778980208 -4.548861047389392 -0.7074467743978744 1.9474849620970596 3.631377595923566 4.59413890762903 5.088724144414023 5.3167557628059745 5.411228944769575 5.446617080125817 5.45881751168758 5.462855954791403 5.464243017682377 5.4647774555165185 5.464998793116729 5.46506143919127 5.464998800804249 5.464778603923933 5.464252146583244 5.462903622824009 5.459012093637723 5.447273641677959 5.413110894150068 5.321417442803174 5.0988221757376095 4.613472542294756 3.6636678717843956 1.9952320871717233 -0.7074881523101813 -4.7814801838203245 -10.376472929818984 
-10.379567226734325 -7.289324011419343 -4.62117462364598 -2.6265397482240274 -1.338522729090895 -0.6013583435847546 -0.2260421283900964 -0.05603365230834184 0.012397825735968442 0.0368725169668164 0.04469098809638291 0.04696870161991446 0.047609848917199715 0.04780407139097612 0.047870891450494 0.04788831259088199 0.04787096673362479 0.0478052733997962 0.04761872648341168 0.0470152861339526 0.04488458875732019 0.03754070272377861 0.01436735325665362 -0.05097225583526205 -0.21447023114971064 -0.5772970665772683 -1.290860994752103 -2.537085743671199 -4.387800992457632 -7.288134852510276 -11.98349507293262 
-12.58872240858234 -11.951266456016759 -10.218820608655882 -8.857082656944566 -7.96257071252588 -7.449156792021787 -7.188301592661762 -7.070838446084328 -7.024043252272785 -7.007591409398376 -7.002488754174 -7.0010803019562635 -7.000721616361817 -7.00062903031538 -7.000602068627049 -7.000595638819054 -7.000602006941646 -7.000628114766777 -7.000714855078653 -7.0010445838450615 -7.002339160395505 -7.007070645237282 -7.022492525406735 -7.066799170017163 -7.178897435159169 -7.42894962820798 -7.921293287622068 -8.76348393220571 -10.037834015652487 -10.341940955724088 -12.584543261573087 