Step: 3285.0
10.052600959951386 9.865417001482784 10.445954845709029 11.052202994725185 11.72473912336447 12.391952739331355 13.020208084410692 13.591861116893828 14.098123966548101 14.5349051622131 14.900633100643972 15.195027718949321 15.418368379890332 15.571033222733067 15.653197556794273 15.664633118867453 15.604577100663938 15.471653547475983 15.263836742507001 14.978450041396698 14.612196519462685 14.16122174133484 13.621216851838875 12.987587574787382 12.255755686611112 11.421741987844495 10.483517956131026 9.442706794626245 8.3218648889814 6.9512995564833275 7.013689961195305 
9.39562807615648 8.862482159385886 9.334921883834738 10.059474569512473 10.81839412203489 11.558625451180289 12.249187348726727 12.874497724013406 13.426764466709098 13.902469529982659 14.300409482826904 14.620564563090587 14.863404788393607 15.029442509351163 15.118933408681979 15.131674432922255 15.066870681662452 14.923055286375567 14.698052411994112 14.388976747402555 13.99226515143988 13.503739211729338 12.918703704525749 12.23209984103862 11.438762257528929 10.533909910966711 9.514059945018863 8.380198273821879 7.1322447178295345 5.939951528360271 5.0951324047020075 
6.406361879343347 7.184706550406575 8.067655669046953 8.989094668439682 9.886547052890402 10.725856062704171 11.492658085443766 12.179039338230844 12.781216663440443 13.29785020280295 13.728997926931157 14.075413650070123 14.338063316970215 14.517782466273149 14.61503050261807 14.629716146993644 14.561079016803182 14.407617867929071 14.167058660179793 13.836356603914851 13.41172662846242 12.88869702065398 12.262182029754797 11.526571635894937 10.675841849175853 9.703685726912882 8.603761452243473 7.369289995274888 6.002802618546876 4.482619137581729 2.3590140797728383 
3.208912527005666 5.32869594251343 6.718017013917469 7.901096953163616 8.958741794489923 9.910197199252226 10.760519749061327 11.511946764088446 12.166069567667595 12.724572417299004 13.189294618225645 13.562087521642793 13.844618880371934 14.038182760633152 14.143536150378946 14.160769913097914 14.08921638344505 13.927393236859423 13.672981281490296 13.322831810909806 12.872996810696659 12.318772236828442 11.654739737666567 10.874782770712642 9.972030292578962 8.938630525062738 7.765034216304293 6.438593528216546 4.933911661754207 3.167360254813545 1.0607353845680971 
1.6470187657406885 3.7640999116398928 5.468525734761465 6.867047133006387 8.073792542631894 9.133317941959797 10.065730510820886 10.881447446729371 11.586888758207495 12.18664917027784 12.684377764963063 13.083085858873918 13.385205675657591 13.592544695805259 13.706205220193763 13.726503862840415 13.652908578548447 13.48400145575971 13.21746947785929 12.850120717678273 12.377918804949399 11.796022875616309 11.098811693375831 10.279855036794855 9.331763522604543 8.245769572425742 7.010745971433798 5.610506562310775 4.017057224953665 2.193932925694897 0.10935059237225384 
0.5272316543002862 2.624553803766032 4.415744986839483 5.945032405157957 7.264600181353173 8.415284594504401 9.420880663822958 10.29574898024721 11.049250665828698 11.688044929559462 12.217202879183446 12.640719189461377 12.961713825930149 13.18248007033548 13.304463666556627 13.328220310053572 13.253377868146098 13.078617281114514 12.801677793714935 12.419385750356156 11.927700281219028 11.32176262888958 10.595927022564373 9.743737181152072 8.757788287054215 7.629374410984282 6.347733325623733 4.898747017310946 3.2648909665068433 1.4284791914406494 -0.6197885805282981 
-0.3164021061032586 1.7434705869188736 3.562520816961626 5.155916089489149 6.549765113806554 7.76961353405185 8.835456336337568 9.761473138837928 10.557838688535906 11.232148803779863 11.790294144915535 12.23692834724319 12.575685142522829 12.809253052506028 12.939378623577817 12.96684314357664 12.891440527928038 12.71197231404354 12.426267164919517 12.03122546967677 11.522883558381075 10.89648599138668 10.146547740552414 9.266880532262611 8.250550690163815 7.089736428856112 5.77550919501132 4.297881789737927 2.64679787850371 0.8148325437298459 -1.1988021487775553 
-0.9763386804814387 1.0469365352218771 2.8690561559305605 4.493724356634647 5.933024613564245 7.2019487685773225 8.314606901685913 9.282770448361754 10.11585400024358 10.821398947420542 11.405512153504311 11.873145593115112 12.228234431926326 12.473740346999454 12.611643985900015 12.642920391268683 12.567520978148451 12.384376884512324 12.091431216001606 11.685701500328017 11.163368217657004 10.51988046095092 9.75006595603431 8.848231346955792 7.808244217130737 6.623613718480478 5.28766306173086 3.794000810397094 2.137570342827001 0.3163766254410253 -1.6664459596352295 
-1.502662924994087 0.487842903454659 2.303315502863673 3.9421014698264205 5.408816990256485 6.711530252521939 7.8593903869798 8.861199752366197 9.72483243898737 10.45712723780766 11.063944821640693 11.550227431091866 11.920014902014513 12.176420713958677 12.321587813878399 12.356645471393362 12.281684568186735 12.095763329279741 11.796950008526387 11.382403922973513 10.848491688598859 10.190931859365982 9.404959236908326 8.485501814013285 7.427372626822254 6.225502282621003 4.875276080697332 3.3730743408181803 1.7170954133114784 -0.09157399964554916 -2.0478721741563537 
-1.9274508839075217 0.03484745731202125 1.840246530350856 3.4844130695570317 4.9677108200139175 6.293729761575273 7.4678502416796295 8.49616345059479 9.384807926708765 10.139616269210523 10.76592830626631 11.268467911384182 11.651234550531816 11.917398133382578 12.069203608226855 12.107897493408945 12.033688195166754 11.845748992720713 11.542268686866 11.12055089041882 10.577159200359025 9.908102461139688 9.109052777101056 8.175590271372787 7.103474865222438 5.888957620746878 4.529158875958138 3.022544968067782 1.3695120738017332 -0.42697450133448994 -2.3608144984321933 
-2.2730153866791296 -0.33452061348248785 1.4603491467317646 3.1057849507800888 4.599537380429024 5.942173361299681 7.136251672954134 8.185588849727662 9.094686678602228 9.868310702146047 10.511173923430535 11.02768252434217 11.421718995617152 11.696455715560564 11.85420269143451 11.896297395544417 11.823044817383945 11.633713973976535 11.326594330119478 10.899112458178399 10.34800610288127 9.669549850748389 8.859824221998771 7.915018846018349 6.831761161576378 5.607464851848582 4.240695121186459 2.7315466745628085 1.0820200154531525 -0.7036381365541283 -2.6186860913515644 
-2.5560552039884863 -0.6373685645747397 1.1480278447998942 2.7933771048965323 4.294610995038557 5.650066786520437 6.860094631236602 7.92661911132915 8.852699384581626 9.642111515137481 10.29896265414531 10.827341296536131 11.231007857284467 11.513131545737917 11.676080672678074 11.721273439403292 11.64909514210519 11.458885983220762 11.149001589040031 10.716945975778735 10.1595740270728 9.473357409518304 8.654704107052387 7.700317287383345 6.607574083133675 5.374899589327424 4.0021073623726915 2.4906773481065883 0.8439479679602981 -0.9327885440232905 -2.8322830055661994 
-2.789972060331973 -0.8875524692739547 0.8903244980853249 2.536098879929122 4.044153676799187 5.410916700307614 6.6348369951488255 7.716206899650284 8.656846114519892 9.45969465976764 10.128368878010631 10.666725823966662 11.078467414074476 11.366803847756618 11.534187918024596 11.582127124261516 11.511077702503012 11.320422890130574 11.008536348973127 10.572930220685725 10.010485316023763 9.317757887088709 8.491352569625963 7.5283434834828515 6.426714264875883 5.185773423845787 3.8064879596642616 2.2916754653386406 0.6460151595024892 -1.1241138132034987 -3.0108979939603997 
-2.9864203111438865 -1.0971374252143244 0.6759157799227077 2.324208698313574 3.840408880291741 5.218950260986664 6.456415943372062 7.551605747909068 8.505300043298686 9.319817685891135 9.998482501816671 10.545086173943407 10.963401129230823 11.25677114548841 11.427792311548902 11.47808917153256 11.408187336392288 11.217482575505658 10.904306166498968 10.46608620583509 9.899603887124456 9.201341551495391 8.367914393140063 7.396568260128222 6.285709468150696 5.035406297252227 3.6477694126728286 2.127096842439392 0.4796936886549115 -1.28662793012029 -3.1632153443845468 
-3.156619705822795 -1.2776430513046335 0.49423740276612305 2.1489362649968107 3.676703204146531 5.069453042927531 6.321691822274932 7.430801414595625 8.396768216874126 9.221595052380541 9.908606418536978 10.461776478984628 10.885140354121278 11.182313011038742 11.356122295992785 11.408354915491685 11.339611759805443 11.149269356874346 10.835545956765923 10.395672747388035 9.826172098747435 9.123244525682395 8.28326284875793 7.303363503950864 6.18210677349284 4.920141932033199 3.520746388636429 1.9900307844184761 0.3365778626998589 -1.4295588436588773 -3.298244939545238 
-3.31285597783894 -1.4414288000572386 0.3346087646047314 2.002221754043343 3.5476576149001273 4.9592104221436255 6.2289289880653 7.35292996542543 8.330814761503136 9.164728482260708 9.858409806197107 10.416350173375715 10.843098873416107 11.14271801465117 11.31837907569064 11.372089223245478 11.30453651947314 11.115046491550618 10.801647066321381 10.361243696234357 9.789910845091429 9.083309013878669 8.237237028555246 7.248325497143989 6.114865105000656 4.837731488017873 3.4212881882346666 1.87392138387398 0.20767395783966064 -1.5635113780425949 -3.4265923216308716 
-3.4707982595170312 -1.603670653554386 0.18526217208192494 1.8768061678886223 3.4498303053845696 4.887250288121149 6.178393816453357 7.318701343884326 8.30813698896208 9.149672654444224 9.848016302264917 10.408596461178034 10.836776516124052 11.137267430619273 11.313708908528627 11.368393017011558 11.302110241955662 11.114105254306773 10.802137698730466 10.36265153666431 9.791064417389931 9.08219570509492 8.23085758983772 7.2326376815055 6.084903034614873 4.788051219036684 3.3469965658167666 1.7727223944691612 0.08254183788492482 -1.7023001466834784 -3.5626291483694996 
-3.6538309345036923 -1.7860063855216843 0.03257556348197265 1.7672883565519588 3.3833902940907823 4.856011720730983 6.173063234951885 7.330788711562111 8.330754332821405 9.177703148098576 9.878001779470237 10.438499722496182 10.865699219146638 11.165166286006867 11.341129729292483 11.39622673414182 11.331365019379069 11.14568327391957 10.83660343312909 10.399980184637277 9.830364912935494 9.121412988986826 8.26647471298302 7.2594220442349835 6.095779694468233 4.7742621212623595 3.298895946297211 1.6820016275709235 -0.05139560719993602 -1.8664970911271603 -3.7287258840746635 
-3.9057735917664447 -2.0221183100921754 -0.13937807580934344 1.6754671456881272 3.354982117379728 4.872790735188356 6.21927471997763 7.394067608152047 8.402036574463537 9.250840762031123 9.949273460403282 10.506105184104959 10.929286635742136 11.22541789290166 11.399411147635393 11.454290811081238 11.391091261568844 11.208828733895443 10.904539331883539 10.473390252816083 9.908886827516744 9.20321426470009 8.347769555116372 7.333955602920349 6.154330783501921 4.804254626305972 3.2843123424710576 1.6043100738022809 -0.2092504470025463 -2.088945543427539 -3.9678894500742983 
-4.305503196650117 -2.3929068695131606 -0.32166421127436623 1.6182991787083214 3.3808746157637595 4.950805531562657 6.3269848297274915 7.515533531719935 8.526480891776657 9.371583347102922 10.062804804649252 10.61127937859252 11.026644605600254 11.316644500554725 11.486913302655083 11.540869595654078 11.47967257342271 11.302213132517775 11.005130801817943 10.582864656723366 10.027764771181115 9.3303118272704 8.479514804068913 7.463575708205056 6.270921894531414 4.8917178022246315 3.320034712734789 1.557155752164655 -0.38152418426549156 -2.4498260020118803 -4.358329708349152 
-5.481183160220861 -2.8061385656586904 -0.46170579207706564 1.6337217404176738 3.4877798358112573 5.108998196212386 6.509280983850926 7.703743953023302 8.709163740297882 9.54240899645464 10.219211343738055 10.753363828157967 11.156289094299611 11.436865305129487 11.601398051975925 11.653652810391417 11.594894096401125 11.423903687177729 11.136969405982766 10.727852135461024 10.187757974777075 9.505368921006532 8.667017446209247 7.6571170633411985 6.458961357683006 5.055949406209815 3.4331494466964596 1.5788426476921846 -0.5153174434354773 -2.8567733676274574 -5.526604252471051 
-11.337928387966258 -4.9736438622720955 -1.0802905094479032 1.8942260006204805 4.256390252916655 6.145332481173749 7.650999110033738 8.844428819123705 9.78480297378951 10.520756160313493 11.090800235914656 11.524163042762332 11.842092592194835 12.059318441034057 12.185368984330758 12.225564809309843 12.181620233744157 12.05184422860307 11.830943429674264 11.509423337079758 11.072595547248135 10.499258731069721 9.76023480775012 8.817065813767616 7.621185843374285 6.113521381550575 4.223215516261332 1.8606135687662773 -1.11296065219264 -5.003165985298554 -11.358511457633888 
-12.406519033620159 -6.364289612830276 -1.6023676857367044 1.9862500771123623 4.73042236546191 6.820411876658724 8.397033079801291 9.574920119131603 10.448600620156371 11.093601546466196 11.567508811662174 11.912108329651305 12.15629395080586 12.319077012640387 12.41216658270076 12.44184986710458 12.41010484274453 12.314965932600993 12.15016036963594 11.903995847394798 11.55747702737699 11.081718198146538 10.434924872775811 9.559483256302157 8.379837841994034 6.801486642249935 4.70996451914029 1.9648591832973739 -1.6234095190515212 -6.382653878075952 -12.419442110922363 
-12.799202768842358 -6.792039893744324 -1.8417379717409088 2.0377709572734046 4.98419229089702 7.171829129125945 8.760828988112065 9.893398277068618 10.689587992454038 11.244885580651635 11.63072329188793 11.897493647530567 12.078854565213144 12.196115607071897 12.261909341490068 12.28280653025322 12.260835818677833 12.193977836262732 12.07567277799524 11.893299991097196 11.625556889804928 11.238774046469878 10.682508269393667 9.885218616848865 8.751259602896019 7.1604532855710215 4.97067256387287 2.0222674577930264 -1.8580809318283191 -6.8069454390159825 -12.809815948694869 
-12.812537340404283 -6.792638805063756 -1.85517971842877 2.060696188066176 5.033226896594279 7.202028134156218 8.730434292856534 9.776034613372211 10.475124296873595 10.93575510579019 11.237301543437422 11.434223193943394 11.561656069272164 11.640997441227048 11.684445049461802 11.698136819016051 11.683931831415824 11.6399817056322 11.560162394994062 11.432293635083985 11.234992738812846 10.933116275702746 10.472138634087516 9.772509448032626 8.725849487245348 7.195434041264131 5.02343766884537 2.0469883075599844 -1.8719922633691133 -6.809590861220631 -12.82504099213131 
-12.257981138276863 -6.584620771221493 -1.8087621482627612 1.983304420157733 4.83339878245441 6.869838303917912 8.259156704995092 9.16872448317356 9.744185426759593 10.099418086648537 10.315833530357896 10.447251260145823 10.52686813798562 10.573909977900614 10.598791038598941 10.606526472217853 10.598597221975623 10.573536221838584 10.526348738492485 10.446651822486633 10.315259015838414 10.09900129197933 9.744025957544277 9.168736042184447 8.25878182862703 6.867625324555551 4.826752678846871 1.9694956448775125 -1.830249735008266 -6.609462426347676 -12.277947369367242 
-11.976765519897466 -6.696110268585357 -2.1797750442202757 1.3806515370234176 4.022130850838518 5.875834872781033 7.1083564339245395 7.88735818174896 8.358084593122795 8.632467115541791 8.788659177962499 8.876707845640862 8.926288722356736 8.953816827159867 8.967757735035367 8.972010429694512 8.967696220902575 8.953710925544556 8.92618302803428 8.876694330348203 8.78890137655807 8.633212170308243 8.359628305940962 7.889904434036744 7.111679828485785 5.878620232353789 4.0206553861998735 1.3679929559128334 -2.207958661701619 -6.735554707792211 -12.010477363678628 
-12.504812457031289 -7.518255891056867 -3.4233675260409018 -0.2561308673973385 2.074511467563304 3.6919453116046195 4.748786424946268 5.3999689357721685 5.779825652696677 5.991057540282165 6.104247823888487 6.1635599152371565 6.194390211430158 6.210261705664867 6.217849974237178 6.220101090246737 6.217840522470083 6.210263292135161 6.194458009241176 6.163813389263427 6.104914285011817 5.992518509929062 5.7826376974447555 5.4048072607035875 4.75622604800385 3.7018580217420087 2.0846234696046166 -0.25697308351679987 -3.4605735436328384 -7.585948414404305 -12.575259781452427 
-13.518600608890162 -9.016066603821312 -5.66083872771766 -3.04234172418043 -1.1048674783987085 0.23594919856591684 1.1035974346414645 1.6293858890060209 1.9286050241268826 2.0892794515731192 2.171342430724565 2.211703927841721 2.2311197005327563 2.2403219107442163 2.244422066644738 2.245593440449199 2.2444309474703656 2.240361788778164 2.2312514280660016 2.212063443903051 2.172199703736778 2.0911170434746893 1.9322033170501696 1.6358959739471535 1.1145859249319392 0.2534328537054334 -1.0789436650557347 -3.006113246897067 -5.660711510324103 -9.190279794780945 -13.651913088075352 
-13.834123308378441 -11.360794988196115 -9.005750408530348 -7.022144533649428 -5.526024559051233 -4.48649162831441 -3.8162974268003076 -3.4139306960244133 -3.1883886265502386 -3.0699659714469143 -3.011411276399586 -2.9839007514698426 -2.9714572002024155 -2.9659806876444317 -2.9637093866704993 -2.9630874374747895 -2.963696340092063 -2.9659339622169028 -2.9713192897527256 -2.9835407880307816 -3.0105627488485753 -3.0681351005210673 -3.1847316112003705 -3.4070854809639313 -3.80408838016056 -4.465275105643985 -5.488424273707104 -6.954907294363145 -8.830000769291477 -11.358838655249642 -15.050928295914671 
-15.575499111510645 -15.012712036476293 -13.469635282997498 -12.106728935992235 -11.062706674655582 -10.334903960344437 -9.865992863400171 -9.585383947226962 -9.4289831356981 -9.347574993081382 -9.30783929563627 -9.289522030198693 -9.281458813249415 -9.278034040347627 -9.276666493835975 -9.276301007832314 -9.276655879839591 -9.27799724335337 -9.281352231493074 -9.289245757742805 -9.307187997154168 -9.34616327707702 -9.426139662406724 -9.579991386080295 -9.856186575504948 -10.317262199392646 -11.0303369657897 -12.036465679213794 -13.334947251540477 -13.788323274338717 -15.569837634546895 