Step: 3420.0
9.953680622409635 9.762635326636492 10.34217798733252 10.945925406886843 11.616769713931413 12.283248330659317 12.91169865826885 13.484335224355608 13.992170254736578 14.430880819516235 14.798652924509144 15.094970699876859 15.319899692934248 15.473639502928831 15.556233027904154 15.567373782036281 15.506279877604385 15.37161706199928 15.161460338634479 14.873287684268716 14.504002401895669 14.049984702471692 13.507181054336783 12.87125717099873 12.137881177621624 11.303284857839214 10.365586661314449 9.326432118760662 8.208210075964798 6.838689099429255 6.905294006790479 
9.294866130794647 8.754620022270187 9.222652791743357 9.944260068570314 10.701205923114381 11.440579041604789 12.131318339598169 12.757675511968067 13.311635620691776 13.78942663738167 14.189580570506584 14.511820866784777 14.756384947045701 14.923591035504417 15.01355086676429 15.025976328320867 14.960051709562757 14.814355354219574 14.586820755035975 14.274730511223238 13.874739014354727 13.382922944816936 12.794864974519756 12.105789963393956 11.310802806501231 10.4053577289263 9.386145173027407 8.254230725614102 7.009370927198995 5.8218518499677865 4.984858003260019 
6.300458618552402 7.070725583083804 7.947834271926628 8.865313643841244 9.760345077170586 10.598570915974635 11.365471549531778 12.052922231439744 12.65688589292599 13.175742115364 13.609260120323569 13.957914932076227 14.222420612397272 14.403402729620327 14.501165046356324 14.51552424821154 14.445697246025238 14.290231314910532 14.04697012616588 13.713049894348794 13.284920313081779 12.758385419751425 12.128660717501873 11.390445398418077 10.538013794265911 9.565327173338074 8.466264918022624 7.234209958355581 5.871906778253752 4.358047974884559 2.2433207579814782 
3.096943294435346 5.207903416315967 6.590538333388253 7.7689220769018466 8.82365154052221 9.773752841127664 10.624055976804485 11.376544959622743 12.03252435937528 12.593369925217713 13.060607161582096 13.43578616125956 13.720303275093427 13.91522663873246 14.02114581982391 14.038052562556285 13.965254436982013 13.801320720055601 13.544058040132494 13.190511499420587 12.736984837718369 12.179070320236109 11.51167438530642 10.729015894882485 9.824551394262556 8.790731903937274 7.618274341194204 6.294768602678981 4.795049352656034 3.035709922973676 0.9386783259613465 
1.5284774618539998 3.636121526140416 5.333215978594772 6.72647055324251 7.929871765553722 8.987772865698778 9.920034624746375 10.736790217929881 11.444144162416059 12.046356004742048 12.546736424997327 12.947973211528826 13.252207786402003 13.461005812669413 13.575290409706255 13.59527192963599 13.52039135524268 13.349285213859105 13.07977408438754 12.708872248463019 12.23281162759933 11.647067738742992 10.946367117213969 10.124640331494582 9.174853169115568 8.088570688908764 6.854963853779657 5.4581042194455565 3.870208484478623 2.054954544167675 -0.01940612056527699 
0.40189132734428074 2.489184817045602 4.272489282656074 5.796029393031317 7.111883209578419 8.260698492176083 9.266017605541906 10.141898589283151 10.897363836053424 11.53871335149915 12.07065654972254 12.496843015278706 12.820082926359904 13.042412102720304 13.16508545768309 13.188545272605735 13.112390102258782 12.935357905168033 12.655328916042063 12.269347586953089 11.773657247578468 11.16373479196493 10.43430409979914 9.579293331129032 8.591677261778647 7.46310620873007 6.183134678494827 4.737907617274021 3.1100943787653876 1.2821142150766045 -0.7553389419527976 
-0.44863293392251913 1.6006313573785165 3.4112818408276526 4.9985019526321155 6.388311205718864 7.606074298866585 8.67152939600727 9.598540065438396 10.396923266760156 11.073894143288648 11.634959884785282 12.084408383231898 12.425545155941983 12.660785954879284 12.791675017808037 12.818873091074613 12.742142319923738 12.560343580452644 12.271453518795832 11.872601982228398 11.360124691828085 10.729620186773888 9.975993662798727 9.093462999365826 8.075495504104639 6.914644503944563 5.602311187079588 4.12877448382727 2.484163066950655 0.6611391307556033 -1.3411100740186164 
-1.1154556951179435 0.8966415509171575 2.709875202307036 4.327975282618362 5.762943943672343 7.0295942217570415 8.141774119680472 9.110926942563484 9.946092494675666 10.654411752184396 11.241587546189189 11.712186264901371 12.069796962937934 12.317093573424405 12.455843134855819 12.4868930567343 12.410160422121924 12.224637783327122 11.928422836812071 11.518773389929954 10.992183817676707 10.344474630369799 9.570883175836608 8.66614237353382 7.624540069122181 6.4399769920560885 5.106117500902493 3.616840728763606 1.9672720725009878 0.15549509435026837 -1.8153907859657823 
-1.6485855767394813 0.3301852491893901 2.1363078251760297 3.7681607825511083 5.230282298643302 6.530560444813461 7.677875411106406 8.68068924289604 9.54648488388405 10.281681766036806 10.891716643422722 11.381126830315791 11.75358851103059 12.011912684888332 12.15801752048904 12.192897584362441 12.116606769207403 11.928266574186301 11.62610611831036 11.20753537589657 10.66924880988903 10.007353159624827 9.21751143098874 8.295097034515717 7.235361475832999 6.033642555645487 4.685678156306372 3.188125315716642 1.5393651263231436 -0.2594407595191076 -2.2032717062911313 
-2.080034836770017 -0.13001251209957407 1.6655945753657848 3.302489697944875 4.780959611005535 6.104410787104293 7.277946376204506 8.307304380866995 9.198215612877059 9.956074366071244 10.585776730202538 11.09162239074366 11.477229699904754 11.745451421000741 11.898296597191264 11.936869961860063 11.861340186154122 11.670945508060363 11.36404161544867 10.93819284940208 10.390304272915554 9.716789346197308 8.91376663097523 7.977280511281898 6.9035473898421635 5.689241225336024 4.331847022808859 2.830115442459624 1.1846283552977228 -0.6015751358951159 -2.5224401138014563 
-2.432063535243416 -0.5063662561631259 1.278293243809887 2.9161464622487783 4.404867015464499 5.744833805717541 6.938319083260921 7.988772367914335 8.900270313533156 9.677120505500444 10.32357181629845 10.843586556709921 11.240648372838425 11.5175976871243 11.676497405469709 11.718536079697053 11.64397613533952 11.452153104296446 11.141529203336361 10.709801664452922 10.154063255096817 9.471009677411594 8.657186396290111 7.709266551082893 6.624352645938924 5.400297704562535 4.036044609140916 2.531981104639427 0.8902975569226341 -0.8846855549005752 -2.7862754094422546 
-2.721329294954629 -0.8159392042119057 0.9588540273604292 2.596338052526051 4.092367752177359 5.445087543116888 6.654550951446221 7.722300543254935 8.650951510369229 9.443800847022732 10.104469887464617 10.636582575101995 11.043482086034775 11.327990490458271 11.492217623691742 11.537425545653903 11.463954089059024 11.271211443081132 10.95773178256545 10.52129974164633 9.959139011167435 9.268159398730834 8.445253192434283 7.487627506708099 6.393154503666636 5.1607164407937525 3.790518725877596 2.284343849775168 0.6457246314980312 -1.1199729460090226 -3.0055522483761616 
-2.961205285001247 -1.0725571567776848 0.6943495433817022 2.3320048377802385 3.8347162316062864 5.198714513833086 6.422141562016915 7.504891159258817 8.448317954257003 9.254859333920725 9.927621940888905 10.469975922673864 10.885186476758578 11.176100898618502 11.344901888814427 11.392933505187333 11.320603577073062 11.127364746217586 10.811775002586536 10.371637214234669 9.804215278321845 9.10652162113329 8.2756661513149 7.309249518284478 6.2057727694684 4.965021638118005 3.588370688263112 2.0789500226678026 0.44163715287420824 -1.317116345723162 -3.1895544888983705 
-3.163329978418727 -1.2882693674524988 0.4734700557241704 2.1134162531584284 3.6241662393527214 4.999954961864002 6.2370477124682235 7.333826927083685 8.290583212900161 9.109105313952101 9.792180071541361 10.343087431826914 10.765142129638148 11.061308574075156 11.233900942935925 11.284373046011927 11.213199156609551 11.01984581088231 10.70283434582518 10.259893857483762 9.688203574561568 8.98472151706978 8.14659158425896 7.171612140394938 6.058733223484364 4.808524041137776 3.4235208457617285 1.908344251457371 0.269499339858819 -1.485134229606196 -3.346969373153945 
-3.3389175690354067 -1.4745925601976784 0.2856466615783452 1.9317889918033408 3.4540264672950585 4.844077819236711 6.096120719936392 7.207096835549509 8.176472019173792 9.005685317696987 9.697491939586046 10.255326121693178 10.68274253566036 10.982959702836869 11.158511784711086 11.211007698806473 11.14099418519584 10.947919790595497 10.6301983276087 10.185372226399288 9.610377473995019 8.901911582234062 8.056902910363274 7.073071468706653 5.949553818425641 4.687529998844659 3.2907250635536864 1.7655822347978154 0.12088101912929813 -1.6332704210632756 -3.4868185987655713 
-3.5002510765283033 -1.6438904198242288 0.12017658948481921 1.7790213133842427 3.3188634951791554 4.727813385821141 5.997580029610744 7.123809115561696 8.105540206408076 8.94431135721216 9.643252590635795 10.206283048697147 10.637447066225521 10.940393104020547 11.117987825472706 11.172054255147648 11.103223795896714 10.910894995453955 10.59329620006435 10.147653763116148 9.570471537883522 8.857930164711137 8.00641510941209 7.013178774593024 5.877130402035143 4.599716859281005 3.185779410629928 1.644047666891292 -0.013251407865770125 -1.7721505925923549 -3.619720327194248 
-3.6629809188435223 -1.8113358784285696 -0.034744851601036505 1.6477746482648294 3.215131170714749 4.650083766770364 5.941603067226873 7.08461063205122 8.078449453802126 8.925426770771654 9.629593234583488 10.195768142727555 10.628784394765505 10.932923160461106 11.111509990976783 11.166647966492414 11.0990690065977 10.908091294197202 10.591678335188174 10.146602954312486 9.568727009525569 8.853414282296162 7.9960993891328735 6.993039382460283 5.842276649990791 4.544838619298101 3.106164768246573 1.5375986715333445 -0.14339018623062738 -1.9156002237996907 -3.760040225877521 
-3.8504127592696435 -1.9985215015011109 -0.19279068314212383 1.532509970523656 3.1428180879735814 4.613154248487382 5.931025395104839 7.092074357375561 8.097158125639636 8.95027758374033 9.65708239935795 10.223772098404194 10.656293868961003 10.959771115444775 11.138112885979504 11.193765309282881 11.127576678988676 10.938758762420303 10.624938146463093 10.182302737952668 9.60585975078549 8.889832425406096 8.02823322886488 7.015662369339896 5.848396756376855 4.525868364399968 3.0527109195959596 1.4416515959398057 -0.282175645287301 -2.0841566082996095 -3.9300794214646353 
-4.106086482845302 -2.23898133292562 -0.3699572553340374 1.4347585551860944 3.1082693802998373 4.624058232427929 5.971985031476912 7.15094169808447 8.164956772283153 9.020844908767849 9.726611955117644 10.290336913549318 10.719395871825743 11.01994064775515 11.196564760071752 11.252104078016929 11.187534353840217 11.001942956985234 10.692566996225262 10.254904699926023 9.682921824270394 8.969390041116807 8.106409211129066 7.0861803154723395 5.902115829623723 4.550422122828774 3.0324323221111245 1.3584780222164037 -0.44479850920688724 -2.310521269992054 -4.172569268997785 
-4.508209458520759 -2.612980140466944 -0.5577030939955627 1.3709636952384006 3.127283238661399 4.695646154708576 6.074183891949287 7.268052562892394 8.286260705755772 9.139591167695123 9.839143106889885 10.39532360340254 10.81718813597544 11.1120398703253 11.2852062387031 11.339926694509378 11.27730500531417 11.096299024647358 10.793738906935403 10.364381948009617 9.801030337407221 9.09475784389628 8.235311148694041 7.211767147344826 6.0135361717523175 4.631811720012845 3.0616369278899946 1.3050614924165536 -0.6221644575830684 -2.674235858947841 -4.565047374802711 
-5.67832558242798 -3.029432917903497 -0.7044637120812454 1.3781875124940106 3.2258963595302106 4.846388492394997 6.250419366789635 7.451814784320064 8.46608910764346 9.30898558945668 9.9952977800217 10.538074986114351 10.948173780437344 11.234060155702359 11.401760563823647 11.454880174323046 11.394634421668403 11.219864899058386 10.927030440383813 10.510181703781528 9.960947476186998 9.268586167620901 8.42018408912542 7.401102598387801 6.195769989201724 4.788856259947994 3.166727374853537 1.3188200774682952 -0.7624014310181939 -3.0841112329240112 -5.727355414852077 
-11.50577218706144 -5.2172992482363485 -1.3649504024648358 1.5882218700022983 3.944356667311002 5.838725779549423 7.357443775001202 8.568069187623692 9.526982760475688 10.280825853478737 10.866858860964486 11.313622764469176 11.642042808758394 11.866724466353743 11.997161686714728 12.038671876530465 11.992972732637126 11.858376876570041 11.62960110932532 11.29719226244171 10.846592778195554 10.25693082797984 9.499722209249663 8.537768224395881 7.3245052592722715 5.803670932412512 3.9079004761852962 1.5513857774111757 -1.400666915023516 -5.249513092954453 -11.528223695348137 
-12.588652450459985 -6.630089955834347 -1.923652005902689 1.6372666074921096 4.375899120162436 6.476441703615799 8.073587052701454 9.276595959250791 10.1759250764549 10.844477049566779 11.338462816518422 11.699173288775572 11.955506779160716 12.12668348786773 12.224642787156146 12.255833070245952 12.22229010779601 12.12199497507495 11.948518050836231 11.689940804916592 11.327062778445748 10.830997383525029 10.160449268407353 9.259185524918871 8.0542838872333 6.455325598694214 4.353233546035953 1.6137339190827886 -1.9466634405851744 -6.6500936974039835 -12.602706927275678 
-13.00166883898509 -7.0884019831526315 -2.2009408312165086 1.6475663255879036 4.589865325792022 6.792673309847162 8.40815298586395 9.571601803606836 10.398068742113848 10.980084607735716 11.387810129451207 11.671476926857853 11.86514161609553 11.990670799713785 12.061181832767222 12.083556490738397 12.05992973416063 11.98817883774108 11.86143573931785 11.666597260832937 11.381805263701057 10.972992460990751 10.389877843450776 9.562196008126445 8.397267493340953 6.779931721620144 4.574988246187571 1.6307852610618931 -2.218404301075223 -7.104198125265234 -13.012880150618614 
-13.041435173339789 -7.127047638621848 -2.2572494015817157 1.6269829613206648 4.59815054059146 6.786838989233231 8.346726646001736 9.427258849645233 10.159154892532015 10.647514428454064 10.970798053029906 11.183785372057406 11.322457023719851 11.409105287303229 11.456631615924953 11.471602455721097 11.456019452857298 11.407894042340835 11.32067576716751 11.181481988179527 10.968034908744391 10.644344695809163 10.155563565179788 9.423056301883264 8.341406021082049 6.77948630003983 4.587642776870031 1.6126720597441413 -2.274496636137358 -7.144266901694376 -13.054093172580197 
-12.528082421436402 -6.965163913338443 -2.2596693113390307 1.502308473320828 4.355598581814256 6.417481970266085 7.843062859626507 8.790536386267211 9.399754880863478 9.782020197462868 10.018468906789312 10.16387463898877 10.252764339489302 10.305566021777127 10.333561459184772 10.342266386519798 10.333323674968627 10.305106760189584 10.252122518012802 10.16312170201239 10.017714569985205 9.78139747313576 9.399356478475319 8.790264667887891 7.842357655275651 6.414922660691467 4.348677820382841 1.4884177706843675 -2.280973522714411 -6.989634273181578 -12.547707032326395 
-12.278260646557074 -7.109301898686393 -2.663760737782626 0.8687213743495139 3.516794616016444 5.39907782561296 6.66976379389308 7.486986645903819 7.990378162485014 8.289780915187041 8.463626631060468 8.563367414943572 8.620296947720504 8.652175450468462 8.668385966418933 8.673335944683144 8.66830763876159 8.652038700395039 8.620151777627552 8.56331276517628 8.463831495373462 8.290491009240666 7.991875400095322 7.489448491403841 6.672939932778931 5.401665207445588 3.515181301980414 0.8562295998542548 -2.691284381408068 -7.147688799628893 -12.311037350507558 
-12.816938126722397 -7.94418758341351 -3.9176996917093505 -0.7754678576806627 1.563182935607052 3.208901853600869 4.302158640965475 4.988809306731695 5.398096594123743 5.631107298028836 5.759046286492626 5.827670193875608 5.8640534559071655 5.883046658019089 5.892196815618415 5.894918680683035 5.892183666062515 5.88304402590539 5.864122795082676 5.827939207770531 5.759748715508043 5.632621999356052 5.400959265495845 4.993651107102067 4.309496433830748 3.2185708014159395 1.5729678930297866 -0.776345032554917 -3.953821482843937 -8.009800576224738 -12.885219152914681 
-13.824229333075042 -9.431380590839648 -6.133582589601907 -3.5351641931168905 -1.5894851571651243 -0.22322236523891975 0.6764052613553114 1.2327631720614471 1.5568241712222726 1.7354156387888187 1.8292259346070905 1.876711615742999 1.9001776185173123 1.911543100369289 1.9166778592858218 1.918153838489034 1.9166885658580999 1.9115899629192856 1.9003281392182387 1.877110546473675 1.8301500820494994 1.7373438808309385 1.5605106486266078 1.2392995582895483 0.687264671984595 -0.20613495957320604 -1.5643062094992253 -3.500033914875983 -6.13343773826492 -9.600394266545461 -13.953404655533598 
-14.145617924750512 -11.731818887362596 -9.415272158556226 -7.445664315039819 -5.942089928513306 -4.88174528716694 -4.185831160643429 -3.759170231664023 -3.514148825041217 -3.381913885376329 -3.3145027368780404 -3.2817754673305335 -3.2664733693405488 -3.259533779633587 -3.256590678154134 -3.255775451372115 -3.2565742245471037 -3.259477184859417 -3.266313001739663 -3.281372301632411 -3.3135839888278174 -3.3799898060041236 -3.510402663915258 -3.7523037396794687 -4.173779366893398 -4.8610283940936405 -5.9055850746453356 -7.3804893649409555 -9.244654920889326 -11.729807257472094 -15.327780747849792 
-15.842823704991263 -15.289384457930934 -13.770486772254243 -12.41655731521235 -11.366940474399867 -10.62424333061231 -10.137057365316819 -9.839267704495123 -9.66916337274486 -9.578103895067303 -9.532235477750074 -9.51034956888685 -9.50036195898531 -9.495971238759779 -9.49416881021848 -9.493679672521129 -9.494155315076972 -9.49592638937197 -9.500237554507855 -9.51003956970598 -9.531529854162978 -9.576620489641169 -9.666252061883899 -9.833861964926133 -10.127383494734211 -10.607025509984245 -11.335523409797363 -12.348438905715122 -13.639875479535096 -14.099507554832199 -15.837081532411553 