Step: 1125.0
12.457213034426621 12.344545976553079 12.89134219745902 13.463264960844601 14.049772497416697 14.582741716858056 15.037708920177128 15.409550818910605 15.703182715967557 15.928112782901794 16.095367068624654 16.21568248649529 16.298456729081956 16.35116434676986 16.379052263574508 16.38498409373943 16.369342365288567 16.329932759568806 16.26186832662464 16.157444539252804 16.006046768138052 15.794158590058686 15.505561366601437 15.1218354028635 14.623305102391376 13.990645626253658 13.207717153040242 12.265782529235754 11.183512101059668 9.850992243226075 9.825859985089322 
11.851528701130675 11.470622111964378 11.98755021803794 12.680933415413097 13.350162075529079 13.94640812883633 14.449893165801479 14.858950602252232 15.18081861889915 15.42681900378949 15.609465827718465 15.740722351149579 15.830969475824835 15.88842846229809 15.918861248127909 15.925418968681576 15.908546102854993 15.865882606464863 15.792141522863353 15.678974233827539 15.514867872613891 15.285147083140112 14.972173310035668 14.555849952989846 14.014558661303193 13.326709121583196 12.473153696494249 11.442205359727172 10.229062625711176 8.983425281510574 7.958809991421351 
9.00645424614612 9.960867738196338 10.91988058617264 11.828191244684456 12.63728201338828 13.326191687381272 13.894361893190828 14.349682822241087 14.70493438168383 14.974959468416918 15.174702802994615 15.317888293254859 15.416190244746067 15.478761355956701 15.511992869444315 15.519399188419094 15.501543078085257 15.455947379567846 15.376972787617596 15.255675851768231 15.079693651778767 14.833227706486968 14.497215256190678 14.04977666720383 13.467010213723004 12.724156217069098 11.79714335481313 10.663604386914256 9.310965724813416 7.7012552584891685 5.3713757067003325 
5.987892047841252 8.303005110040425 9.786672313611033 10.968913141516717 11.941603578395995 12.738232143982351 13.380116253589474 13.887124029457636 14.278982891331351 14.57493230685668 14.792882503904941 14.948644746292466 15.055387142497004 15.123318807577757 15.15954162912971 15.167991213962312 15.149396401741594 15.101209517906149 15.017490421591685 14.888761057219243 14.701878686258388 14.439999778034846 14.082715907001493 13.606428960295142 12.984980496963242 12.190434809389366 11.193586115422708 9.963526172112557 8.458720931267976 6.58287351231469 4.251669652259663 
4.627431065204331 6.9567685098386285 8.769810756701588 10.176614333806564 11.301094911636152 12.202216721424904 12.917551891863472 13.476675418324424 13.905601231677592 14.227805381461778 14.464165353304157 14.63262100426524 14.747877136788498 14.82123532161498 14.860538638168103 14.870173174987636 14.851066643220532 14.800641927547153 14.712712146995347 14.577336759214004 14.380689241833405 14.105009352462124 13.728718902957466 13.22675874270951 12.571140905039657 11.731570094997886 10.675743606406586 9.368063586411639 7.764442613531359 5.8175064542803465 3.491831246309795 
3.72174715725248 6.048360559764803 7.960943601168628 9.506194196994592 10.745565860342078 11.73451886529775 12.515162662827711 13.12221836074978 13.585936280056819 13.933090381796175 14.187078452351905 14.367749187761557 14.49123315680724 14.56986887164197 14.612216493627134 14.62310966444416 14.603689817515958 14.551383389886139 14.459810838732945 14.318649737091112 14.113505843119588 13.825869036887704 13.433237550384177 12.909475026205802 12.225410749820961 11.349598799779997 10.249004481449223 8.88939639629204 7.237149563464583 5.264372708001271 2.9590952686660303 
3.097912972979713 5.404188263397414 7.356863607673007 8.9732407103951 10.288639182280848 11.34358813399336 12.177165775901493 12.824954647360874 13.31917104451203 13.688655339401713 13.958646547676008 14.150519089741676 14.28160917538759 14.36516556983254 14.410395809328223 14.422549533798708 14.40297946944915 14.349139187815766 14.25450711075368 14.108461344818132 13.896163366437259 13.598533763104085 13.192413254639051 12.650990756929964 11.944545071491248 11.041497094018265 9.909763140416752 8.518654299958033 6.841835613385808 4.861885672436137 2.5757551182567653 
2.657328000832826 4.943934791886712 6.911524136522961 8.565809920232498 9.928238423956577 11.029253620072511 11.902807469639635 12.583035647654992 13.102444362187546 13.490853416378275 13.77465807872444 13.976330303602023 14.114144786732538 14.202095488770853 14.24993917974437 14.263289879671206 14.243695380177064 14.188650493696494 14.091535383853126 13.941505208815432 13.723393377232604 13.417718851984768 13.000902061936879 12.445789531576988 11.722564830262128 10.800096302120739 9.647777163648657 8.23794659975212 6.548973623688318 4.568840261476676 2.298593821986382 
2.3445231909304405 4.614766944628293 6.587054550290058 8.26171278138913 9.652973486564143 10.784884282420743 11.687193756472693 12.391979861355281 12.931182072060379 13.334867695507894 13.630045594239323 13.839905475826814 13.983402889198949 14.075106923377508 14.125216196862699 14.139647940078536 14.120119957109164 14.064173935174294 13.965126183787238 13.811972983956883 13.58931668842256 13.27740967622857 12.852430405195822 12.28710464604109 11.5517650214176 10.615909269485181 9.450277690924539 8.029415763416491 6.334584425789122 4.356705586100815 2.0988189515624787 
2.1229581082537976 4.3805517087100805 6.3534053205627 8.039185105043327 9.448173474656691 10.600496216512486 11.522886545886543 12.245585961010025 12.799711931275706 13.215202726756194 13.519329603499793 13.73571791061473 13.88379339185979 13.978550701542618 14.03052992539704 14.045890465574063 14.026491362580764 13.96992005569456 13.869452873273145 13.71397483058515 13.487928031456441 13.171391195681 12.74041141037033 12.167707719504538 11.423841640724902 10.478902275662291 9.304685106428844 7.8772538035466075 6.179664385900511 4.204513448510423 1.9558861766291997 
1.9669611365229922 4.215189042276024 6.187222896754532 7.879302684708561 9.299430585546643 10.465284064958158 11.401526631311791 12.136975261009807 12.701978367557567 13.126222180156303 13.437062503013216 13.658386424761902 13.80994273272956 13.90703712615335 13.960468436891519 13.976584372565943 13.957356914009893 13.900413408622446 13.799003833038316 13.641931917721553 13.413522067454684 13.093729034935036 12.658516275759451 12.080625156404285 11.330825819816758 10.379680385484415 9.199764189756703 7.768190632536132 6.069185731584064 4.096382188291919 1.854476391570668 
1.857701717587163 4.099247489200247 6.070383501023985 7.766474485319636 9.194062429715501 10.369192305922887 11.315082859698885 12.059504026619084 12.632202544097057 13.06264168771919 13.378216676185641 13.60300012141599 13.756981546123079 13.855702836610233 13.910161104212534 13.926849335177522 13.9078273774292 13.850753970322145 13.74885769524244 13.5908746603057 13.361027418165454 13.039156450471486 12.601134906992609 12.01969111134472 11.265725239942618 10.310135196182655 9.126069464528456 7.691419562814379 5.991277363824765 4.020038531189803 1.782848011808727 
1.7809080898581815 4.017896821809331 5.988791963622517 7.688246095558238 9.121639129909402 10.303741211808674 11.256672843985982 12.007443842374766 12.585404868074928 13.019920442435847 13.3384811169982 13.565351404844263 13.720737570869005 13.820379914632149 13.875434875865222 13.892508839346483 13.873728801432758 13.816775633756079 13.71485551713236 13.55663768471869 13.326235909399136 13.00335046666605 12.56370827212675 11.979931870277884 11.222924084039327 10.263771312650514 9.076054169729815 7.638336803202276 5.936525918551824 3.965781994066649 1.7317327472458468 
1.7252684763496742 3.9594032948285323 5.931352572351757 7.634892541050532 9.074100477776069 10.262446914495056 11.221072756978472 11.97644780154545 12.557774755182782 12.994532436290584 13.31445319103381 13.542071271123733 13.697834115985382 13.797672016583478 13.852878061630303 13.870148550111226 13.851660884835999 13.795109927493368 13.69367641642756 13.535956127506878 13.305930611710563 12.983103292290053 12.542949876923105 11.95782806396016 11.198445453820835 10.235886239756233 9.044052462917467 7.602220419531272 5.89732059813077 3.925587397971217 1.693399453201703 
1.6809898137104786 3.913762534074902 5.88900441973698 7.598984925154102 9.0457741704939 10.241102829153041 11.205077997599165 11.963874022553025 12.546910867025643 12.984122250677878 13.30372755549974 13.530671965563169 13.685703468271633 13.784950523114018 13.839827000737213 13.857098506988715 13.838978414233281 13.783170515209484 13.68283045434087 13.526475109521343 13.29792398693176 12.976404564625998 12.53698664491749 11.95151695244604 11.190186726892334 10.223759521595671 9.02629105478768 7.577925551585576 5.867168400922413 3.892128810120549 1.6606229126459073 
1.6380684035901585 3.871109755176524 5.8537278597120475 7.575088507521707 9.033565678462402 10.238161264072323 11.20786433702484 11.96903680959459 12.551958095733875 12.987554702724832 13.304888937673933 13.529506639936972 13.68252883566199 13.780287523909832 13.834294479962406 13.851358915405791 13.833715362536553 13.779076794120305 13.680584672369239 13.52668496717135 13.301015627975334 12.982444167194501 12.54543887734643 11.960983407774119 11.198232470427186 10.227021532402489 9.021128812435533 7.561714947001927 5.839915949007798 3.85746052597909 1.6252300354970652 
1.5835357685594644 3.8194007954713576 5.817465441268682 7.559939706330712 9.037702898797962 10.255469278261709 11.231445263903499 11.993407806398894 12.573639070584298 13.004854529243042 13.317411057516653 13.5376550966435 13.687129051802122 13.782343090853725 13.834859084127036 13.851489345889705 13.834471126616473 13.781534574547102 13.685837076402095 13.535791452687246 13.314870522732868 13.001527034822237 12.569425857911119 11.988240846142473 11.225308062308228 10.248416010885112 9.029871980596921 7.551557848318313 5.80883930327889 3.8108954625197873 1.5755421174177682 
1.4961840477731596 3.740040780622304 5.771414873059216 7.553954613301466 9.063823574111796 10.299499089086954 11.281184069859204 12.040694762602568 12.614127991357963 13.037010785435504 13.341456814114249 13.554743124118533 13.698799948255894 13.790223625760333 13.84053337814941 13.856479518333247 13.840276776956285 13.789690463643664 13.697951907093064 13.553526921961948 13.339809684947928 13.034868265791966 12.611433947052241 12.037413087389053 11.277310851658811 10.29507342588182 9.058934841472396 7.548744042196668 5.766069827045857 3.734781649921199 1.4912449998384443 
1.3305806398559221 3.6011370913579306 5.7059776947326455 7.56843312185055 9.12662138855819 10.38280666384469 11.366062662080996 12.116601676114076 12.67666454700895 13.085606441598086 13.37757442694207 13.580705510615196 13.717127857306236 13.80332783358074 13.850627266686429 13.865617779292268 13.850457451525312 13.802975965297337 13.716570551416233 13.579910509951237 13.376504185562244 13.084223084974164 12.674936092763971 12.114509107601277 11.363607096738823 10.380015541999724 9.123552443812267 7.56517497379193 5.702646264175447 3.5978664099390327 1.3275117570878994 
0.9982294453018122 3.312992633223346 5.646681522009804 7.63662896197735 9.253783696838228 10.52467740794479 11.498122147044366 12.227979160311094 12.764792196540542 13.152247082561752 13.426300360070273 13.61551366766606 13.74179570534731 13.82119778769613 13.864621593912322 13.878371399151316 13.86450567318417 13.820958108335782 13.741417348825799 13.61497619266682 13.425580214015065 13.151320871358282 12.763640700746619 12.226591812761386 11.496501488272116 10.52284286415606 9.251773951414956 7.634502304125855 5.6445138407174635 3.3108737136433986 0.9962430193685236 
-0.29345368740483396 3.010473857692684 5.682379251429185 7.822542469206663 9.486466767624256 10.749396389907565 11.690364401908399 12.381100511776866 12.881172026139843 13.237822202167195 13.4877178759113 13.658907917155764 13.772409441077743 13.843393742772058 13.882065581271355 13.894290629850323 13.881978918192203 13.843214659035905 13.77212699295258 13.658507145158184 13.4871816038095 13.237133452915618 12.880316957944572 12.380071665112078 11.689163931091585 10.748038840936017 9.484980896799275 7.820971656578259 5.680780549185524 3.0089166721313667 -0.29487236609710105 
-6.780694360270009 1.5050006289755526 6.099405096888099 9.036725175469833 10.887751163686266 12.031476998034071 12.736976100466903 13.180256380431468 13.466090904964306 13.653815540817215 13.777566683348825 13.858281860206587 13.909611687639359 13.940618658722416 13.957084345868754 13.96222244080332 13.957062372356551 13.940573056614658 13.909539297345509 13.858178331165492 13.777426955004346 13.653634429249832 13.465863619926251 13.17997883335909 12.73664522161926 12.031091823423692 10.88731527629812 9.03625015658872 6.098913518636167 1.5045306754130083 -6.781016793444194 
-7.532898156985473 0.5553237798085148 6.210481596089225 9.680376138188045 11.675646168442487 12.75162457295299 13.310306260118686 13.601906429609734 13.761412951184768 13.854152926520976 13.910448905486245 13.945094920957217 13.966153446467855 13.978417355216207 13.984755942752 13.986705960855385 13.984750957429183 13.978406968495936 13.966136861993515 13.945071044445152 13.91041648160754 13.854110600349589 13.761358573770696 13.601834301104699 13.310202329021948 12.751463441688802 11.675397832510196 9.680025656927263 6.210054952835724 0.5549017579781749 -7.533209355876556 
-7.575314335091318 0.617334121720915 6.468843991614413 10.121282201360305 12.13971930030681 13.143416795891977 13.60179627920239 13.802556224282858 13.892698260706952 13.936813382142796 13.960588213966329 13.974163729438398 13.982004220263619 13.98639702558416 13.988604079397287 13.98927283689916 13.988603071146384 13.986394917535613 13.982000836131576 13.97415883878859 13.960581664814256 13.936805354906626 13.892688388201789 13.80253580067694 13.601725102214866 13.143193785385733 12.139183897410062 10.120297727103104 6.467439830417901 0.6158155442012112 -7.576468300970264 
-7.097744679536611 1.2756969139402665 7.062975486085379 10.606446182382557 12.495337329477543 13.37450874824406 13.737068644096215 13.873970368175927 13.924554721400453 13.944705105739148 13.953959811882447 13.958751838230603 13.961361309302543 13.962765303209041 13.96345068687505 13.963655153907885 13.963450506981397 13.96276492615223 13.961360698512117 13.958750942782336 13.95395876232736 13.944705370090833 13.924561366279947 13.873985067795283 13.737030066215697 13.37414083139621 12.494048061681742 10.603521537083274 7.05824696018819 1.2701262167505918 -7.102052990787356 
-5.546246304348181 2.5237167664464435 8.042402282781156 11.256680312937434 12.844606236182205 13.51086389183613 13.750543275780979 13.826393496100994 13.848867276314815 13.855895530059723 13.85853834404301 13.859749129417594 13.860364141433898 13.860680250573814 13.860829673079897 13.860873468966574 13.860829651413832 13.860680205881708 13.860364068769169 13.85974898480339 13.858538105416043 13.855897212907148 13.848885707054082 13.826476608903588 13.750725973823549 13.510758202860579 12.842547831109524 11.249930693674106 8.029103908741009 2.5064099508075506 -5.560843935147835 
-4.3253638108741255 3.401315332101918 8.615568917536402 11.493498605702339 12.804595235642783 13.29757301146084 13.450095372173996 13.489276453526259 13.498048175185168 13.500024109018506 13.500587654987667 13.500806392892034 13.500907030007463 13.500955307928152 13.500977011246624 13.500983193642798 13.500977010046057 13.500955306596445 13.500907034426012 13.500806348238537 13.500587203043123 13.500024838097731 13.498076524798885 13.48947182215466 13.45082694558649 13.299078954149435 12.804407674454156 11.482644879408882 8.58579574760811 3.3548108331952147 -4.3661288164616705 
-4.231508230239709 3.388004050929644 8.231421720912651 10.755356490600908 11.845155411126964 12.22589658650223 12.331091224329919 12.353537875521104 12.357202529143754 12.357712562997577 12.35780875193717 12.357840465689218 12.357853260094403 12.35785877783793 12.357861104490267 12.357861744952892 12.357861104148311 12.35785877825861 12.357853275651745 12.357840440981388 12.357807932732848 12.35771154342824 12.357242535402113 12.353906077140946 12.332868129162023 12.23135036018953 11.855560769449813 10.755272667425917 8.172992074027674 3.2756610081293 -4.351440717369868 
-4.919815389106443 2.3192251179338177 6.331261805600406 8.39076890743915 9.266259635918042 9.562224379687658 9.639081773371252 9.65356273248688 9.65532782976119 9.65543182032306 9.655435984504097 9.655439656680617 9.6554410448958 9.655441459703457 9.655441614338223 9.655441656193599 9.655441613917324 9.65544145944926 9.655441065824538 9.655439661432242 9.655434901507883 9.655428695916969 9.6553737784627 9.654092609362952 9.642035609155226 9.573253211448396 9.295394489800303 8.449076934485483 6.3312592705560595 1.9919432754452415 -5.176807969111211 
-4.566005074112245 -0.6404315838727664 2.069851478575463 3.5848278557369038 4.240892474244275 4.462294305093087 4.518555186323872 4.528551308137186 4.5295574466461925 4.529557115583625 4.529546289549242 4.529546642648458 4.529546965859931 4.529546976386887 4.529546974386846 4.529546975289768 4.529546973976662 4.529546975589581 4.5295469873894705 4.529546672091568 4.529545180413344 4.529552701624829 4.529600545763947 4.529133391754112 4.522109689220771 4.476810629000148 4.286678174250054 3.697042142813741 2.397226958574091 -0.6402951960379992 -6.832879679770788 
-7.448390929190765 -6.820241548808212 -5.10188102282632 -4.0861952446187715 -3.6356330161107215 -3.482878879179402 -3.444179292420935 -3.437413532214527 -3.4367767481280915 -3.4367917428209154 -3.4368014944698264 -3.436801447416262 -3.436801245736045 -3.4368012484660997 -3.4368012532567365 -3.4368012533031744 -3.436801253567742 -3.4368012492453492 -3.436801229005625 -3.4368014169136503 -3.4368023571350803 -3.4367955416391576 -3.4367445376121113 -3.436946750201374 -3.4412482240571785 -3.4703836487345074 -3.595469040173701 -3.9663575948403174 -4.844869202081534 -4.552102654883073 -7.44732615409947 