Step: 1530.0
11.817554979880912 11.689363780556135 12.25789841071178 12.859536004972524 13.495691811453723 14.095205433880809 14.628851118072616 15.085960299769281 15.465958062113682 15.773424734012659 16.015310706348288 16.199226120537812 16.3323350794804 16.420617399703765 16.46837065080006 16.477877805817247 16.44919459214609 16.380029571612685 16.26570476382746 16.099197084018225 15.871271291557472 15.570723822182748 15.184765649357118 14.699587039347632 14.10118456273556 13.37661985574 12.516246102499142 11.516916536062288 10.400854388247751 9.043341609492815 9.037886189115843 
11.19622718230363 10.779315827705368 11.298206709024877 12.022136923389013 12.744233111795067 13.412241910620931 14.000876318651034 14.502355444713105 14.917908507562005 15.25348083113436 15.517145920722514 15.717463190668562 15.862383882609887 15.958505014629024 16.01055878627911 16.021068623804197 15.990128053844632 15.915276130653707 15.791457591701242 15.611068422998152 15.364097893712396 15.038386167199713 14.62002338796607 14.093926116918418 13.444650767834164 12.657580518135891 11.720711012531185 10.62882033602446 9.381107983531825 8.134913530778729 7.155535880964764 
8.30694688854157 9.218905054273032 10.172182398586969 11.107715842295361 11.971424355996762 12.736347407423686 13.39550808948047 13.94997013238151 14.405919412706618 14.772336094055895 15.059337904064497 15.27695617258833 15.434234581786027 15.538572135212188 15.595253727230793 15.607125500129294 15.574383480252811 15.494455121719339 15.361964785707592 15.16878499067109 14.904184019652414 14.555085687567622 14.106457784484078 13.541841660032578 12.844027676731727 11.995858848130434 10.981189512825964 9.785149122122451 8.402261452414805 6.801280591697559 4.523927250906252 
5.231430717242846 7.498561792421222 8.972097916982365 10.179575974986205 11.207942560878813 12.084211402276608 12.822404980161194 13.434861135763278 13.93410908255171 14.333023604642975 14.644290950593025 14.87973541570282 15.049691988617925 15.162488507311691 15.224048528426048 15.237605597117907 15.20351419775523 15.119145524667577 14.978863364361764 14.774083667163634 14.493427847100003 14.122981585189192 13.646664827944337 13.04670045251107 12.304128558391536 11.399230959570668 10.31145668509056 9.018338652311643 7.4859007537433175 5.623667004924733 3.3501420089897693 
3.8052994010634675 6.081530333675516 7.880921998531906 9.311656387408373 10.492923538839763 11.476972378843401 12.293535065293332 12.964029862611179 13.50669567009082 13.938150627338416 14.273654914113205 14.526869814582705 14.70946791251253 14.830746428603591 14.897303852117126 14.91279719931581 14.877779663654826 14.78961467145557 14.642465884836843 14.427368774296689 14.132393969088413 13.74291184571791 13.241957610791182 12.610670715904009 11.828731448558239 10.87461052767943 9.725257031463434 8.354012783163908 6.7244880067893185 4.794739205923077 2.5315090756199274 
2.828983252025963 5.097197391704418 6.992870060977426 8.560988845474498 9.85828252619595 10.933244927208998 11.819698893127576 12.5436723369652 13.127109750794157 13.589460249359162 13.948127338488478 14.21840091887403 14.413189040324264 14.542710289758345 14.614220899747686 14.63180509913475 14.59623599181223 14.504907753685373 14.351841731805777 14.127774054207118 13.820336204623896 13.4143386497469 12.892157178298882 12.234198118727182 11.419376819943803 10.425480827884934 9.229186656930791 7.8055553695688475 6.128798240002212 4.17635305878895 1.9381844323070487 
2.132666037811223 4.375183030760858 6.307752734042574 7.945998603421093 9.320398064530472 10.464231773479218 11.40787568226793 12.177735319655214 12.797237413351539 13.287465323947735 13.667312239779486 13.95333224050329 14.159462584011917 14.296727018208339 14.37297795955103 14.3927017776758 14.356894099307063 14.263006736157132 14.104970068244889 13.873300083101729 13.555303637784126 13.135395203830736 12.595530545947515 11.915746159057027 11.074770207621428 10.050652121120047 8.821398827521609 7.365915713365663 5.665875635352352 3.709215003754622 1.4947440348400753 
1.6205900914870148 3.838172714121084 5.782543014414821 7.4577142806255585 8.880124367570472 10.072669440191799 11.060200943512474 11.867231000659514 12.517034542546218 13.0312802499468 13.429697227793241 13.729699896828397 13.94600588383007 14.090292397184834 14.170919350577051 14.192730016802342 14.156930050127311 14.06104398826324 13.898952592324504 13.661021215153193 13.334335180190907 12.903059744465372 12.348937698928221 11.651927591256378 10.790975226018851 9.744916293205945 8.493563679813322 7.019128066680719 5.308175945416615 3.354132886636371 1.1598934359040223 
1.239730349947066 3.4359446845927817 5.382062754690571 7.076665623424034 8.52879268031951 9.754643405649025 10.774486348811562 11.61036275979654 12.28457897568041 12.818696537769299 13.232772822510245 13.544731621682738 13.769835599533913 13.92026161448225 14.004780703256584 14.028538429623616 13.99292804101647 13.895551176491852 13.730267802086395 13.487345935022264 13.153729322511735 12.713444703957194 12.148168045962896 11.437962030477252 10.562189673372476 9.500610077289943 8.234675796961177 6.749062492949436 5.033423195793874 3.084233027061661 0.9063949949491259 
0.9554476530049215 3.1344099574403224 5.078402453412821 6.783289365830546 8.253972212215421 9.502435752614456 10.545574629284948 11.403212731606057 12.096471344271505 12.646468668927561 13.073276973409719 13.395079989280319 13.627500997318275 13.783086435392983 13.870931154619964 13.896429197325732 13.861134495989207 13.762721352817524 13.595044103894574 13.348306451123808 13.009360377735304 12.562159432117616 11.988389663591828 11.268293724995447 10.381692012327857 9.309192372395508 8.033566955666815 6.541253291994063 4.823893782937315 2.879758988014926 0.71482881069841 
0.743332917216818 2.9088348458752815 4.84966423713524 6.5601946981953665 8.042857365390677 9.306903556120725 10.366818417910004 11.240649416684443 11.94842230617276 12.510729278969908 12.947519788360369 13.277100182367903 13.515337867127382 13.67505781612056 13.76561190843001 13.792597385824592 13.757702168825706 13.658662226518013 13.489328008402804 13.239850186110402 12.897006157854962 12.444694655289757 11.86462393041138 11.137208432253635 10.2426704266785 9.162318863105602 7.879950263773545 6.383286918908664 4.665337476894665 2.725538674070845 0.5705250276024075 
0.585150946466754 2.740443290160705 4.678454531886861 6.392608374295348 7.883679117060234 9.159000860220717 10.23128432363124 11.117199248959926 11.835874794056409 12.40744528271477 12.851734575554163 13.187136597779963 13.429716777819966 13.592532449058407 13.68515194831087 13.71334349194837 13.67890579061585 13.5796211701214 13.409325895846154 13.158107879116672 12.812655075260018 12.356784862461565 11.772182277284609 11.039361055925726 10.138835735402203 9.052458133947889 7.764833487580577 6.264699794493025 4.546138810509595 2.6094950821058838 0.4619088571626754 
0.466590079032735 2.6143829134463417 4.5507159236954084 6.268210724023761 7.766265621500143 9.050640593666321 10.132612386296866 11.027767321840834 11.754566427061809 12.332846880359956 12.782408044158329 13.12178520306182 13.3672614846362 13.532124438787086 13.626145129612945 13.655244831257837 13.621315024811251 13.52216683512188 13.35160237577294 13.099618539007462 12.752769329249587 12.29472164375144 11.707037361248627 10.970198163450494 10.064856624753922 8.973249537202271 7.680656253011386 6.1767449043176645 4.456645979268969 2.521639414737325 0.37942400275925975 
0.3757368166229945 2.5182988119326217 4.454779667141401 6.176813181255659 7.6822483573688265 8.975208667485933 10.06562388079152 10.968202679525879 11.700995890967725 12.283789988435757 12.736556306537748 13.0781060391674 13.325018541930133 13.490848015505753 13.585577635322116 13.61527628969669 13.581915490229418 13.483317304060014 13.313223558926103 13.061497757309555 12.714489911797317 12.255606534871154 11.666128541412059 10.926303613426551 10.016701324478426 8.919755614576438 7.6213376059059215 6.112130572992081 4.3885721454198965 2.4532276369128416 0.31464705732765547 
0.301729247104577 2.4410666076716003 4.380503131765783 6.110030169928824 7.625192956325984 8.92796797139019 10.026812813398193 10.935755450277815 11.672793263908504 12.258033998937309 12.71192577908233 13.053768301761233 13.300565319901798 13.46620264024172 13.560900007553265 13.59087610126156 13.558173650001851 13.460609572323506 13.291838229425066 13.041540546627356 12.695774481005209 12.23753933042141 11.647612937253198 10.905710352247514 9.991975582942992 8.888741912606877 7.582365433438003 6.064784298863515 4.334375623117202 2.395848335212057 0.2593170440554002 
0.23313186180377862 2.37130784118358 4.318372432953733 6.061070377553142 7.590893252007011 8.906564565840808 10.014849249528343 10.929476876128323 11.669000968000342 12.254423467448225 12.70710425801633 13.0471162093197 13.29204911940225 13.45619712879551 13.550043044020654 13.579957204442474 13.548046017132638 13.452109389720277 13.285693341975321 13.038251863194649 12.695458825007876 12.23973428897411 11.651066293439403 10.90821265995427 9.99034574965604 8.879134407861663 7.561101194627094 6.029735483648351 4.286536347717089 2.340168358990608 0.20394785261444745 
0.155309510186887 2.2951807136241538 4.258489283589363 6.024954099342454 7.578178476821789 8.911871166402834 10.031181363931852 10.950576190114338 11.690251050419045 12.27295421598781 12.721526892245572 13.057147005615684 13.298154638550256 13.459314272673918 13.551381559692796 13.580869211657289 13.54993735522929 13.456364253975934 13.293582889546279 13.050797995564421 12.713227529522305 12.26254277389479 11.677611578588131 10.935675742552277 10.014105913573252 8.892854809686105 7.557619945116793 6.00341514660554 4.23667168525091 2.273882056482343 0.13536224801010238 
0.04537295207245062 2.1921769416723587 4.189843597157422 5.999940124244639 7.590974374655317 8.949312457978813 10.080708959739413 11.002668818213932 11.7387826750916 12.314687292809209 12.755358225181514 13.08339501022658 13.318001659662759 13.474422248501835 13.563654460087509 13.592320157244254 13.562616580760281 13.47230626777389 13.314732342989192 13.07887249048702 12.74947335637454 12.30734141733839 11.729910642889344 10.9922633060286 10.068843302461763 8.936158544341364 7.576811932997948 5.985154139204122 4.174907496042458 2.1776226921176645 0.03175112205392485 
-0.14299641617798128 2.028594831770152 4.100092646119502 5.9942331630920185 7.641842563275194 9.030465218146954 10.172280570733234 11.091741782405562 11.81819701883543 12.381459837698138 12.809231931894514 13.125721356196335 13.350981212608062 13.500644509472925 13.58585388995148 13.613270989538785 13.585103093837251 13.499116371387661 13.34862635380783 13.122474903109655 12.805024234290606 12.37623004923885 11.811908628391585 11.084398713051929 10.163942002673537 9.02125696042604 7.631962724030193 5.983950101654432 4.0897336900893695 2.0185208117869493 -0.15241689864383307 
-0.4974000380541574 1.7154784461946497 4.008829597067725 6.03620572369508 7.755896415489559 9.174054182847275 10.318520783197902 11.225571324937818 11.93282292695408 12.475345900423187 12.883842797944787 13.184021918621339 13.396548089376703 13.53720608521351 13.617100178131883 13.642818900327978 13.616540053802737 13.536067377618316 13.394796613715641 13.181613130449984 12.88072954877607 12.47148812902604 11.928198571266556 11.220187475230466 10.312423884868396 9.167337969364683 7.748706226213325 6.028738028052433 4.001325797173293 1.7082138297186666 -0.5041868538164116 
-1.765880492497251 1.3727349899070684 3.992690674646621 6.182486828546451 7.9718095310805275 9.405068299780615 10.53439114587451 11.412323825658708 12.086596478034325 12.597858180261554 12.979417967393923 13.257888193812107 13.454000365607445 13.583280440582714 13.656521957325051 13.680087122143947 13.656073713380813 13.582369364872985 13.452599475508338 13.25596240416807 12.976930253899233 12.594777195059349 12.082904989616122 11.408027220664202 10.529525248944427 9.399705876018098 7.966064840230443 6.176517430073728 3.9866962589096295 1.366955273917529 -1.7711177886437504 
-8.125033369793087 -0.3725170339592469 4.112426580689012 7.196808388730448 9.330106376120685 10.78803271123221 11.777022796954753 12.450404480715074 12.914461207674243 13.238392975211834 13.465852329470552 13.624541256866058 13.732562597596857 13.80198754631029 13.840651707407511 13.853006854195117 13.840498795746202 13.801675818297548 13.732081068360852 13.623875463263373 13.464986509026584 13.237312258849984 12.913152824122882 12.448857210612802 11.775225841290993 10.785978507278486 9.32780333165325 7.194305168447516 4.109841038011609 -0.37496462187425106 -8.126743978214398 
-8.967413456640672 -1.4337135830158168 4.099260216856162 7.79201559566054 10.176328110856002 11.654341821881765 12.543261194350437 13.072921247540096 13.39332683350246 13.593440354699887 13.722567763448613 13.807398495116288 13.862754310999382 13.89728911032917 13.916150457093085 13.922125846165128 13.91610259315595 13.897191260618687 13.862602537303689 13.807187648842877 13.722292179538416 13.59309359313806 13.392897712603403 13.072382519012208 12.542552248977564 11.65336017911681 10.174957402203761 7.790206137809881 4.097136864341982 -1.435780115633949 -8.968928223302349 
-9.068843524265372 -1.4421696903947803 4.322952630613876 8.263062372111222 10.736711919006225 12.182816587344306 12.979289722483792 13.401984066392371 13.625510663150177 13.747658634187534 13.818149287646216 13.860864545510982 13.887268917011099 13.903165324332276 13.911655375457043 13.91431766794039 13.911641651977279 13.903137203057875 13.887225202534974 13.86080394931748 13.818071172011031 13.747562806826203 13.625390325102684 13.401798164694483 12.978903737730018 12.181941980556875 10.734935776890914 8.260069072925347 4.3188839009386495 -1.4464707166793462 -9.072079826231011 
-8.668458935211577 -0.8716461529190032 4.882467074271322 8.77980339089877 11.16786400919532 12.497393112545499 13.177674810100866 13.50400405217899 13.65584254740275 13.727752016110477 13.764063261464102 13.783929808479044 13.79540826288847 13.80203439597825 13.805485801885512 13.80655568209952 13.805482241102633 13.802027086679756 13.795396948968493 13.783914763330808 13.76404729982341 13.727744277886082 13.655856785925517 13.504020279461777 13.177500918165324 12.496416975952947 11.164954944945489 8.77376217539039 4.8731723046142115 -0.8822769630870064 -8.676629591857562 
-7.346278417289122 0.16913627521219232 5.731698887430451 9.387117050622166 11.518343359067732 12.624529533594073 13.139861140896608 13.358862619488516 13.446508704519504 13.481420322523242 13.496294453283218 13.503411786079198 13.507180671499814 13.509245711452206 13.510289184152205 13.510608095585777 13.510288523258623 13.509244345114652 13.50717857403537 13.50340963943845 13.496297425182231 13.48145072730546 13.446629396134371 13.35917163698684 13.140305932512216 12.624258304382582 11.514772311372589 9.37650706928987 5.712024745669967 0.14428697649112554 -7.366931394538328 
-6.376002868017136 0.7944952449128946 6.08708980731322 9.444161883820762 11.302767581512178 12.204575443591073 12.588558074421057 12.733178035063347 12.782478359380992 12.798518732433317 12.803998270239097 12.806174104316081 12.807195317190555 12.807717121151923 12.807970301237479 12.80804618524398 12.807970221382758 12.80771694161833 12.807194997169752 12.80617426195407 12.80400576571611 12.798571535840868 12.782714575937348 12.733937426540502 12.59030951365212 12.207076194628025 11.302303649245154 9.43071460456688 6.052421796539621 0.7424394967957321 -6.421338970452745 
-6.49764870100558 0.4957336281426236 5.382793698760567 8.349010806922209 9.933922951751011 10.668974501864824 10.962590123912873 11.0633288076982 11.093208713734132 11.101117843772805 11.103167936805193 11.103785521556677 11.104027338723984 11.104139889122212 11.104191810495035 11.10420700188992 11.104191804716221 11.104139856522645 11.104027182762081 11.103785790207592 11.103177745500382 11.101196324561126 11.093603604014282 11.064777382974674 10.966648144552485 10.677551814111501 9.946305547693076 8.348704404796038 5.326865337434509 0.3900028480737183 -6.608924671048661 
-7.378329980310751 -0.8398037962846022 3.1955830995620107 5.627655343072128 6.916172536279302 7.501476870591805 7.7270249725541555 7.799990622852564 7.819612676280799 7.823992368217532 7.824838282061829 7.825008718565623 7.825058244617004 7.825078653556415 7.825087511090938 7.825090020109817 7.825087512982575 7.825078634312426 7.825058062122606 7.825008811863062 7.824849272183475 7.824090623781309 7.820146440094489 7.8021108116271005 7.733604533506356 7.517996093814691 6.949500595436353 5.683118986309339 3.195552320716919 -1.1235855078385948 -7.600347257285913 
-7.333830935626749 -3.771042434694458 -1.003151719036528 0.8063591466948182 1.7820614175306033 2.22480808773302 2.3929971410593036 2.4458396569409 2.4592978030001227 2.461995638656787 2.462407062918014 2.462456778008073 2.462464876254069 2.4624678618589697 2.462469110133895 2.462469445770679 2.4624691127105245 2.4624678456418074 2.462464686979764 2.4624567250570757 2.462417499414079 2.4620958968859243 2.4598682900961784 2.448211229300568 2.4007983670729165 2.246034958498785 1.8327055386509896 0.911675080716113 -0.7190649119427319 -3.770518002787809 -9.283442689246655 
-9.916511491234507 -9.260834498046606 -7.482854810296351 -6.257286432256314 -5.583253670931684 -5.2764305727403595 -5.160214824371642 -5.124028426985682 -5.114980088745309 -5.113235982183566 -5.112995503632822 -5.112974859166294 -5.112973547703041 -5.112973037383154 -5.112972798609306 -5.112972739534423 -5.112972796532903 -5.112973049247706 -5.1129736960543 -5.112974941330994 -5.112987587025984 -5.113157778983295 -5.114527518971347 -5.122114559298136 -5.153799872105672 -5.258373908187152 -5.539061444753189 -6.146310556294839 -7.2606305409679415 -7.308195330782293 -9.914072883408547 