Step: 180.0
14.616375304689269 14.475691845542759 14.729137291467392 14.901287033328328 15.019865558781106 15.08566074387561 15.118269907509676 15.133186602477021 15.13962404690978 15.142280301917854 15.143337978610598 15.1437470473989 15.143901385236324 15.143958127779538 15.143977705980287 15.143981665664977 15.143974314093498 15.143946955566346 15.143868215585085 15.14365059402751 15.14306130478296 15.141498195724182 15.137450300450396 15.12726432309016 15.10251454826032 15.044933837335341 14.918261674972522 14.658617474729875 14.18450864920652 13.319682873075195 13.341981782766432 
14.194376625704095 13.849257329059872 14.10636532367697 14.354195262564678 14.503359277433205 14.582470871922355 14.620528098205233 14.63762685439307 14.644916619557543 14.647898962677242 14.649079065764955 14.649533332292098 14.649704099045296 14.649766706793173 14.649788274777169 14.64979267127593 14.649784719985377 14.64975501546828 14.649669455530256 14.649432818189167 14.648791472499417 14.647088318438755 14.642670907170075 14.63153135972749 14.604380922602996 14.540934684375571 14.400252582164885 14.109400632182032 13.55354596054069 12.704248100183579 11.622178745694907 
11.8475673057899 12.85825442314311 13.531942376241041 13.934179180119136 14.14965310757783 14.254681548649941 14.302695745979745 14.323525252407737 14.332188636588503 14.335668973952666 14.337027276075279 14.337544578405922 14.337737409671282 14.337807644955932 14.337831751860822 14.337836763203287 14.337828288179498 14.337796302044483 14.337703985963469 14.337448227019326 14.336753602320453 14.334903954243611 14.330089395602444 14.317889435927606 14.28795468675945 14.217313547516147 14.058454629540599 13.721332855296035 13.060920874791213 11.846757036744922 9.432083364501782 
9.48337592250949 11.87634259551117 13.03125466312028 13.629666432944063 13.923843604636284 14.060418013877749 14.120578083302815 14.14596328902122 14.15629630645328 14.160377441530244 14.161948667499807 14.162540476483576 14.162759091422886 14.162838142597108 14.162865167766707 14.162870927129543 14.162862010402039 14.162827874301907 14.16272910745477 14.162454943569994 14.161708606869666 14.159715480232583 14.15450821298768 14.141249979570715 14.108513358160307 14.030616953702438 13.853370790704423 13.471802574648047 12.70035329393814 11.235767986237011 8.79787858599628 
8.803146577407743 11.233203873641994 12.677278708204856 13.424871116186122 13.78732244911502 13.952676440315011 14.02441671611542 14.054271421632128 14.066276844243662 14.070968411306614 14.072758075744925 14.073426794517113 14.07367212097044 14.073760323502524 14.073790389114087 14.073796959191728 14.073787686438141 14.073751617283667 14.07364701434059 14.073356207789395 14.072563224950342 14.070441264265932 14.064884109946417 14.050694852206647 14.015544466626984 13.931593284805082 13.739901103975745 13.325800908997099 12.491523693502486 10.969094774825498 8.514575596775328 
8.510944374576722 10.962501787486183 12.477688593442274 13.303125929026079 13.709433603706792 13.89568526725646 13.97646114619053 14.009992686966827 14.023428274904832 14.02865758915322 14.030644147530003 14.031383443602005 14.031653628971544 14.031750443998169 14.031783401675389 14.031790768244232 14.03178122415153 14.031743513756322 14.031633959901596 14.031329162739466 14.030497468011792 14.028270408260095 14.022434336288903 14.007526036439993 13.970591393988155 13.882446247135983 13.681632195465655 13.250357438422482 12.393366762413669 10.851809104481246 8.396443889768562 
8.393011217464297 10.847228143325118 12.386221736586712 13.240004870667356 13.668276511871017 13.866810430649116 13.953494164443663 13.989612362135533 14.00411116485351 14.00975767895106 14.01190226688449 14.012699782745523 14.012990938688944 14.013095154784875 14.013130638917247 14.013138722462534 14.013128985013486 14.013089967377146 14.012976498325084 14.012660823731794 14.011799695497723 14.009494961824565 14.003460136469434 13.988063269115623 13.94999171802194 13.859399010194108 13.653927010320432 13.215519101979382 12.350302961957821 10.803014023861179 8.348054473558667 
8.346054226771143 10.800568362528937 12.34694990497628 13.211021637688964 13.648313404268382 13.852884995158007 13.942856383792313 13.980552459159714 13.995746246181676 14.001680689569849 14.003939201143924 14.004780211539666 14.005087503611678 14.005197556919617 14.005235076755671 14.00524375563918 14.00523389116447 14.005193901238274 14.005077555589883 14.00475407713197 14.003872467525133 14.001515703399695 13.995353950470736 13.979663524762051 13.94096062267773 13.849144653834994 13.641643711726807 13.200484759724512 12.332455648975955 10.783425782718995 8.328889792419082 
8.32790990385304 10.782274509377743 12.330984410373643 13.198610595280396 13.639365607806823 13.846525563062006 13.938092233303541 13.976634253927058 13.992231543241576 13.998344152536554 14.000676910251391 14.001547504189512 14.001866168657791 14.001980460096888 14.0020194960276 14.002028632482594 14.002018693122249 14.001978031859881 14.001859729573633 14.00153109333742 14.000636437377768 13.998248009406549 13.992013250988128 13.976165374753817 13.93715198738339 13.844793716375326 13.636480471789422 13.194321531337517 12.325353975299505 10.775812905773908 8.32150600426967 
8.32106839208739 10.77531020815208 12.324739214739939 13.193566807053514 13.635582809400091 13.843771127654897 13.93603370483896 13.974981826417109 13.990789554885291 13.997001764042983 13.999378483790204 14.00026744897684 14.000593459815796 14.000710579923826 14.000750656125991 14.000760117489088 14.000750141922882 14.000709057785627 14.000589537793537 14.000257783455334 13.99935554106749 13.996949579037725 13.990676751600297 13.974752505202094 13.93560056235115 13.843020117204427 13.634400330479695 13.191890982791708 12.322617943429576 10.772930791091403 8.318729184731582 
8.31854206192582 10.772719418653907 12.322368408423147 13.191594548427199 13.634055332836374 13.842631282477642 13.935176563601514 13.974303114678591 13.990210685849261 13.996473461328037 13.998873810720374 13.999773122845689 14.000103429782474 14.000222254448444 14.00026297377004 14.000272644489536 14.000262661984332 14.000221352646198 14.000101177347224 13.999767769284285 13.998861610464564 13.99644694140846 13.99015614725632 13.974198003517253 13.934988530380263 13.842321814770537 13.633590263828806 13.190960458963835 12.321588700875564 10.77186059287303 8.317703080310693 
8.317615936674617 10.771765048421198 12.321483278557473 13.1908437068194 13.63346112273875 13.842180068919603 13.93483505980959 13.974034651404802 13.989985269447956 13.996270873987507 13.998682285715606 13.999586568372807 13.999918972973555 14.000038637693548 14.000079677695616 14.00008946104016 14.000079498443073 14.000038131764475 13.999917750182092 13.99958377025275 13.99867617127591 13.996258175091013 13.989960386086375 13.97398900448287 13.934757242059579 13.84205757825005 13.633284079048282 13.19060988596133 12.321202496207839 10.771460319775068 8.317319785284193 
8.317248367921966 10.771388107264011 12.32113853039658 13.19055768985457 13.633241160661083 13.842018056636347 13.934715349541095 13.973941367779728 13.989906341715463 13.996198811751295 13.998613143505343 13.999518539002603 13.99985132370375 13.9999711048799 14.000012181758372 14.00002199256747 14.00001208386267 13.999970835464918 13.99985069423234 13.999517153196097 13.998610239582897 13.996193041614186 13.989895535473432 13.973922410012378 13.934684367951261 13.841971119284748 13.633175516724341 13.1904732761809 12.321039145269319 10.771281566802424 8.317145270296663 
8.317002486890328 10.771147499242604 12.32094830470255 13.190437624888977 13.633183824697731 13.8420002821963 13.93471326810473 13.973939362391434 13.989898177710272 13.996184170315763 13.998593895056018 13.999496598278526 13.999827995917087 13.999947128498249 13.999987938295206 13.999997689332536 13.999987887392782 13.999946991929285 13.999827687506254 13.999495944841227 13.998592580402736 13.996181664930846 13.9898936765391 13.973931774917169 13.934701319023448 13.841982767094674 13.63316000891559 13.190407685591357 12.320913640209776 10.771110724249864 8.31696702945276 
8.316558341145582 10.77074109249364 12.320698966171843 13.190378676901073 13.633264612522211 13.842137670276964 13.934840843063157 13.974028184303949 13.989947933332038 13.996206359014735 13.998600063186151 13.999494557474126 13.999822108922574 13.9999395654779 13.999979712890523 13.999989297919026 13.999979687622979 13.999939499361142 13.999821964513698 13.999494262666914 13.998599492540388 13.996205312847197 13.989946123328602 13.974025239891 13.934836354455085 13.84213127699564 13.633256128161618 13.190368216926109 12.320687028005942 10.770728540195215 8.316546276259011 
8.315304992724613 10.769638880309754 12.320145760816295 13.190425274880617 13.63368729052971 13.842640688903321 13.935241675905159 13.97428016340837 13.990083143133777 13.99627075065972 13.998627478212486 13.99950448738772 13.99982434145845 13.999938603481642 13.999977531114652 13.999986808378488 13.999977519103735 13.999938572800682 13.999824276560501 13.99950435949387 13.998627239433668 13.996270328205537 13.990082436705864 13.974279050103252 13.935240026737205 13.842638398263759 13.633684314428319 13.190421667439258 12.320141694590745 10.769634637949158 8.315300926125316 
8.311446612562696 10.76643222141197 12.31885126626249 13.19106537455388 13.635241421645562 13.844157462215023 13.936273678861014 13.974856010267453 13.990366568531146 13.99639859109725 13.998681343878442 13.999525765446524 13.999832047758252 13.999940919401594 13.999977855111004 13.999986635646353 13.99997784962479 13.999940905702449 13.999832019644652 13.999525711845013 13.99868124709323 13.996398425336297 13.990366299733864 13.974855598489096 13.936273084213905 13.844156654395565 13.635240391472916 13.191064144281027 12.31884989460775 10.766430800044475 8.3114452533157 
8.299554893793525 10.756750816586848 12.316553050450512 13.194439843353337 13.640530907800413 13.848182962462186 13.938599929019155 13.976012918158219 13.99089034689616 13.996620730080641 13.998771031328513 13.999560534727511 13.999845012002305 13.999945547788233 13.999979491617834 13.99998753715733 13.999979489199678 13.999945541876528 13.999845000207877 13.999560512920615 13.99877099314708 13.996620666599272 13.990890246776772 13.976012768635542 13.93859971794971 13.848182681333181 13.640530555168974 13.194439427741742 12.31655259153288 10.756750343895284 8.299554442704636 
8.257790232416772 10.730508730623665 12.313917343036643 13.211075632285597 13.655704351462314 13.85729237084442 13.943151757400837 13.978066712257803 13.991756994682152 13.996969226462063 13.998906106314044 13.99961136288157 13.999863671419666 13.999952290686494 13.999982060444527 13.999989094676714 13.999982059407413 13.999952288200328 13.999863666588169 13.999611354200177 13.998906091541253 13.996969202559622 13.991756957932392 13.978066658625563 13.943151683222876 13.857292273816318 13.65570423155819 13.21107549258376 12.313917190124947 10.730508573889113 8.257790083173575 
8.140605631875914 10.624096752325435 12.358318121796101 13.266889571982796 13.690347154010997 13.874497286540647 13.95084483548509 13.981288056935538 13.993044222273317 13.997465729555945 13.999092337019464 13.999679643705278 13.999888253490306 13.999961077325025 13.999985419364403 13.99999115337245 13.999985418917142 13.999961076271898 13.999888251492743 13.999679640209644 13.999092331225642 13.99746572041873 13.993044208533687 13.981288037346694 13.950844808868727 13.874497252155694 13.69034711245791 13.266889524091095 12.35831806912943 10.624096698942656 8.140605580468293 
7.045911495311134 10.717644167619806 12.565880349085845 13.395488569658792 13.75213884980856 13.901622051596833 13.96209955096182 13.985761646885068 13.994764448545741 13.998109799829926 13.999328248044892 13.999764486378153 13.999918324153441 13.999971697407254 13.999989448294011 13.999993616585598 13.999989448067506 13.999971696879744 13.999918323167353 13.999764484681423 13.99932824527815 13.99810979552891 13.994764442229679 13.985761637776017 13.962099539276599 13.90162203628036 13.752138829675426 13.395488551323224 12.565880328557158 10.717644138008204 7.045911473047555 
1.8151810196546965 11.583690841793267 13.636299107966751 13.915229525638775 13.96844818574632 13.98905401332313 13.99627973671967 13.998742850330592 13.999580360091462 13.999861072750495 13.999954376408269 13.999985108584651 13.999995154167319 13.999998406982634 13.999999426310307 13.999999656559485 13.99999942630768 13.999998406976255 13.99999515415886 13.999985108559908 13.999954376404753 13.999861072708367 13.999580359726908 13.998742852313137 13.996279729617461 13.989054024927864 13.968448192349225 13.915229469386494 13.636299137508463 11.583690919314824 1.8151810148839247 
1.9626817310302807 11.345684176456446 13.786227376689997 14.000259759977517 13.997832929436068 13.99911938887293 13.999766119991184 13.999925584556117 13.999977663475581 13.999993370041544 13.999998219304924 13.999999701061304 14.000000155151048 14.000000293610386 14.000000334804698 14.00000034379712 14.000000334804684 14.000000293611384 14.000000155145484 13.999999701092392 13.99999821918346 13.999993370367509 13.999977663449124 13.999925579160125 13.999766152792679 13.999119287033398 13.997833046545896 14.000259992790065 13.786226854240912 11.345683779273816 1.9626818065647542 
1.9560274619911189 11.369834497472752 13.780846654555521 14.009181813775834 14.000677135593344 13.999817314128283 13.999996849647523 13.999994228245654 13.999996225639622 13.99999692999628 13.999997074401136 13.999997124900212 13.999997138576967 13.99999714259917 13.999997143752452 13.999997143993944 13.999997143752365 13.999997142598344 13.999997138587986 13.999997124819377 13.99999707484582 13.999996928130876 13.9999962307805 13.999994227586825 13.999996762601478 13.999817830896294 14.00067571232699 14.009182544605153 13.780850872990005 11.369834278930504 1.95602496144261 
2.10227838413311 11.572205605294585 13.835842852223905 14.011785117348 14.000218174664798 13.999879652722788 14.000013202424418 13.999996341856463 13.999998024567876 13.99999793453988 13.999997937642682 13.999997940815962 13.99999794061529 13.999997940797142 13.999997940804091 13.999997940811744 13.999997940805015 13.99999794079477 13.999997940608875 13.999997940949731 13.999997936546722 13.999997940991243 13.99999799601762 13.99999642434659 14.000013187437085 13.999878229762862 14.00022636106552 14.011766428084597 13.835836566904833 11.57224388509477 2.102319461105028 
4.067387271272826 12.440969235386317 13.982364064385514 14.00894663156741 13.999281296588716 14.000339444555777 14.00026857342472 14.000266935355643 14.000268546552121 14.00026818978275 14.000268249118163 14.000268240601125 14.000268241734695 14.000268241594858 14.000268241612005 14.00026824161058 14.000268241608852 14.00026824160924 14.000268241690982 14.000268240584878 14.000268250655278 14.000268175228069 14.000268639404023 14.000266498085129 14.000269907604215 14.000339131350861 13.999257601109177 14.009076387197831 13.982153516828982 12.440681081626348 4.067189451326296 
5.595221464273306 13.026980115283973 14.0560050412613 14.002470459199698 13.997121111487687 13.998665121940714 13.998463417132127 13.998479044852854 13.99847916551422 13.998478840687126 13.99847892028802 13.998478905919528 13.998478908184547 13.99847890785107 13.99847890789905 13.998478907890398 13.998478907904769 13.998478907812919 13.998478908387176 13.998478905110387 13.998478921769362 13.998478852864718 13.99847899381269 13.998480327203152 13.998456744637616 13.998686582037214 13.997122010710369 14.002033602536786 14.057833767493792 13.026682427459912 5.59516912735286 
5.623959098726528 13.088532687528303 14.081416887514287 14.006415163311338 14.00199184919486 14.003793462812146 14.003529486152958 14.003552615473412 14.003552420885004 14.003551987568622 14.003552106109264 14.00355208328682 14.003552087020376 14.003552086473764 14.003552086546534 14.003552086535764 14.00355208654653 14.003552086505968 14.003552086685653 14.003552085640653 14.003552093388162 14.003552035203777 14.00355239776363 14.003551026338407 14.003546826131466 14.003680443255872 14.002425844249315 14.00641538135485 14.071779384365797 13.109029242368708 5.630591199412331 
5.598475307191246 13.348774526416314 14.145567984705238 14.072918749469517 14.070993518507517 14.072317349180732 14.072102818980692 14.07212497795484 14.072123841750265 14.072123690867354 14.072123753279275 14.072123739437876 14.072123741998146 14.07212374156074 14.072123741632026 14.072123741624488 14.072123741609678 14.072123741646422 14.072123741835828 14.072123738355817 14.072123770007664 14.072123554204993 14.072124648927534 14.072121966662499 14.072099398943648 14.072500602652713 14.069164139718932 14.082557060245083 14.145567825108913 13.127880839766611 5.628637895948553 
8.680770700534355 12.660971957380239 13.128006971203215 13.10047576009497 13.097097473207336 13.097982580845427 13.097880632732446 13.097885963056276 13.097886601611386 13.097886360905385 13.097886406122448 13.097886399555042 13.097886400354476 13.097886400272062 13.097886400279982 13.097886400272925 13.09788640031519 13.097886400061116 13.097886401495872 13.09788639402602 13.097886427924898 13.097886317602807 13.097886259487654 13.097891475090695 13.09783526886838 13.098202296506882 13.097406596719843 13.079978050643179 13.348901004056382 12.660972277912068 5.256327576610696 
5.593688059813456 5.256381626326945 5.629335383131689 5.621665617294062 5.617795126131366 5.618450182799823 5.618403792302965 5.618400301223686 5.618402136386866 5.618401745957759 5.61840180854437 5.6184018002918785 5.618401801152653 5.618401801104111 5.618401801096438 5.618401801100521 5.618401801094867 5.61840180112811 5.618401800947729 5.618401801865303 5.618401796210829 5.6184018458779015 5.618401337783756 5.618406194074563 5.618367110052748 5.618604940785305 5.617858311340271 5.615031867462751 5.599173244272786 8.68082512243763 5.593688066324211 