Step: 3780.0
9.704353384483001 9.503369161992296 10.07978081080435 10.67618766594453 11.34134925394887 12.004228530801958 12.631167543023103 13.204112415828932 13.713670693244417 14.155041034845807 14.5259037373451 14.82524858527943 15.05269183290945 15.208057757334888 15.291111475080822 15.301383718569102 15.238055491691815 15.099884536864439 14.885162963703731 14.591699672872132 14.216824519512041 13.757415439432517 13.209957799029533 12.570662368322818 11.835708154777173 11.001754907107856 10.067199877359592 9.033671392672 7.923085905317058 6.556827879507791 6.6341895414339405 
9.040937277468954 8.482576229114732 8.938827499983685 9.651889987053647 10.40232610252759 11.137644399541687 11.82666091310821 12.453303973344582 13.009104612451011 13.489764536344023 13.893263092855092 14.218784969557092 14.466078549667742 14.635053776670093 14.72552026750895 14.73701281587822 14.668675184874452 14.519185472443832 14.28671289035621 13.968899514297634 13.5628633291437 13.065222377987693 12.472146291060113 11.779455290932768 10.982816073697556 10.078163139376215 9.062524049034888 7.937084417059531 6.701134187391955 5.526260934319154 4.709069496454864 
6.033690990992475 6.783374208340157 7.645050685066477 8.551356853098765 9.43864695432788 10.272118422503137 11.036942847750607 11.724566552406083 12.330428204052849 12.852322687552938 13.289414156541289 13.64159154517276 13.909038530637687 14.091938515637331 14.190268209303346 14.203652425344268 14.1312637017408 13.971756410949522 13.723228193180939 13.383203097205174 12.948631642837869 12.415903833878337 11.780872632792116 11.038888148450763 10.184848287850949 9.213268984488973 8.118479385984493 6.894182329621706 5.543593390211686 4.046301772682015 1.9540208669926034 
2.815091046879179 4.903591202116413 6.268633490187573 7.433926103062338 8.479575289773909 9.42411896906136 10.27190594016993 11.02439140933762 11.682280631568657 12.24630237606693 12.717322086773457 13.096254853440367 13.38392434418803 13.580922044465451 13.687485093936338 13.70339818855715 13.627920256212338 13.45973455042536 13.196919443348452 12.836935823264907 12.376625291908846 11.812210911462069 11.139288042570497 10.352784125342497 9.446844592179893 8.414554136625194 7.24718523841392 5.932831844353705 4.446841752232027 2.7063259284126593 0.6335374810716105 
1.230345369759248 3.313992700977644 4.991847639658891 6.370520737739103 7.563678650618528 8.615232168246418 9.544516005910317 10.36106354950826 11.070314864657353 11.675823009461244 12.180184295460132 12.585402656942446 12.893004434102359 13.104044000817515 13.219066464949126 13.238059662194061 13.16041126596314 12.984878149772708 12.70956980531208 12.33194358344571 11.848805610687641 11.256306325020685 10.549911817451228 9.724317453806615 8.773239579703542 7.688944613429078 6.461233004642052 5.07472546197352 3.5020970432289675 1.7073450907829515 -0.3411968067450483 
0.08697606058458934 2.1487984215275273 3.911450185576742 5.4191539253606935 6.723759663066846 7.865511718255966 8.867415450324676 9.742888441447842 10.50023691590805 11.145001078809397 11.681124483472056 12.111525317589608 12.43835688102329 12.663109300982804 12.786633896907551 12.809134777364932 12.730152155248495 12.548550166217684 12.262514417057758 11.869558824914504 11.366536161252483 10.749640905394799 10.014384957329286 9.155513760879408 8.166807012778351 7.0406690580881754 5.767324676244356 4.333476629631218 2.7222072852449863 0.9161597440776333 -1.0939906358809297 
-0.7805102902950891 1.2418432666776127 3.0305403642692146 4.600808756090646 5.978483946262739 7.188549420475752 8.250200404487952 9.176631682412358 9.976902445883749 10.657420686972554 11.222879555261693 11.676789785538938 12.021759150075283 12.25962374048401 12.391498734896643 12.417790925891383 12.338198748684416 12.15171454936761 11.856636059754997 11.450588007215657 10.93054949812762 10.292877535220427 9.533311145709236 8.646933743939561 7.62806492337779 6.470053370378942 5.164997885049809 3.7037389646110657 2.0767932438893753 0.27700001191801205 -1.696519605393966 
-1.4642535431414994 0.519522158405468 2.309573407944234 3.909699543574456 5.33174015428635 6.59013557658002 7.698182057681496 8.666629098421227 9.503721948462328 10.215750991606914 10.80755938801709 11.28289211474493 11.644600435275796 11.894745040888216 12.03463854067993 12.06485848511859 11.985252562871983 11.79494958875875 11.49238336842837 11.075331097825083 10.54096328811591 9.885898166558762 9.10625040948009 8.197663355845224 7.155319773043087 5.973951540348079 4.647944303505162 3.1717458843446473 1.5408593234538412 -0.2464775487139262 -2.1872569617928654 
-2.014093361888709 -0.0650221920927212 1.7167468946966573 3.329677558519044 4.778155482879719 6.0696958948757285 7.2126142949323375 8.214653457637734 9.082466286053231 9.821579751931283 10.436526497200989 10.93097887922183 11.307835585028183 11.56926088784947 11.716693091836198 11.750840806839959 11.671682537241763 11.478480412282225 11.169814143675794 10.74363694001016 10.197351332358357 9.527899977952627 8.731865302022245 7.805574160802497 6.745213445261658 5.5469861586776945 4.207375464109117 2.7236185830802198 1.0944731904853477 -0.6787555555425706 -2.591154288499556 
-2.4619049737638665 -0.5429210926251766 1.227216887034323 2.844308887774563 4.3084936152580395 5.622799442196736 6.79174842225724 7.820331991586677 8.713414643207 9.475455956039472 10.110403126669006 10.621646947940128 11.011988158634548 11.283598927378165 11.437982653855705 11.47594169929779 11.397563039101515 11.202229590686555 10.888661807074802 10.454990830430773 9.898861495662821 9.217561196140915 8.408169826316627 7.467728064285097 6.393428119436221 5.1828437158436795 3.8342308857061926 2.3469355957866447 0.72192069153997 -1.037635920013596 -2.9257976980163547 
-2.8298379572175167 -0.9364718460445225 0.821660022762105 2.4388961042813158 3.912764163581616 5.243257170926154 6.432047353954023 7.481808021929106 8.395711019436826 9.177084859689696 9.829182798431475 10.355012632641492 10.757198928178235 11.037866643365998 11.198546562813856 11.240107974985511 11.162724980965159 10.965881648934612 10.64841909895183 10.208625127703305 9.644364490888888 8.95324572333407 8.132818789360089 7.180797534377255 6.09530249415281 4.875123045090685 3.520001139699055 2.0309375604119477 0.41051081978184595 -1.3368219845422207 -3.20449591678578 
-3.134465762667607 -1.2626481972470889 0.48461773152000964 2.10073779151553 3.581423725188868 4.924425846784035 6.129177208369695 7.196411808195954 8.127797960464193 8.92560530077995 9.592409066623645 10.130829873142662 10.543307908382126 10.831913218089527 10.998195967208563 11.04308143514784 10.966814181031516 10.768954720738796 10.448430514128061 10.003641222113123 9.432616074010285 8.7332187173573 7.903392000547238 6.941431660546784 5.846273855023479 4.617777244146066 3.2569770294192795 1.7662880413714648 0.14963886720513014 -1.5874704377122357 -3.4379813089413322 
-3.389104408293567 -1.5352161649682223 0.2032211377313302 1.8188304031881557 3.305782693860198 4.659908934461463 5.878709665785969 6.961234396351447 7.9078433682561515 8.719891997334269 9.399384309826749 9.948633315772279 10.369953667330071 10.665401703433803 10.836571531821596 10.884452207016574 10.809349045275708 10.610870838597258 10.287983697126608 9.839131109363901 9.26241820771712 8.55585571346162 7.717654980524533 6.746559104213069 5.642185327070925 4.405341247500617 3.038265284588652 1.54473961028754 -0.0699572473460685 -1.7992461161553317 -3.6355227989796592 
-3.6053607286268488 -1.7661947783481133 -0.033817407623236484 1.5834555067683473 3.0781011043561475 4.443955404237402 5.676622397452915 6.773599692590424 7.734127324262018 8.558847549007975 9.249378954978209 9.807883376285528 10.236672548779193 10.537878093990033 10.713195212006738 10.763703870620354 10.689768392921607 10.49101535593985 10.166389542516502 9.714287610560094 9.132768521634187 8.419837866718382 7.5737989930623435 6.593655633855728 5.479536134894678 4.233085691792646 2.857743336571635 1.3588005737535391 -0.25683799102554367 -1.981181508700469 -3.8058169509150748 
-3.7944351462852093 -1.9670945343039594 -0.23708198040891407 1.3857895246775604 2.891630041443118 4.2717742943225305 5.519720730686458 6.631477085406018 7.605388043302088 8.441666148545401 9.141819415484871 9.708093323900957 10.142981124628106 10.448823711804517 10.627504776885374 10.680240351980897 10.607459798472012 10.408775574040915 10.08304046070672 9.628492502921947 9.042988946534342 8.324330160209607 7.470671692699385 6.481015246284486 5.355753416808446 4.097210895563585 2.710063056857338 1.2014407648915977 -0.4194925749315462 -2.142555573178027 -3.9579099395784767 
-3.9685940873775305 -2.150280284716991 -0.41732424742247404 1.2176274216091527 2.7407951275517446 4.139946263805046 5.4060934473631805 6.533881720237633 7.521133766690037 8.36805708775894 9.0764368635842 9.648920634902153 10.088426490369523 10.397678173946986 10.578860432162156 10.633385107526529 10.561759196639922 10.363548722287474 10.037435876286775 9.581370742003449 8.99282233140486 8.269135976652636 7.408004447345565 6.40805707386456 5.269561128190223 3.995202142617013 2.5908370185373477 1.0658990204316399 -0.5670431371574147 -2.2940322233950803 -4.102437495458943 
-4.143419086285082 -2.3308950593797433 -0.5864224795959934 1.07144411293842 2.6217931461894786 4.047123517445048 5.33568186039229 6.4812828443726795 7.481913629714633 8.338410873330142 9.053357888263873 9.630205589815896 10.072590442011052 10.383821885675424 10.566514602658376 10.622344721376532 10.551913799264986 10.354710173740106 10.029163735691785 9.572796858547335 8.982480591578321 8.254810838004914 7.38662383061514 6.375673936363485 5.221499899184469 3.926505468701456 2.497250994873465 0.9458101989376699 -0.7100898275626308 -2.4494384212996425 -4.253725005428528 
-4.3419816398369 -2.530380146836227 -0.758142928028232 0.9413812672690589 2.5341750015836366 3.995137442015468 5.310957695993707 6.475985040564625 7.489511993416635 8.353878515827285 9.073114239954926 9.651940204876512 10.095035455629946 10.406509613331032 10.589538772717145 10.64613180936133 10.577002821056261 10.381534550084838 10.057827303438174 9.602837754008357 9.01262165692429 8.282703614458276 7.408605669155136 6.386576305813349 5.214577886075103 3.893626632220321 2.4296635418674533 0.8362395521151398 -0.8613944866914824 -2.6291840946449367 -4.433860485639329 
-4.607066025332049 -2.781840487676618 -0.9486017223060592 0.8283425099022222 2.4835608185315867 3.990369924820865 5.337550391307988 6.522375480997295 7.5469998447011 8.416322995878947 9.1365461831983 9.71415194674861 10.155183551154783 10.464750605507223 10.646705438992809 10.703446238239266 10.635814358424126 10.443065655856156 10.12290874348488 9.671616301852355 9.084228664750276 8.354881402008758 7.477300128501163 6.445517331800247 5.254884410900858 3.9035013678901254 2.394334516241578 0.7388023289568599 -1.036289513712263 -2.865556006950199 -4.684828041552511 
-5.015126039335679 -3.163867807460046 -1.1501595893081236 0.7475491789772031 2.484605684847462 4.0447578458626605 5.424510508520771 6.626880092676113 7.658562569326751 8.528099861685906 9.244576494357128 9.816691094468993 10.252124371378617 10.557136303705143 10.73632886438035 10.792519237652668 10.726682191092195 10.53793635041562 10.223565678324103 9.77908398987052 9.198366971686449 8.47389241409303 7.597143279518988 6.559237045154744 5.351848455996538 3.968503898484282 2.4064025323340275 0.6692320086664629 -1.226610612164242 -3.2364127845427633 -5.082403005888565 
-6.1710663377344535 -3.5881234031846163 -1.3136617905591739 0.7339629002070575 2.561699573361413 4.1755919720641135 5.583881345300136 6.79749315000657 7.829041855872596 8.69163673055285 9.39784173195647 9.958918846206451 10.384356489050361 10.681624042409341 10.856075434942024 10.910931962002484 10.847293273122526 10.664146612311324 10.358364339677584 9.92469885712996 9.355804133655429 8.64233444700241 7.773190062826485 6.735987217810792 5.5178117354028675 4.106254781517487 2.4906011956716707 0.6628178045874881 -1.3829341468848166 -3.653382675576862 -6.229533190910335 
-11.924125435118102 -5.825723719587602 -2.0790774839443587 0.8151258112936692 3.14891507619127 5.048901584599774 6.59254402317706 7.839354393233059 8.839024671809927 9.633235012282652 10.25596266847202 10.733818443005422 11.086730799819566 11.328863681497337 11.469551987471759 11.514073644702803 11.464147593879183 11.318105841144787 11.070725060576834 10.712731096713295 10.230027421289734 9.602758349000664 8.804389887789126 7.801028272531837 6.55109544573781 5.005044703263166 3.1035872501854804 0.7696065180180083 -2.1229705453548484 -5.865139005788255 -11.951571834341381 
-13.042936417345869 -7.294584017818114 -2.7314949513788096 0.7522640134717845 3.4670869803261772 5.583583726643802 7.222549247777226 8.480701097666616 9.438604431094639 10.162407040473452 10.704431917518203 11.104236733982775 11.390324192336564 11.582166080803459 11.692129218073655 11.726999927334246 11.688942085667753 11.575822337506766 11.380886404773761 11.091800834462031 10.689125316755716 10.144380573953336 9.418018089020636 8.457711217151292 7.197317854621571 5.556342794377318 3.438288105896114 0.722817366230644 -2.7599154667928865 -7.3190728829487375 -13.060080616838775 
-13.507125945792833 -7.830210355228156 -3.105887482132235 0.6551661498119856 3.5750092516678107 5.803530040214527 7.474734902337102 8.707664780555312 9.605019156585147 10.251460645080156 10.71320737586806 11.039335445715144 11.26432369418774 11.41107500634127 11.493738948745616 11.51990386416614 11.491954151574415 11.407526880999914 11.259055972147058 11.032413197066242 10.704709563053628 10.241460168994971 9.593546505591016 8.694660577124386 7.46001895215898 5.7868509025194665 3.5562550461989195 0.6347648124800022 -3.126507692367229 -7.848506471637129 -13.520014119012025 
-13.612281841306306 -7.96339189467112 -3.26989732840343 0.5235306040461422 3.4773647721952075 5.70234537956928 7.330165910390887 8.490943689127592 9.30136552910739 9.858314562265377 10.23687488432812 10.491654997908332 10.660073333472022 10.766288554624593 10.824806188102553 10.843221119620056 10.823886306362175 10.764468919199869 10.657396102586205 10.488184900253609 10.232691461849603 9.85348554370555 9.295889170303541 8.484652974998468 7.322608448587357 5.692720234797603 3.464726402369953 0.5074315877900941 -3.288454400591197 -7.981445098276662 -13.625434241956102 
-13.198942935977167 -7.913254160905011 -3.3915461593126546 0.2819565558824085 3.1277335982173913 5.238939788626758 6.744613496598653 7.780951125792943 8.472845881178676 8.92386521181378 9.213019755349448 9.39632610878539 9.510943059931082 9.579997440576387 9.616868564025076 9.628343155704357 9.616486026932952 9.579255263304516 9.509892123198327 9.39505193799006 9.211642366887203 8.922517084672887 8.471605570323643 7.779704095721263 6.742813856928118 5.23526980862646 3.119923442703077 0.2677034449077301 -3.4125135051348616 -7.936889873790619 -13.217778540383353 
-13.023255597670984 -8.133460241652344 -3.872555198153795 -0.42358184488236467 2.225077049251349 4.1646158192282465 5.520900374995254 6.429034699462733 7.013821938091991 7.378280528045083 7.5999098467044295 7.732487436102795 7.810715358319633 7.855506685877274 7.878555976055454 7.88561921094688 7.878417602929903 7.8552569805128085 7.810417305395134 7.732254811578554 7.5999200832015275 7.37876969450865 7.0150351941095135 6.431091910323143 5.523510849401223 4.166535730935598 2.2229895320817383 -0.4357541757215217 -3.898522452296928 -8.169305698506 -13.053778957520045 
-13.583419731991507 -8.993257026246788 -5.144148007652485 -2.0770440929265135 0.266853224525236 1.9703829567828155 3.1462349565216767 3.918190103929003 4.401806197541397 4.692446103691558 4.861249631729337 4.9568488856243125 5.009983442760054 5.038710105091099 5.052841711846083 5.05708077555893 5.052812204818207 5.038682643734427 5.010033912633742 4.957121355930457 4.861985764910718 4.694007865042818 4.404670781382718 3.922884657553263 3.15315476992755 1.979307079051694 0.275738317527969 -2.0780622703342835 -5.1776755472205 -9.053869467269072 -13.646486068842842 
-14.570003319103066 -10.4476401195863 -7.298472229080286 -4.761009528460374 -2.807460433723416 -1.3884439185327337 -0.41566734706687397 0.21483388909224232 0.6022719634069401 0.8289040283982727 0.9558525704701278 1.0244942203180947 1.0605991511386097 1.0790162020321352 1.087634964080845 1.0901539836098932 1.0876490272061292 1.0790778934898364 1.0607908926999687 1.0249776365393082 0.9569117515116319 0.8309959903839833 0.6060762651210745 0.2212982880307079 -0.40527771229406684 -1.372459877381684 -2.7841804842675195 -4.728577219378983 -7.298305122798262 -10.604116803213621 -14.689239446522969 
-14.901777254410195 -12.635051739873115 -10.418954274569955 -8.49285948441256 -6.980611502885721 -5.876693791901073 -5.121604753722387 -4.635683137717447 -4.340628703772457 -4.171032796795039 -4.078335338900016 -4.029848663626765 -4.0054042739286455 -3.993528777689763 -3.9882199786849406 -3.9867078763210553 -3.988193800832057 -3.9934453721558634 -4.0051864414386396 -4.029342070802195 -4.077261138399429 -4.168923862213199 -4.336745247327608 -4.628882765311173 -5.1100740034076075 -5.857315833131958 -6.946839562214021 -8.432690987658125 -10.260746419188697 -12.632929100558188 -16.00003018664932 
-16.490524359777783 -15.961503503478411 -14.50615766269128 -13.180704805237776 -12.124118843996 -11.350110170409526 -10.820778506861815 -10.480983388212437 -10.275586279890046 -10.158329665122523 -10.094867051403906 -10.062125134404889 -10.045918962386406 -10.038219916985344 -10.034854264620375 -10.033908281700992 -10.034832164247597 -10.038152359279325 -10.04574760643175 -10.06173251310737 -10.094038776976587 -10.156701322010099 -10.272568064850983 -10.475633145934209 -10.81153042050338 -11.334015719845791 -12.09506645096002 -13.117781907276415 -14.385365069800239 -14.855294136237784 -16.484638742356825 