Step: 1440.0
11.947862332614983 11.823149328285087 12.38818199003846 12.985223388828766 13.613084102122064 14.201017278215955 14.720558708399324 15.161992636936901 15.525743174392739 15.817344980399467 16.044597353015252 16.215820503314983 16.338739347447785 16.41975155107741 16.4634448459446 16.472281065965063 16.446394307515362 16.383471860314682 16.278704375593623 16.12480751045221 15.912130820402027 15.628880758873814 15.261494682658741 14.795217310306418 14.214966986781148 13.506666099484907 12.65957499029549 11.669672694122786 10.558713240651178 9.205138524168284 9.195387805989384 
11.32952706682752 10.920278124761946 11.439771381680055 12.159056830741067 12.872359128431716 13.527898643657505 14.101282976757014 14.585783611161641 14.983723168848119 15.302087594586533 15.549874626010753 15.736416087875021 15.87027288681343 15.958495998204913 16.006132591031 16.015899966176505 15.987976255366593 15.919876852963515 15.806403290754053 15.639667364760664 15.409207066518032 15.102221519256032 14.70396025549722 14.1983118791339 13.568659012655093 12.799140027966969 11.876545221065054 10.794624250599073 9.55203866275427 8.304812053163369 7.316009313482197 
8.44868825196332 9.369607368969984 10.32510708488647 11.256784990094673 12.111499196074304 12.863267554354271 13.506172116507358 14.042455694737724 14.479503578275278 14.827428922566968 15.097352170057047 15.300140927707725 15.445497899150693 15.541311969946479 15.593207153087242 15.604237514818573 15.57468881002305 15.50196134634053 15.380523520403893 15.201940129840244 14.954991916942078 14.625910778218033 14.198757156803472 13.655961622803336 12.979042365413656 12.149483318835664 11.149793885377436 9.963888599052462 8.585153049579391 6.981223008042217 4.692982077941081 
5.383888543446417 7.66106574736077 9.137754863677369 10.341884691410089 11.361195702088219 12.223755544968906 12.944801772130527 13.537974743181813 14.017111478521707 14.396313995323387 14.689350819677546 14.908946754326191 15.066144973052396 15.169798509438916 15.226193280056972 15.238783719679418 15.208018039575695 15.131235788440163 15.002631298990035 14.813288990801007 14.551306785049215 14.20202853368582 13.74840167235836 13.171457445328038 12.450867522684788 11.565442696052484 10.493157100463456 9.210158161038457 7.681256872925227 5.815052468458473 3.5296177298713935 
3.970022056501581 6.25728520439606 8.060569411174018 9.488316642198754 10.660452721739915 11.630307686240801 12.428916637238176 13.07910721195972 13.600528067875768 14.011116191363554 14.327292081570935 14.563680535736259 14.732710292507262 14.844237851778136 14.905246050224353 14.919624539633485 14.888023149853792 14.807768339173403 14.672840436911661 14.473919805267133 14.198518674547522 13.831217721530374 13.35401769787697 12.746790281856024 11.987758126864748 11.053821391810905 9.920349351846038 8.559215209545073 6.932803956352316 4.998336972522361 2.722261203961992 
3.006878729045504 5.287136775202103 7.187380832320097 8.752816858127323 10.040892808871249 11.101213178405542 11.968971776986159 12.671694490126571 13.23282806043124 13.673226456493323 14.011527822729951 14.264045783841953 14.44449023809119 14.56367120353579 14.629249599072372 14.645552674646156 14.613452066661534 14.53029910320729 14.389917973084115 14.182666974450283 13.895586160865573 13.51265156227186 13.015147260236201 12.38214240826153 11.591015340812053 10.617898555402776 9.437809713786892 8.024285397357295 6.350297894329698 4.392480858317416 2.140554817951307 
2.3241390442262806 4.579725787627289 6.517529630001648 8.153378030580969 9.518475811603333 10.647251169812849 11.571513851282367 12.319246239538348 12.915460955661741 13.382725520495352 13.741236923929986 14.008629104844793 14.19968358624789 14.32604507002813 14.395988942950375 14.414253481604682 14.381933827774219 14.29643281970288 14.1514704053621 13.937163539590102 13.640197301155846 13.244111053543076 12.729717303028217 12.075653640646655 11.259041947991424 10.2562051988726 9.043426578967146 7.598039335851586 5.900455253600691 3.9378103382578638 1.7086907782438814 
1.8255823730894305 4.057250552360234 6.007502453381425 7.680552647484123 9.093585809286825 10.270687799860843 11.238205089924096 12.022299784193166 12.647909267390558 13.13825890486624 13.51444482967828 13.79501243380612 13.99556189011169 14.128417599399052 14.202378269576892 14.222546321865517 14.190227099251302 14.10289012332714 13.954193517948154 13.734084576574697 13.428999913264924 13.022193788618644 12.494220430079702 11.823585497569857 10.987568351060407 9.963216499595477 8.72856228919203 7.264199442987826 5.555405824950992 3.594797638072656 1.385052230970825 
1.4577721208385535 3.6690498488727186 5.621668440087022 7.3144128579014565 8.757093976472998 9.967145588108798 10.966391232016175 11.778590929442732 12.427783978130641 12.937154542902363 13.328183892478725 13.619972172509522 13.828697995015599 13.967207738689142 14.044724179161538 14.066657456140035 14.034499958319492 13.945792674369969 13.794162315466016 13.569442632475925 13.25790581819155 12.842637065821847 12.30408496630927 11.620812737939753 10.770464612317568 9.730957073334704 8.481910601324968 7.006340681707094 5.2925813229765 3.3362832180519337 1.1421327573569235 
1.185730015672748 3.380669999985606 5.3317357820571205 7.035001074625613 8.496166162509585 9.728495681748115 10.750497793459362 11.58378020051331 12.25126219360111 12.775744132157126 13.178772398536196 13.47974614172355 13.695232409346517 13.83846492862421 13.91899988284595 13.94249927896772 13.910614971228167 13.820955696412392 13.667134030467409 13.438906675965999 13.122435962866481 12.700709183378763 12.154152834369123 11.461470512936323 10.6007181980536 9.550612303998076 8.292045032527184 6.809751549536342 5.094023216757135 3.1422877266679907 0.9603054004306794 
0.9847989394343227 3.167108937325966 5.115520761373047 6.824625319283157 8.297681671402408 9.545267294368262 10.583538342189684 11.432388114385144 12.11370059110055 12.649803501178857 13.062163776432522 13.37033534615134 13.591150860644182 13.738135046851346 13.82110677719195 13.84593229082403 13.814395529320414 13.724162995684098 13.56883753775753 13.33811428309323 13.018068359283282 12.591613941268665 12.039174380394979 11.339592096380605 10.471285025544745 9.413626047805677 8.148486034683017 6.6618427762037955 4.945320147059511 2.9974908894535726 0.8247643169732396 
0.8365976499970991 3.0094308785583737 4.955454787577594 6.668320467868043 8.149661604289191 9.40818639819765 10.458334352439085 11.318681423235718 12.010271437449479 12.555021931213705 12.97431056657514 13.287803438503536 13.51254542585482 13.662299835763546 13.7471029722259 13.772990277666066 13.741853818931355 13.651403855800853 13.495226485553458 13.26295055926062 12.940555539263531 12.510863125909172 11.954255307942539 11.249647182555615 10.375713774089402 9.312328746842821 8.042126234311164 6.552055895227599 4.834778061374331 2.889748952937273 0.7238753524652358 
0.7267726583221877 2.8927350533421925 4.837419677536391 6.55368830318962 8.041833613044439 9.309041323080926 10.368377536662296 11.23739593559738 11.936526612840373 12.487432681964306 12.911496371706827 13.228541233622565 13.455835531776328 13.607371520519576 13.693383517410915 13.720054833145866 13.68936670967448 13.599057195572188 13.44267965392439 13.209774470917484 12.88618854353022 12.454590277500937 11.895228260963833 11.186965213747154 10.308582644777795 9.240297561068749 7.965370270342058 6.4716322484741635 4.752750791132006 2.8090886887439233 0.6480999980198673 
0.6434675016716852 2.804723968735952 4.749794867254568 6.4705698597067185 7.965832455570676 9.24119032243975 10.30843001220813 11.1842933560308 11.888855300825373 12.44376708361126 12.870604278649557 13.189472548968245 13.417931772952167 13.570230410028163 13.656803178305552 13.683971594496983 13.653792154923607 13.56401473173899 13.408138640071831 13.175580816242189 12.851994810700988 12.419795836281088 11.858950455235988 11.148073620538726 10.26583467308973 9.192603703345513 7.91217831507251 6.413348162536739 4.691037608115482 2.7468598901237007 0.5891057860419988 
0.5759649085522888 2.73442493967542 4.6825839967544365 6.410706845722288 7.915319609610717 9.199952570473869 10.275000829670207 11.156602192103206 11.86483793644127 12.421716735736188 12.849303561984145 13.168186566927417 13.39633250790916 13.548299560755456 13.63473865400257 13.662106495391466 13.632524521909737 13.5437405442952 13.389178431999396 13.158091500305453 12.835863383793004 12.404521837677912 11.843540738149192 11.130996211389384 10.245103967929161 9.166082837335146 7.878148115525141 6.371272285516851 4.642256511705685 2.694815538052623 0.5387881446739495 
0.5130450448456197 2.6706894649985182 4.62650469272851 6.367522208969998 7.886265593441652 9.183098975301471 10.266830038586734 11.153396293948237 11.863505617873882 12.420095179681802 12.846142934731855 13.162988019375067 13.389149009937675 13.539556140709442 13.625092455257771 13.6523454654304 13.623492162212985 13.536268941229716 13.384010155497327 13.155772058955678 12.836590748121774 12.407950852295814 11.848562237387819 11.135547821403243 10.2461239565339 9.159782001982663 7.8608132096853485 6.340643005472811 4.599113254513388 2.6438466566883765 0.4878711458163372 
0.44033352430611866 2.5999624256164093 4.571964634069547 6.336334297445026 7.877751499057591 9.191681672493411 10.285468710037687 11.175926131502397 11.885492389342891 12.43888193644288 12.860537938001853 13.172859569562876 13.395059400030643 13.542483807368463 13.62624514983506 13.65304524605961 13.625104538139377 13.540146109281014 13.391417796844168 13.167769342969494 12.853835399635546 12.430409647248405 11.87512966562492 11.16362261928418 10.271277379339931 9.175786297838174 7.860483027511213 6.318170919661308 4.553512302447685 2.5819157408288302 0.4234209164272737 
0.3351971272325178 2.502040352052059 4.5083364135917305 6.315802587958773 7.894041265190866 9.231347212166778 10.335925550077937 11.227835988615974 11.93302479407588 12.479114336405896 12.892636347086484 13.197333122009576 13.413195846358779 13.555974737360406 13.636966562595187 13.662946538073856 13.63615969302943 13.554324488297695 13.410633534407358 13.193766598977856 12.887963034020721 12.473238244202825 11.925876653283328 11.21939486688625 10.326239519010796 9.220549952813126 7.8823612280579765 6.30356166287088 4.495935909278705 2.4899350762068435 0.3238601654357357 
0.1513946868320274 2.343488891601284 4.423764387354184 6.314735997006742 7.948150659356647 9.313917514158751 10.427123590151062 11.315088612530017 12.009645657482329 12.54257837104171 12.94304615479289 13.236272404685902 13.44297544365229 13.579194671391031 13.656300062575347 13.681063703214132 13.655726116581464 13.578022961542336 13.441161391276951 13.233756754607143 12.939763957015042 12.538470510086192 12.004672228866632 11.309243001303114 10.420445652667928 9.306503921491752 7.940160361825368 6.306388982843522 4.415332413867532 2.335274277561899 0.14370809578563928 
-0.1989942625840888 2.035075838815744 4.338946730386651 6.362488819661495 8.06578566546549 9.458332278461091 10.57165648324687 11.445325977462458 12.119546405891603 12.631255553937564 13.012424629779522 13.289582110255623 13.483894259800369 13.611429756253044 13.683437145034558 13.70656748833511 13.683015980275497 13.610571087267504 13.482567629638815 13.287747335675256 13.010038211203524 12.628278785181617 12.115954631972153 11.441118192096644 10.566864230981682 9.453026676036627 8.060081323084134 6.356543618969744 4.332956720386477 2.029266171424141 -0.20442540024175718 
-1.4730363794981423 1.6994562080022821 4.3328239496056975 6.517211910303515 8.286288826842888 9.689627734327507 10.784223397957991 11.626393313218118 12.266417606760228 12.74652505083295 13.100961269282156 13.356881110101753 13.535315963887525 13.651939186660659 13.717601253816097 13.738677914582821 13.717268409125918 13.651260751606575 13.534268209025662 13.355432793524498 13.099078672805886 12.74417828542598 12.26358770629651 11.623079488828528 10.780449786712431 9.68544901432003 8.28179406592459 6.512525938137672 4.32810613073168 1.6948984303927985 -1.4771706490664058 
-7.86297663350219 -0.0037730489065196104 4.510120369115608 7.57556790232627 9.661710767619066 11.062151914011883 11.995719431202971 12.621684496631246 13.047552340073 13.341491810656123 13.545643639405512 13.686484354947934 13.78129541758943 13.8416225650762 13.87496622224953 13.885584351568653 13.87485871737991 13.841402725170129 13.780954203799137 13.686009741906718 13.545022315684035 13.340710959017063 13.046600727050429 12.620552223449808 11.99439713735334 11.060632857506471 9.660000363018682 7.573702016214874 4.5081869679396895 -0.005609164773264126 -7.864257806649094 
-8.688814694858577 -1.0436172064304876 4.52377956166713 8.186014513744885 10.503813389454777 11.906320658624733 12.728240840959499 13.206173862903032 13.489602945106656 13.664046103337313 13.775316558899572 13.847615357676233 13.894258343080448 13.923040710646141 13.938623906430069 13.943539001379747 13.93859218643188 13.922975646898259 13.894156900652609 13.84747352537003 13.775129887156943 13.663809601871682 13.489308132512539 13.20579973250083 12.727739363192942 11.905608554638325 10.502793454170767 8.184640677999235 4.522145673179318 -1.0452193612721792 -8.689992285804843 
-8.776431509455332 -1.0344025093550007 4.760166107746499 8.658333122665002 11.052113327875997 12.412962493333145 13.138610872595269 13.510932902981342 13.701923373590617 13.803947758583753 13.86195779976474 13.89672381656696 13.917981223609942 13.930636968043268 13.93733247732339 13.939421193348915 13.93732394348549 13.930619415942312 13.91795377682809 13.896685489867519 13.861908076182266 13.80388666230241 13.701846385449738 13.510808486414453 13.138328959984042 12.412278050669542 11.050665457770165 8.655834978229993 4.756722719269842 -1.0380699475318276 -8.779199102507018 
-8.356184445193701 -0.43937065109972734 5.335761829926798 9.17854589713464 11.476537828603878 12.716744675590421 13.328144103079522 13.609569940139426 13.735276542106808 13.792848599729306 13.821303304502345 13.836681656308615 13.845479454712565 13.850504625445256 13.853096718507496 13.85389565016423 13.853094648629149 13.850500356663495 13.845472784697204 13.836672663269752 13.82129378925488 13.792845393541134 13.735291695988417 13.609591009433897 13.328012492171448 12.715921498090248 11.473993034547929 9.173151942882493 5.327361244560862 -0.44904857756489225 -8.363638112950834 
-6.983415109462604 0.6506990724195103 6.222327271826583 9.806884113684847 11.837239169755614 12.852917417162901 13.305487396052483 13.488324178133935 13.557753076113553 13.584169015770888 13.59509803383251 13.600260884757054 13.602975060492739 13.604448967371718 13.605186613051808 13.605410681082695 13.605186258326013 13.604448229191195 13.602973889912835 13.600259539033424 13.595099519483275 13.584189003459095 13.55784202099768 13.488572198514758 13.305870700422707 12.852686399239143 11.833970470690792 9.796966105204167 6.203697811957427 0.6270083073481011 -7.003163942938706 
-5.959660977892172 1.3318233250576048 6.6286460032765655 9.90746219326673 11.662498155929075 12.477761456371837 12.806732057317822 12.923007243676535 12.959958033506878 12.971201585582168 12.974871789585473 12.976307320679714 12.976979239569 12.977320193727536 12.97748393031116 12.977532652941031 12.97748389397559 12.977320112081605 12.976979056215203 12.97630714441014 12.974875184698037 12.971234182574596 12.960128587619861 12.923616601344516 12.808251193738284 12.480070119705386 11.662097095816064 9.894403174339526 6.594539495396813 1.2802197471372097 -6.00467663815355 
-6.038063476041228 1.0900328050992074 5.987143567847752 8.88064792237007 10.370757979815378 11.029457755895752 11.277078238188995 11.355886792056976 11.37724599778975 11.382365112911339 11.383587340466113 11.38394640534908 11.384088612617663 11.384154786265 11.38418497535562 11.384193731448983 11.384184974476256 11.384154778476429 11.384088506958184 11.38394613318327 11.38359122818172 11.382412210753436 11.377530365438622 11.357058317626935 11.280645041126363 11.037474359899678 10.382887006583585 8.880395890840752 5.9303553954838515 0.9822772077700092 -6.151727931193006 
-6.886172032284865 -0.20097435281891826 3.845191604002816 6.215473285267477 7.424182630926537 7.946449417945731 8.135161954011 8.19137403761004 8.204963920123404 8.207609638251236 8.208046571132712 8.208127548010998 8.208152510480057 8.20816310651982 8.208167627528857 8.208168889953843 8.208167629759272 8.20816310676095 8.208152393313977 8.208127078084209 8.208050421293537 8.207667422341231 8.205347459836887 8.193097668516588 8.140994975426805 7.962052548537454 7.457087623244933 6.271878528848548 3.8451679923837987 -0.49366452509875397 -7.115432829080264 
-6.7888630749986465 -3.1493056875799 -0.3814197135706838 1.3785370690477141 2.292004326224999 2.686189202474005 2.826438987080624 2.8668818751410035 2.8760574474754286 2.877616237283135 2.877799630700431 2.877814913981883 2.877817814233844 2.877819195687301 2.8778197422327243 2.8778198812460656 2.8778197445631943 2.877819197994371 2.8778177001619287 2.8778143612276232 2.877802941334613 2.87767435421802 2.876466575411867 2.8688151011903757 2.833391466801052 2.706354685019398 2.3423216331109127 1.48593888446119 -0.08847918722236518 -3.148878282510846 -8.800731353388686 
-9.433853118710903 -8.780081814347682 -7.0061668377505155 -5.816235696989474 -5.185876076912778 -4.91295462008445 -4.816140652774986 -4.788494928358618 -4.782354851296134 -4.781363211528329 -4.7812639957214875 -4.7812609193223965 -4.781260992663483 -4.781260753774421 -4.781260660074157 -4.781260641998822 -4.781260658278141 -4.781260751451675 -4.781261079874677 -4.781261370050804 -4.781261592961585 -4.781318140174971 -4.782030599088388 -4.786933182944731 -4.810414111639813 -4.8957583747556255 -5.141909788722492 -5.7028301403038 -6.776751874312886 -6.765582921789282 -9.431716860714769 