Step: 3375.0
9.986296663508087 9.796529924736348 10.376416988260532 10.981016055998698 11.65245524314918 12.319221816840045 12.947660133699035 13.520029051181067 14.02740412016708 14.465535994404012 14.832687866580994 15.128419023095494 15.352863188430113 15.506276896026252 15.588745252424003 15.599986669253347 15.539225257656808 15.405113343425075 15.195693659011868 14.908394708913507 14.540055789951495 14.086982167869468 13.545038839897396 12.909808664637726 12.17688141414484 11.34242202636901 10.404502900487305 9.364764145487133 8.245651180759547 6.875769320904779 6.940981034146882 
9.328088307067288 8.790188996581731 9.25969243410581 9.982300156190979 10.739936873424124 11.479642356332398 12.170379801681161 12.796453209700806 13.349918305915004 13.827083839793966 14.22656608455302 14.548170342239976 14.79220820679075 14.959059812023462 15.048882782171962 15.0614160804612 14.995850540777317 14.850749955151198 14.624012785967736 14.312867905304552 13.913900162105062 13.423104753995155 12.83597566824059 12.147647351536968 11.353138706031476 10.447829336762808 9.428355166115082 8.295757642931092 7.049848607366949 5.860739278627446 5.021163079761931 
6.335372766162627 7.108308958031244 7.987361937713806 8.906178039882857 9.802050521544171 10.640686352409242 11.40761514613849 12.094779027525762 12.69822162862851 13.21641184949746 13.649210929673572 13.997182791918478 14.26112184226504 14.441720626373815 14.539332534911287 14.553803556768578 14.48435774798536 14.329526766509312 14.087116562549728 13.754205425330378 13.327167983728934 12.80172017368837 12.17298132875945 11.435552029571493 10.583611595351647 9.61103603804996 8.511634637736986 7.278739251256202 5.915025812099547 4.399065139879585 2.281408744678528 
3.133852021420905 5.247727114011994 6.6325859141815915 7.812550841781816 8.868286786276585 9.818890541128678 10.669264457775263 11.421473202181922 12.076912672314098 12.637056938869184 13.10353157293862 13.477982774369387 13.761893495888152 13.956403964773369 14.062157149092625 14.079176362877194 14.006776975978694 13.843511654277117 13.587146699362561 13.234665176898206 12.782290308656316 12.225519659773479 11.559155941704189 10.777310985275184 9.87333689303667 8.839588237720342 7.666697203837577 6.342177808920596 4.8407902556587254 3.079055870260743 0.9788593678198186 
1.5675454939833315 3.6783066216808185 5.377838219833589 6.7728634691413765 7.977414680895561 9.035910148868451 9.968289400258996 10.784776223267894 11.491575748623891 12.093054437776791 12.592630949597014 12.993096334297087 13.296684844862055 13.505039335227849 13.61914009878417 13.63923134741295 13.564762568313753 13.394352761916675 13.125779678549524 12.755991576203618 12.281134542410458 11.696582942109698 10.996952194097144 10.176057666278233 9.226751812498351 8.140493600954239 6.906358883865812 5.508336887977006 3.9185767298658556 2.1007102627402214 0.022977716936817702 
0.4431916703646854 2.5337968229112744 4.319721872892267 5.8451922052192415 7.162319815239799 8.31181273705923 9.317294025340452 10.192918284606966 10.94781600488387 11.588401840517218 12.11950067778815 12.544872297336113 12.867425812758023 13.089279264233491 13.211748483423738 13.235311909110234 13.15957734998567 12.983264404130495 12.704208094932314 12.31938301908276 11.824941551198997 11.216253230632963 10.48792377812139 9.633758538323473 8.646611086553 7.518018041934713 6.237432837544912 4.7909164797475805 3.1610763969959232 1.3302982446498706 -0.7107220176743461 
-0.40507148008304833 1.6476950393176768 3.4611354362491626 5.050427777820178 6.441619909789814 7.660134225458394 8.725790833336776 9.652554169064503 10.450355406501838 11.126531242466035 11.686711346563714 12.135300455244176 12.475708954547102 12.710439746670083 12.841101684314792 12.86839396597509 12.792088780231264 12.611027891676532 12.323140477699141 11.925482868592175 11.414294931734998 10.785061943977823 10.032564312919247 9.150890109573757 8.13337855650493 6.9724632227142225 5.659440075086958 4.184503169315186 2.537722247027952 0.7117319097543414 -1.2942723021949627 
-1.0696353506777254 0.9461512509538219 2.7623351956674562 4.382637867204013 5.819087112163039 7.086552874005184 8.198966717336534 9.167876656905714 10.002442159898381 10.709932102061048 11.296178415527205 11.765870728998353 12.122708738432037 12.369458359512388 12.5079548934429 12.539086490824904 12.462781103471025 12.278011498868313 11.982825766949604 11.574404699461835 11.049142131219023 10.402739678951885 9.630303643025716 8.726430648018878 7.68527425012239 6.500610138350683 5.165993819727425 3.6752181939365993 2.0233507846424152 0.2084504050833132 -1.7663718903827037 
-1.6005330764927004 0.3821100708239849 2.1913359537313584 3.8255125201195037 5.289202503560973 6.5903512323255455 7.737924607744416 8.740493266393754 9.605665061224085 10.339993420150236 10.9490506110241 11.437503434310996 11.809144386336248 12.06688121680989 12.212703972568553 12.247650249972228 12.17178566936126 11.984211339855658 11.68310473802875 11.265795457984947 10.728872902346184 10.06831948923769 9.279661168873442 8.358128876669667 7.298833962808274 6.09698417369416 4.7482048932301035 3.249065001539657 1.5978875539525796 -0.20418930298358312 -2.152131273988392 
-2.029797314003063 -0.07572495542398253 1.7231311708723718 3.362462161008534 4.8425789411447875 6.166946272796819 7.340755625744126 8.369857706238653 9.260113561515054 10.017057589259249 10.645727798252915 11.150559596603511 11.535293310386423 11.802883213645705 11.95541384186036 11.99403525896904 11.918928754631757 11.729311626107776 11.423485957366864 10.998932432311893 10.452446626527351 9.780312344332817 8.978505173934899 8.042920926434741 6.969630034647459 5.755171351741852 4.396913519612854 2.893516636663827 1.2455036419702123 -0.5441094405708089 -2.4692526207691095 
-2.3797049246589532 -0.44978625616637213 1.3382602691994674 2.978652672627139 4.469088676859818 5.81000686976166 7.003770779853006 8.053947056653989 8.964748192691712 9.74062822752921 10.385984561201118 10.904921620250335 11.301050794035023 11.577318841209106 11.735867811566154 11.777933915401835 11.703793118151204 11.512759499193105 11.203239751880693 10.772844205060267 10.218551713750596 9.536922946869202 8.724354382038245 7.77736433849741 6.6929033366473325 5.468683993959083 4.103528659311871 2.5977317496629944 0.953423410329901 -0.8250988915867506 -2.7311260819371155 
-2.6669265818712122 -0.7571510031812746 1.021159008280288 2.661276245886712 4.1590796077434256 5.512774685035881 6.722509482740471 7.789948504483329 8.717848855175397 9.509660823342479 10.169161320714945 10.700123147946782 11.106023234202693 11.389794955525524 11.553631018638496 11.59884350939105 11.525786749086885 11.333846986459317 11.021500964611832 10.586443142365235 10.025778776967943 9.336277070251302 8.514675001875993 7.558018212324365 6.464020402656987 5.231417667993867 3.860290334850911 2.3523245503090022 0.7109915154193129 -1.0583657296693354 -2.9485330599205364 
-2.9048444783058436 -1.0116545422346712 0.7588903690855091 2.3992636028110543 3.903796135179636 5.2687811804589595 6.492458424341626 7.57484888965137 8.517455951442733 9.322877944917224 9.994384879743393 10.535503076815909 10.94963788022118 11.239753077828924 11.408118070184543 11.45612934854963 11.384210198927468 11.191790848017726 10.877369937817154 10.438656818745455 9.872792245208354 9.176642107431423 8.347154131795097 7.381760117249143 6.278795370084327 5.037892971317482 3.660297361152733 2.149039149837698 0.50893306437087 -1.2535917454401437 -3.13076014487683 
-3.1051020994126906 -1.2253510918442538 0.540140458035346 2.1828809611959943 3.695489159953996 5.072262921450808 6.309568678921836 7.405922142374507 8.361770642414234 9.179072819946992 9.860787811334959 10.410359894728217 10.831250869121632 11.126547084614398 11.298653340083494 11.349078301022269 11.278312667644547 11.085800099120235 10.770000667635205 10.328546529592016 9.758488810428924 9.056632547554852 8.219951745750892 7.246067403845197 6.133755240382282 4.883424131238511 3.497474424899313 1.9804240881091961 0.3387150106074243 -1.4197938538950332 -3.286493546838562 
-3.278915456296268 -1.4097582931342914 0.35434199715253195 2.003349511164665 3.5274736153344888 4.918494805851338 6.170695153928153 7.281156912582369 8.24951263742403 9.077382260941413 9.767703890049592 10.324085394585756 10.75023605678622 11.04950202939599 11.224512034168677 11.276932209634944 11.20732666171066 11.015120627732367 10.69866479319248 10.255401204686853 9.682132537694619 8.975396237129432 8.131941900702714 7.149301966791102 6.026428039705397 4.7643301468916075 3.3665903666726997 1.8395461944179852 0.1919152012616818 -1.5662107550513924 -3.424751191199201 
-3.4385687036176087 -1.577238667095134 0.19079936165373917 1.8525812931186116 3.3943341382023946 4.8042255984763305 6.074072577902262 7.199671221249092 8.180241208021851 9.017515635848879 9.714820385919921 10.27625895978351 10.706038480682661 11.007940824335494 11.184930983287746 11.238891363993945 11.17047158356139 10.9790465219265 10.662779723174713 10.218793865019569 9.643454167218458 8.932773463987772 8.082948139743516 7.0910304304675735 5.955730780358634 4.678312894316138 3.2634654074135065 1.7198089174977444 0.05951290219795295 -1.703461595046677 -3.556147427181254 
-3.5997189744563127 -1.7429667056865055 0.03771957729031355 1.7232636447730618 3.292558867405145 4.7284124107218615 6.019908053890253 7.162133248385634 8.154630397422164 8.9999206685713 9.702266637648467 10.266684260301888 10.698177815193626 11.00116739077703 11.179080097827088 11.234080094830343 11.16691817693247 10.976888658768843 10.661889003847236 10.218585576865914 9.642696527551898 8.929409643881007 8.073958529674158 7.0723843256584065 5.922512000044276 4.625166729949948 3.1856200870207187 1.6151014978747529 -0.06896751917070588 -1.8453689104974609 -3.695050522573891 
-3.7856987915318143 -1.9285508194888115 -0.11855444774311996 1.609902322385161 3.2221955069545367 4.6933777911569905 6.011084013270888 7.171149466063813 8.174659268703508 9.025853692470504 9.730614091537461 10.29535030565116 10.726189280254266 11.028397834024068 11.205988639251341 11.261469722588526 11.195708581852344 11.00789320880463 10.695583744817272 10.254859978015947 9.680581306210792 8.966786957814564 8.107275051234295 7.096410386999733 5.930227197096526 4.607926612680472 3.1339479392242073 1.5208894936400663 -0.20614647666704233 -2.0124824177032115 -3.863785427289651 
-4.040141554135558 -2.167575344143949 -0.2939975747327468 1.5141156834134784 3.1896872343165845 4.706241559116806 6.053804483379071 7.231506003201221 8.24364507037904 9.097309418123968 9.800760047449858 10.362300353264184 10.789493054108972 11.088635626099364 11.264425145195727 11.319758727240986 11.255631123542726 11.071106506813198 10.763356560801766 10.327771821050215 9.758168324491102 9.04712716947297 8.186520058010402 7.168289305549543 5.985571149147522 4.634298863724809 3.115565457839467 1.439535460084743 -0.36719016294831686 -2.2375518420199327 -4.1051756913046535 
-4.441477112825256 -2.5405164571549728 -0.47994095684114524 1.4525145258802439 3.210986438375726 4.779975203546471 6.157855715214954 7.350094736376617 8.366030790493799 9.2167624529861 9.91366998238334 10.46739719004966 10.887189263674705 11.180493100208025 11.352736142245814 11.407216198240052 11.345055047611853 11.165188654144961 10.864384954955792 10.43729740769511 9.876580701667688 9.173115218509345 8.316407362775115 7.2952495731031615 6.098733359931434 4.717719501602629 3.1469382223435773 1.3881941261062551 -0.542873212991351 -2.600331334342268 -4.4969823244783065 
-5.613430881477738 -2.955914314024783 -0.6244898466893201 1.4624469518024477 3.3123512459509654 4.93320466617212 6.336131496505019 7.535373903222106 8.5468554276204 9.386685487008242 10.069963777028327 10.609982845434097 11.01778458915265 11.30196993324475 11.468656635834408 11.521502235411898 11.46173815335101 11.288186378880647 10.997249773499306 10.582884115374949 10.036579733955435 9.347406259271352 8.50220339762786 7.486023119116604 6.282924478245613 4.877165454503514 3.254693109826257 1.4045731303491347 -0.680988392780541 -3.009247792369324 -5.661260634356394 
-11.450546871031367 -5.13710058297731 -1.271168118388086 1.6891773726547619 4.047484923637366 5.940270236727159 7.454885312509646 8.660018037829364 9.612964095815109 10.361021592638014 10.941867797812348 11.38427583394582 11.709282283422512 11.931536821092902 12.060546501306817 12.101630489133875 12.056505515881534 11.923482774572056 11.697274932022204 11.368413376852748 10.922294056335307 10.337931522438957 9.586607056445011 8.630702455218731 7.422994325861427 5.906301864761248 4.012127011801588 1.6534194062529308 -1.305866522637464 -5.168415411670092 -11.47237442944577 
-12.528711161260631 -6.542573106195735 -1.8177447366334643 1.752500457969433 4.493214222527642 6.5905478450209705 8.181172997420939 9.376097625681378 10.267113084861995 10.927992849953247 11.415413465780775 11.770842197980894 12.02318639760611 12.191604180461287 12.287962559020201 12.31865827235881 12.28570839246748 12.187111164816658 12.016487134624183 11.76198873072911 11.404476288763068 10.915052935127989 10.252245520896851 9.359353491304072 8.162580728980632 6.570169694843276 4.471291305083562 1.7296873284010554 -1.840095206469293 -6.562027103017431 -12.542386395457784 
-12.935016815936093 -6.990788175219116 -2.0824754298826313 1.7764999379384538 4.720470038185725 6.918592882543847 8.525613658648464 9.679080156484872 10.495686876227712 11.068952794180165 11.469478466766962 11.747568333982542 11.937162204066789 12.059951780491794 12.128898782788607 12.150783980526304 12.127707603414063 12.05758063655937 11.933635075658579 11.74292259861557 11.463759438004647 11.062194780596256 10.487874282148567 9.670091264445935 8.515174883047608 6.906313921794255 4.706051804425677 1.7601499695104958 -2.0995613180834685 -7.006284474889206 -12.946026816684753 
-12.966089843392364 -7.016909273167043 -2.124640451227829 1.7703182955928656 4.742294151002329 6.924773794941591 8.474560009081904 9.543755820707167 10.26492244952177 10.744156038912159 11.060247658087292 11.267896530991276 11.402821627825965 11.487028935571226 11.533191239405253 11.547734410107363 11.532613093526313 11.485884912751128 11.401139272355856 11.26572175337566 11.057640877712311 10.741169028962966 10.261539416197788 9.539785778973053 8.469491195183188 6.91767985539848 4.732030839220108 1.756212388097618 -2.141739599569591 -7.034036983293126 -12.978694721534398 
-12.439239266590151 -6.839916256492779 -2.1110390322701846 1.6611954540493044 4.513833324448931 6.567698148963881 7.981594426963063 8.916718508091728 9.514846879028424 9.88816649938421 10.117942497872361 10.258662955039641 10.344433005444143 10.395291002573162 10.422233677092903 10.430610762510467 10.422011165620956 10.394861470082898 10.343833832168949 10.257963673129318 10.11725130493576 9.88761638764574 9.51453278837802 8.916546279809335 7.98100425626695 6.565258518521017 4.5070074960670645 1.6473349653337892 -2.132401376022857 -6.864507292677896 -12.458975303759145 
-12.179188613343532 -6.9734420309358764 -2.504380850311938 1.0376630444602888 3.6839749937038824 5.557203186875693 6.815556817334411 7.620292437664336 8.11291604108052 8.404002743009165 8.571935185221147 8.667731905610209 8.722167900758327 8.752563831317087 8.767998857282983 8.772710355366549 8.767926454720676 8.752438005861963 8.722036877711584 8.667692387601955 8.572154504214 8.404727265578783 8.114432355374456 7.622786542736897 6.818786061108499 5.55985974520394 3.6824098844752386 1.0251182017399851 -2.532120169646145 -7.012175285557793 -12.212271655548085 
-12.714497980672945 -7.804313093433192 -3.755126650472045 -0.604328223152745 1.732065705385238 3.3687924729272414 4.450257328661049 5.125295178668203 5.524855113841457 5.750602066588879 5.873578034330916 5.939041626553372 5.973525849916752 5.991444973176375 6.000055571404804 6.002614520506576 6.000043776393014 5.9914439975674805 5.9735950977354575 5.9393061828547555 5.874269731269349 5.752100930117589 5.527703936607083 5.130139534684497 4.457632648297958 3.3785450221658877 1.7419602729852393 -0.6051928454004875 -3.7916029530371147 -7.870606264520009 -12.783487581139006 
-13.724048198819467 -9.295170351150508 -5.978322332319179 -3.373008907021437 -1.429707133220211 -0.07155386948613723 0.8177018485363365 1.364034540784918 1.6798686308924178 1.852468913865056 1.9423122975176497 1.9873684039027804 2.0094401154888026 2.0200548290574747 2.024828401004833 2.026197722738733 2.0248385130924116 2.020099401807478 2.009584489117202 1.9877545448868679 1.9432150121770648 1.854368650370714 1.6835284703216695 1.370565682112086 0.8286075695992766 -0.05433295903601867 -1.4042818590886246 -3.337518257946524 -5.978182913618131 -9.465884584674658 -13.854575659322743 
-14.043619823077126 -11.610259607773076 -9.28092133245554 -7.306480243577166 -5.805105422825922 -4.751404779958653 -4.063841603590308 -3.6451567091367383 -3.4065947427703507 -3.2789862632002107 -3.214572791323662 -3.1836305006240266 -3.1693171566763754 -3.162888733820091 -3.160182212795249 -3.1594353460481632 -3.160166923646116 -3.162835475286858 -3.169164284296741 -3.183241559345873 -3.213676815385022 -3.2770918225303203 -3.4028758725595116 -3.638294165971051 -4.0517345855303155 -4.730520781934591 -5.768239733649979 -7.240629904463844 -9.108624872754561 -11.60826558426587 -15.237121280830229 
-15.75532236676422 -15.198776166469163 -13.671832387564915 -12.314788549356669 -11.266834463854336 -10.528895669055242 -10.047645995185427 -9.755499447694023 -9.589941630099952 -9.502117058465382 -9.458326323744451 -9.437663110198665 -9.42834246571626 -9.424290218974125 -9.42264155662276 -9.422196363720401 -9.422629052307174 -9.424248105797313 -9.428224033675283 -9.437364250082076 -9.457638361786996 -9.500656499734346 -9.587051126121198 -9.750095753087338 -10.037925933680466 -10.511536368986734 -11.235103892138573 -12.245967997996521 -13.539888248313515 -13.997601550177116 -15.74960534178556 