Step: 945.0
12.79289606481032 12.6865209933557 13.216511839963523 13.764502830355656 14.314848678838105 14.802386283093087 15.206458985176035 15.52586495779606 15.768966046227456 15.947934146180451 16.075580885030107 16.163625626648205 16.22183274254253 16.257666366273693 16.276222086686502 16.28026402535506 16.270249091111896 16.244266667294106 16.197864992554543 16.123777155800923 16.01160132208932 15.847531520010842 15.614275439253154 15.291333054838004 14.855852590670503 14.284353452888297 13.555936523083979 12.657228624482975 11.603293469190278 10.290875901826123 10.257192652645637 
12.196745517258826 11.832814336067573 12.34286369585057 13.011165388164816 13.641640795410863 14.188754275356215 14.637049368230032 14.989176599052714 15.256149589410771 15.452201541830672 15.591796393971302 15.687969818032283 15.751502784542836 15.790604647976856 15.810870794222643 15.81534107349893 15.804536837718164 15.77640179980159 15.726117000471884 15.64580432986561 15.524177285258537 15.34624139608872 15.093187268444478 14.742653091635619 14.269561329884972 13.647786787759042 12.852962620549324 11.868152138122461 10.684557646063597 9.446169851602487 8.399134121703252 
9.378687101238757 10.353572316214713 11.30942013837821 12.193692169157895 12.962156776364553 13.598638670218222 14.107521895917202 14.501502762456596 14.797515312933514 15.013592081466761 15.166809839865234 15.272064077167874 15.341465626611877 15.384152558510417 15.406330116819518 15.411383274857707 15.399946260600316 15.369856693319901 15.315966320898179 15.229825128856376 15.09930056183172 14.908236846984531 14.6362957067937 14.259139974125493 13.749114548932916 13.076521807231066 12.211540655499398 11.125858212291563 9.801077077485767 8.193903762276342 5.837636248611247 
6.39591804691004 8.734669329911164 10.217235021662102 11.375798028022128 12.30631582085428 13.047471633508408 13.626143016365805 14.067503184047167 14.39583444089319 14.633861333582677 14.8018197680877 14.91679795964704 14.992438983772164 15.038933329467689 15.063173660897434 15.06894226014699 15.057026678920325 15.025196469798992 14.968016266428995 14.876514959384684 14.737775590089614 14.534552473182838 14.245053223532704 13.84302974582388 13.29828001005828 12.577536229195543 11.645345697981128 10.464214032507279 8.986405831780099 7.110700933193299 4.750224842695848 
5.077175947942387 7.43320401971002 9.246808718907229 10.629961962051224 11.710687243117132 12.55343537361654 13.201790263965174 13.69109800211419 14.05232075165684 14.312716327635199 14.495684140628422 14.620548203936094 14.702527112418661 14.75289858377421 14.779270368038953 14.785846804935698 14.773595469117033 14.740251503237209 14.680138308635076 14.583827679751481 14.437707554150794 14.223566983698506 13.91833671729517 13.494123944189973 12.91862672330352 12.155863416390044 11.166867032897956 9.909067401195324 8.331985192372413 6.383445623692286 4.025773046728355 
4.216251672048512 6.572733527634849 8.487440441254671 10.00897045310559 11.203015996749 12.130819672279436 12.840901390841518 13.374171757349837 13.76619929025665 14.047824510739257 14.245157587401732 14.37953588974116 14.467641294981826 14.521782140871052 14.550255429950798 14.557681703385047 14.545219007551777 14.510595297799505 14.447940243729837 14.34744283985366 14.194907568174546 13.971324653445848 13.652600371901393 13.209596976538066 12.608589334640188 11.812141300825258 10.780221954748386 9.471333814388814 7.845282088309457 5.869348141592202 3.529390903745407 
3.637682087464694 5.977014117047764 7.933349907083199 9.525941262720298 10.794532061638122 11.785735633989052 12.545412975040467 13.11571855318697 13.53452672127109 13.835008877896142 14.045294485477369 14.188344546954719 14.282081216376081 14.339715792864084 14.370164263877491 14.378430572992817 14.365858276606803 14.330187858320015 14.265401246140799 14.161382847145934 14.003475165536118 13.772052810941464 13.442273578514621 12.984177359322095 12.363281060888184 11.541759146214769 10.480255855809856 9.140564876872531 7.489599422448465 5.505022907029636 3.181616492478468 
3.2406357993678583 5.563364281611867 7.536096745122335 9.166568973863736 10.480849276064319 11.515759962987579 12.312381603949566 12.911769679433371 13.352395588584391 13.668649104248798 13.889976894986756 14.04052563526342 14.139186248465908 14.19990688354994 14.232124691522548 14.241175615734925 14.228571730322107 14.192078219071616 14.125570472344593 14.018702849218307 13.856472558139398 13.61881147272013 13.280378523725698 12.810745262430428 12.175157841703959 11.33602221766981 10.255224965754834 8.897365991369417 7.2338858830877895 5.247744254187767 2.937791298358819 
2.9678850080835377 5.277072022579182 7.2558766237720915 8.906722944886399 10.24865550369309 11.312373631164172 12.135068358037856 12.756048276385659 13.213489880408988 13.542240523153936 13.772500923333954 13.929211228484881 14.031967558374097 14.095283250335353 14.129009880977806 14.138755414337837 14.126176061751975 14.089067186548725 14.021231530931198 13.912157784851527 13.746597750297404 13.50418310498435 13.159266315139124 12.681194183938977 12.035216037333754 11.184185983531973 10.09113735834389 8.722680943453712 7.052985564588278 5.067842401945122 2.7680569573535716 
2.78171019854895 5.0807381608087185 7.0613191346093584 8.723289416317563 10.081919736634198 11.164234396161495 12.00468785885267 12.641024576202083 13.110834090950146 13.449013812749094 13.686144233780434 13.847661928374166 13.953649615099405 14.019033420635065 14.053979179086296 14.064307338469954 14.051791102486106 14.014256252697356 13.945458234760043 13.83477035103714 13.666775208607365 13.420907029337739 13.071338009588345 12.587326141384752 11.934231168631333 11.075347693275452 9.974593209076803 8.599924958751865 6.927157859812456 4.943654410706978 2.6512255372107316 
2.6558630781874006 4.947637107870012 6.928400293847666 8.59663247701287 9.965485056637247 11.059755636609667 11.912074927074853 12.558998553525598 13.037545943174385 13.38250964251683 13.624646785858372 13.789698727202914 13.898076970132832 13.965000928330221 14.00086686408247 14.011654911328632 13.999229021417552 13.961442122115342 13.892019395306676 13.780253920741545 13.610609918251118 13.362386398633014 13.009640555219855 12.521592841970234 11.863718599664592 10.99966067817274 9.893968979145827 8.51549687317485 6.84109119779342 4.8590507366382685 2.5717549489755918 
2.571486126587524 4.85829719194381 6.838921755701105 8.511034772356389 9.886480286456797 10.98862812606393 11.848885354973834 12.502965679785868 12.987452722318675 13.337031310402317 13.58256243277371 13.749994661097016 13.859971536058298 13.927922712355373 13.964411060592376 13.975533279302772 13.963220949270475 13.925349119553044 13.855622954058896 13.743276921852548 13.572684378715723 13.323034957869902 12.968284639916401 12.477604426923575 11.816530611667007 10.948938392740432 9.839819269874422 8.458659969127993 6.783037006667461 4.801908977065515 2.5180551280925685 
2.5147308901800804 4.7983266202197505 6.77919861678449 8.454387823585648 9.834733540350415 10.942533583959326 11.808307078882624 12.467192391687238 12.955514931273749 13.307944208620208 13.5554699727711 13.724227989284454 13.835050197101717 13.90352615528915 13.940339925498444 13.951671014961182 13.939499346815321 13.901716994795555 13.832015261134105 13.719581797810282 13.548708062841744 13.298469414731223 12.942689788185243 12.4504243320898 11.787166289294312 10.916891958230925 9.804899135489674 8.42119759941681 6.744030030076179 4.7630014637977895 2.4813124180413135 
2.4750456527049804 4.756786232983016 6.738900768214708 8.417650091692053 9.802751219903735 10.915425579882818 11.785432849703973 12.447550293164545 12.93807155205001 13.291831101141096 13.540057241029656 13.709116927976538 13.82002822455044 13.888514035740211 13.925346663574398 13.936760876324739 13.924768821946138 13.88727608293116 13.817966044052744 13.70598742172119 13.53554741048858 13.285578206172797 12.929699053829918 12.436722216559936 11.771924768720961 10.89920392398119 9.78404552333354 8.39699792910257 6.717145661990751 4.735016820307894 2.4544789832020726 
2.443633522527031 4.724713585918692 6.70997211089927 8.394290082114644 9.78560545320301 10.903674949381017 11.777483886495618 12.441706654791224 12.932955145299355 13.286532367650265 13.53410372535627 13.702363644320355 13.812539663050856 13.88047145853087 13.916989310013978 13.928356326776237 13.916602169189666 13.879645749108318 13.811173482198196 13.70030769971465 13.531168696812536 13.282503164301067 12.927614339522435 12.434867917626235 11.769033577942508 10.893616476316364 9.774097542565817 8.381668167302589 6.696743046631034 4.711518588989608 2.4311818549374875 
2.411650162946529 4.693455576082161 6.685555969159254 8.379895680013583 9.781022689902182 10.906337473617482 11.784050732546348 12.449257525461542 12.93951948767404 13.291097314767384 13.536385047604426 13.702533178446059 13.811003536054196 13.877726124838485 13.913548184104686 13.92472735941711 13.913294982353191 13.877188395996166 13.810119597744732 13.701213584964087 13.534517970651335 13.288558056523524 12.936185161024765 12.445027007331355 11.778868468728557 10.900217850188154 9.774070029852682 8.372314198658204 6.677644869580707 4.685587103210749 2.4042323821254867 
2.367399484288266 4.652305497155953 6.658882928826091 8.372316155621267 9.790069769094194 10.925803736438208 11.807449297096808 12.47182985582775 12.958584623213405 13.305651790284335 13.546511074632859 13.708885313560465 13.81445818045601 13.879186734766035 13.913867041986606 13.924702058677111 13.913704973044855 13.87884395753772 13.813898206310025 13.708055734869948 13.545347237878511 13.304082870632499 12.9565425316909 12.469260854549956 11.804327357871804 10.922143723305567 9.785937750810364 8.367833910431084 6.654224289582426 4.647683627998237 2.3630462360960705 
2.2909961437956836 4.584091659379914 6.622604511919327 8.373216259509691 9.819237216708414 10.96895672553783 11.853135295517074 12.513073129163221 12.992247492488012 13.331160645669545 13.564696970062982 13.721170028523597 13.822379556838658 13.88417741017192 13.917196472598798 13.9275125525807 13.917094415235328 13.883962404615815 13.82203039969102 13.720656539759906 13.563982386748028 13.33020538024129 12.991014412815971 12.511534199206372 11.851278966176057 10.966794986412376 9.816810865300232 8.37059688172863 6.619891974776461 4.581406821878348 2.2884694423982963 
2.1380349923365634 4.458403297116228 6.568885603404869 8.39555026523545 9.884104780370022 11.048518046785867 11.929843057127572 12.57833098004451 13.043455917934052 13.369048966849732 13.59146367483613 13.739395827704785 13.834496399578912 13.892281210910914 13.923052085478027 13.932657589852338 13.922988032073594 13.892146764640522 13.83427928155039 13.739078709204938 13.591025701553097 13.368468054025895 13.042711859690323 12.577409237223561 11.928738849945082 11.047240140074535 9.882678193063336 8.394017138298947 6.567303668454847 4.456841245719788 2.1365663195227778 
1.8203773867021351 4.185874896829756 6.526883693183496 8.475054662253697 10.013178849078727 11.183424328461925 12.048812342738271 12.673696541060602 13.115241278382392 13.420664672152197 13.627280199158687 13.763588267903202 13.850616787496927 13.903203786517823 13.93109618448908 13.939789582634484 13.931054771129002 13.90311712281637 13.850477474385576 13.76338594006872 13.627002513732863 13.42029875109412 13.114775607747754 12.673123227227636 12.048129492705739 11.182638194155725 10.012305305258806 8.47411963274494 6.52592230130244 4.184929672993473 1.8194894386449947 
0.5218894469218526 3.9110920698875558 6.592837559463011 8.679223421111626 10.247779341690125 11.396484229447731 12.221358211280055 12.804222698156108 13.209599123639135 13.486632990284631 13.672196631931827 13.793571475779624 13.870485238684893 13.91666782502603 13.94104930321829 13.948631144173863 13.941019635612838 13.91660580208766 13.870385686581397 13.793427167793665 13.671998998767805 13.486373142946896 13.209269185561533 12.803817377325293 12.220876455734649 11.39593071113952 10.247165457520188 8.678567546303578 6.592164568450161 3.910432587305974 0.5212867392480859 
-6.0018175489822525 2.574215587899356 7.182542068023294 9.976364352684582 11.623669075537107 12.573823204432733 13.125908009586047 13.457089373566994 13.662517469471135 13.79211127323113 13.873701612854585 13.924288783211637 13.954840167195446 13.972437007034612 13.981437640520118 13.98418955673383 13.981431412888034 13.972423924150648 13.954819015679249 13.924257856754714 13.873658867691564 13.792054537405457 13.662444666011332 13.456998777566048 13.125798676586195 12.573695724664445 11.623526335665613 9.97621175139436 7.182386845079421 2.574067419295112 -6.0019164011444746 
-6.693232702956456 1.694268411749628 7.352703317815989 10.618123919593142 12.343705156229293 13.18523964504376 13.580058645760435 13.770004532920238 13.8686364616495 13.923919946941478 13.956146580486026 13.975007232484094 13.985850808105637 13.991836596867632 13.994799519717906 13.995689258284235 13.994798370954411 13.99183417340402 13.985846865475166 13.975001426338881 13.956138506214254 13.923909175838064 13.868622319987612 13.769985139773041 13.580029615667085 13.185194128849316 12.343637432718788 10.618034507210002 7.352602620501711 1.6941751895775712 -6.693299719684886 
-6.712134003650664 1.7786569405708466 7.603691447908352 11.010974379896242 12.728015052714296 13.486721969547219 13.788993853701566 13.904824890449419 13.952038120448972 13.974060486866295 13.985567902189294 13.991864731139064 13.99530500009581 13.99712414648515 13.99799491972103 13.998251534391454 13.99799473479699 13.997123755107374 13.99530435982806 13.991863780491599 13.985566590307979 13.974058906644256 13.95203640752188 13.90482007071718 13.788969119936478 13.48663498327209 12.727801783516748 11.01058881335667 7.603155160514813 1.778092231723253 -6.71256021451895 
-6.215161394092 2.449790784848842 8.172325820902605 11.43567454272083 13.010755639217683 13.65470592582511 13.881279819294598 13.953017658256305 13.975676222866673 13.98394805398863 13.987644710838758 13.989506263390439 13.990470539609857 13.990959188367105 13.991185420036407 13.991250832094524 13.991185394370284 13.990959134060857 13.990470450900988 13.98950612480919 13.987644498752276 13.983948078332775 13.975678601255478 13.953025324993732 13.881265578112174 13.654519750801125 13.010069917078415 11.434093526315875 8.16977458925972 2.446790976684694 -6.2174639407309575 
-4.563915625533561 3.767509966204501 9.161207108119614 12.045961674629712 13.311609651763185 13.766462945273647 13.901568207325242 13.935876616420709 13.944093994833397 13.946353845961843 13.947185633499295 13.947564496623464 13.947749473283551 13.947839055750007 13.947879069382408 13.94789039958335 13.947879067063738 13.94783905072949 13.947749466968935 13.94756448816198 13.947185534476775 13.946353610527291 13.944097732094553 13.935908273951071 13.901665679799441 13.766409882530963 13.310262764005385 12.041405610477886 9.152061529830808 3.755570504831458 -4.5740464793713835 
-3.2299284624083 4.745432390970043 9.803729912200385 12.332665519193856 13.331762510581935 13.641591336254217 13.716118765112878 13.730107190891104 13.732354273326123 13.732774662581742 13.732896636937264 13.732944353447612 13.732965375407023 13.732974810652692 13.732978764035531 13.732979839732538 13.732978764025665 13.732974810069418 13.732965376380475 13.732944375104772 13.732896559598647 13.732773595437962 13.732356027443888 13.730170546503897 13.716490559624615 13.642603395759412 13.331670880613679 12.323742710180879 9.77869577325244 4.7055379177834675 -3.2648695290537053 
-3.029718314387102 4.875095876207423 9.587223351498855 11.792490051326489 12.606856677693905 12.835321596012957 12.881560221066458 12.887763514979177 12.888255971283666 12.888298402843267 12.888313259701826 12.88831789692976 12.888319387868451 12.888319998887498 12.8883202366364 12.888320296933543 12.888320236728486 12.888319998082698 12.888319386739102 12.888317938474344 12.888313255441249 12.888296315825402 12.888252733211122 12.887863371003277 12.882440525888683 12.839005984574019 12.61556369971308 11.792466298206971 9.52975477638246 4.764095396661784 -3.1495892227784337 
-3.5857585982399978 3.994432006826524 7.905295625593627 9.699874179015717 10.349426983978079 10.52389349600899 10.55596785333252 10.559229729836991 10.55923792889585 10.55921145849071 10.559214183604746 10.559215070823068 10.559215056296594 10.559215056302788 10.559215060938623 10.559215061426219 10.55921506109585 10.559215055455622 10.559215052119239 10.55921512405613 10.559214303302113 10.559208672595403 10.55922745001724 10.559349110000285 10.557378858914504 10.531429410998411 10.374143239728495 9.757315472779942 7.9052970865547865 3.6456902872087658 -3.8591075974615423 
-3.0105943625087015 1.086759020671571 3.7006165205403097 5.010760473619026 5.494598075520991 5.624409493586929 5.647554133112037 5.64959698089842 5.649501812373851 5.649468286256443 5.649469716348951 5.649470370704296 5.64947032065451 5.649470308387743 5.649470309473648 5.649470309409284 5.649470309655686 5.649470307708793 5.649470314619914 5.649470422387883 5.649469929470029 5.649465454044352 5.649486631286256 5.649707211955444 5.649209904630347 5.634313997819365 5.534132854170681 5.121728713958894 4.0493941883811315 1.0867925342053877 -5.456621221166496 
-6.040756092554959 -5.448999887991148 -3.8069522610392643 -2.9350966565193355 -2.603976801349259 -2.5145571478998807 -2.4986534107728504 -2.497300941102969 -2.497385133145409 -2.4974109804368143 -2.4974100205567447 -2.4974095321503573 -2.4974095654664477 -2.497409573626245 -2.4974095723973955 -2.4974095723195107 -2.497409572250552 -2.4974095740894273 -2.497409570693803 -2.4974094930314013 -2.497409827500761 -2.497413154955164 -2.4973984548430366 -2.4972184936676993 -2.497308767751489 -2.505998935092396 -2.5693402090682333 -2.815245915499078 -3.5336172153380287 -3.0023611312209146 -6.040226017879216 