Step: 2025.0
11.193854815595909 11.047172323143853 11.627003405125096 12.241854315562355 12.906352464734537 13.548311704538472 14.135902944326471 14.654877522051315 15.10067408183436 15.47383640563367 15.777494960851309 16.015846365547812 16.193170276456257 16.313159359076497 16.378451644877284 16.390308426237898 16.348407392569673 16.250734256431574 16.093563341564316 15.87152174910398 15.577734648284547 15.20405270266173 14.741369565957374 14.18005394600359 13.51056284842638 12.7243947757948 11.815904592068613 10.784847448939505 9.654546854550851 8.284640501816478 8.301312867510644 
10.559110641482897 10.103600555005412 10.613701761112525 11.350365248214057 12.102237965769914 12.815838731138337 13.462732755210265 14.031170191450675 14.518013842559146 14.924808220625769 15.255469877908952 15.514847010494725 15.707756655230114 15.838311720080963 15.909442712529115 15.922564491484767 15.87736109797682 15.771673460621146 15.601481045934987 15.360972033634582 15.042698875386767 14.637818551370442 14.136421768736417 13.52796769433691 12.801870515686867 11.948368458822294 10.95989122973636 9.834740184838893 8.573441923223417 7.338588430314295 6.405450808758426 
7.632079161447192 8.499281717277825 9.435721875376219 10.37958460044212 11.273134950143826 12.085853641304238 12.806926525281332 13.432934970559522 13.965268432371946 14.408118312912492 14.767098048657923 15.048226629587798 15.257164073846413 15.39863058363534 15.4759703344042 15.490837197826522 15.442988859685988 15.330180834038321 15.148154553650249 14.890714905613398 14.549892699391574 14.11618690998267 13.578880587835801 12.926423637746597 12.14687652446928 11.228399902591025 10.159846336554669 8.930646433900947 7.53937550946911 5.95905330850525 3.734829232346502 
4.509515511181483 6.726886855517569 8.178942127650233 9.391778161203142 10.449443624633735 11.375120097722325 12.178345283385195 12.866480723265585 13.446822062938862 13.927062738493996 14.315036179069903 14.618254808895163 14.843423828443283 14.996001783532352 15.07983681899693 15.096890337312338 15.04705237878778 14.928049532009423 14.735444103948721 14.462721360368246 14.101458976938385 13.64156847489425 13.071590869087434 12.3790148065825 11.550555551070772 10.572269048864245 9.429128282192172 8.103679327047407 6.566271462905744 4.7297400647394685 2.514106153686165 
3.0301531014740903 5.252192682947298 7.026458722766214 8.460349753430568 9.670497659884594 10.7052770666144 11.589615263229833 12.339541039809792 12.967655445029525 13.485017643028431 13.901696221301211 14.226749207423717 14.467980781993933 14.631635287864368 14.722107110480101 14.741705922672086 14.690497240182784 14.566227809019693 14.364339128409583 14.078067706245072 13.698625592233125 13.215447590046333 12.616479919106755 11.888464361861308 11.017132220878134 9.987132852193216 8.781355794069523 7.378467918366443 5.746395600016116 3.8460416541556954 1.6450105278247733 
1.9969712960906953 4.206501457065512 6.073753463594825 7.643156711630975 8.969022690471814 10.095916269220638 11.05262877651138 11.859471571485221 12.53239156672511 13.084928041942335 13.528972459746011 13.87493432475715 14.131626494029792 14.306040971736973 14.403109080649187 14.425498113453473 14.373473208510855 14.244839651633178 14.034972314730748 13.73693258153772 13.341666780834466 12.83827200902033 12.21430320511334 11.456076505077705 10.548893035057823 9.47706014480764 8.22349891252383 6.768788604217184 5.091460985943746 3.171612926382193 0.9998106951522767 
1.2419847744046177 3.4212757153221007 5.322238489691005 6.960033059991882 8.362739945389372 9.55961811836087 10.575806280631838 11.431708741475854 12.144433664983325 12.728833057062944 13.197990588302718 13.563321548449492 13.834456793212265 14.019032511017272 14.122465189175784 14.147761233131545 14.095391005314406 13.963244268368646 13.746675392612856 13.438640053191211 13.02991876265231 12.509415064232043 11.864506530363778 11.08141454429054 10.14554634288019 9.04175891006352 7.754550438882205 6.268507833419447 4.569674450921913 2.648589796249684 0.5045543774052067 
0.6710920418347369 2.820930803119449 4.730585627946547 6.40364448137829 7.854112098158171 9.100740003534746 10.16293804014336 11.058953258712334 11.805448574446805 12.417566915116872 12.908954866296133 13.29165122505907 13.575874550566793 13.769768785523292 13.879158503336736 13.907351500369561 13.855013892741635 13.720133224547364 13.498077904207525 13.181755480282831 12.761866721415418 12.227246370248512 11.565274746263977 10.762338643145656 9.80432027718345 8.677113609752288 7.367240572186068 5.8627517651609775 4.154666365547142 2.2390204350332983 0.11915041023778362 
0.23276627342749742 2.356841111157022 4.265252525764181 5.956167948740091 7.4361285759203755 8.717048271626425 9.81354767875085 10.741151020556627 11.515279435094417 12.150698150994083 12.661133413081497 13.05891976829807 13.35464902080027 13.55683661480579 13.671632219783831 13.702598910274428 13.650579216131906 13.513660230389105 13.287244859198282 12.96423190193211 12.535303310284673 11.98931226796763 11.313761033728413 10.495354716167936 9.520620801947343 8.376601810326168 7.051661273497152 5.5364736530687315 3.8252463071834777 1.9171044859535633 -0.18262507325158603 
-0.106342189726593 1.9963037112832376 3.899781644498802 5.5995390601060615 7.097897949927102 8.402405376089343 9.524099831478118 10.476044014091825 11.272216553466244 11.926689805941873 12.452980075300502 12.863492542253994 13.169030746450401 13.378371366487904 13.49791711873121 13.531442156855235 13.479941767235413 13.341594740980819 13.111843699264792 12.783595791698596 12.34754305655266 11.79259792508658 11.106435097927385 10.276127625359932 9.28886493346828 8.132745658238493 6.797645995838725 5.276163384842861 3.5646088989397353 1.663961452990404 -0.4193765038770946 
-0.36962590530736517 1.7156844862649243 3.6134457529404607 5.317601232199444 6.827909657306317 8.149023568628914 9.289360408785226 10.259966385213847 11.07347884905595 11.74321290578052 12.282360206980991 12.703284559337671 13.016909805927808 13.232205141560277 13.355777008926639 13.39157636563054 13.340728113355336 13.201487517183846 12.969326969740628 12.637155091951712 12.195668158614295 11.633830486883976 10.939475436915084 10.100012440558737 9.103219020556887 7.938091063075807 6.595719248274062 5.070151975328536 3.3591920663608636 1.4650564319905093 -0.6051873437293517 
-0.5746275366477421 1.4969622787670873 3.3896717384588797 5.096471923318185 6.615360849081461 7.948901974656547 9.10351915666851 10.088639247204766 10.915763671378834 11.597533251346327 12.14683420245046 12.575980474161275 12.895997872839123 13.116027464596481 13.242859154799097 13.28060133521036 13.230489399626796 13.090834670023215 12.857115249152091 12.522210526615183 12.076780312150744 11.50978664639527 10.809150241044456 9.962523656031015 8.958149935873454 7.785759977812594 6.437447690883773 4.908453990590544 3.1977938717205245 1.3086769527722504 -0.7513031530673555 
-0.735318469809037 1.3256626803648424 3.214834143327256 4.924334656993631 6.450670040272789 7.794642098438293 8.961005857666473 9.95785219710654 10.7957733921891 11.486906557686735 12.043954325108523 12.479263053862931 12.804011805836632 13.027541319343559 13.1568353849514 13.196157287511683 13.146839765890848 13.007226520805537 12.772764999343012 12.43625236254474 11.9882375370459 11.417580337321697 10.712162031613616 9.85972868499328 8.848828012786127 7.669773519635343 6.315542734129003 4.782503129703432 3.0708764533919037 1.184907107141505 -0.8672238928885421 
-0.863627141037939 1.189426663834132 3.077297627128092 4.791101947351182 6.325667172901907 7.679948175358661 8.857089168513026 9.864024570959842 10.710681003902788 11.408940993781199 11.971539675915412 12.41102232303363 12.738837299388488 12.964597709207615 13.095520042864536 13.136035806548618 13.087568346845538 12.948468546542122 12.714107248122572 12.377127106698559 11.927860185078963 11.354917928183706 10.645954713433289 9.788591861679308 8.771462199695302 7.585293164336074 6.223894684750742 4.684879283952381 2.9699603770427587 1.0847821210699293 -0.9615894518829752 
-0.970762484880718 1.0767644241165204 2.966566925521841 4.688092096355423 6.233727983471183 7.6000402242282945 8.788386108291931 9.804688405244873 10.658530245555749 11.361904466082862 11.927903309338754 12.369522190853125 12.698653818654083 12.925293970478117 13.05695284720042 13.098255530778662 13.050714641954404 12.912663347730636 12.679344533516497 12.343160252821143 11.894092823978191 11.320313218972395 10.608990910340577 9.74730786071456 8.72365120254869 7.528904309854125 6.15766011227189 4.609071628240391 2.8870118254798203 0.99939179352431 -1.0431317929524662 
-1.0687842402798038 0.975619206681242 2.87241608878239 4.607828649344043 6.170073672985658 7.552178826265811 8.753402086259156 9.778938860687646 10.638572067232749 11.34495945939658 11.912009799745864 12.353504929149072 12.68200526692627 12.908024159484048 13.039437745202203 13.081095061802621 13.03459969709769 12.898244761678237 12.66709489704681 12.333221223065946 11.886106797094905 11.313250148067493 10.601000420860668 9.73565518611457 8.704833004063946 7.499081119212822 6.1135604253256 4.549357527341042 2.8137338357254817 0.9186632567241475 -1.1220181518115697 
-1.1731157038244855 0.8712467713242593 2.783903826003526 4.544237683913997 6.1325580078309905 7.536521315106028 8.753184016191955 9.787864810632335 10.651520494489372 11.358300485430805 11.92354018614258 12.362215754413072 12.68780418357261 12.91147370916902 13.041532792090118 13.083079363846744 13.03780903447277 12.90395808491117 12.676373205034226 12.346715523569223 11.903822456487509 11.334267743783057 10.623176744062999 9.7553672628816 8.716889436285026 7.497019706155596 6.090686150141102 4.501066217251853 2.740694898205581 0.8293839960637672 -1.2122175574456555 
-1.3073512055336554 0.7422023752038983 2.688630947422819 4.493960434632235 6.123630330054784 7.557448376687257 8.792067756682135 9.83490188414912 10.699673384992062 11.403153018163163 11.962836978985143 12.395331410127541 12.715261386259495 12.934555413318806 13.061990978136112 13.102920638812222 13.059127733746806 12.928784328380983 12.706502718341307 12.383488674855231 11.947823233452635 11.384923229219153 10.678260231573542 9.810451422014362 8.764870539642315 7.527961094915964 6.092483017028364 4.461944973098073 2.6566674932329266 0.7112873937895917 -1.3362093368587253 
-1.5175775302316266 0.5541152342524188 2.5724099860346876 4.4625721246294425 6.1536806578406695 7.625183918827238 8.878306332552652 9.925954886376406 10.786800942576118 11.48157762158505 12.030700285458668 12.452780962381954 12.763739212636462 12.976290120721137 13.099657788090944 13.13942019567173 13.097433606546035 12.97181209559923 12.756955087267814 12.443629564055623 12.0191308666615 11.467573374873837 10.77040463658937 9.90729404033911 8.857614919550224 7.6028173342465095 6.130120677920624 4.438418739509984 2.5483570966897826 0.5308971531864407 -1.5392313718372856 
-1.8891279647564878 0.2200635965155406 2.450217142075811 4.473974771663968 6.2447555412825935 7.756931341983259 9.024156006898862 10.069058447485455 10.917680066624294 11.596020987582852 12.12801368098274 12.53445737633082 12.832536320673382 13.035643634753088 13.15333789212777 13.191343811832674 13.151560812437847 13.032068385902884 12.827126207369394 12.527170649106756 12.11881831369673 11.584912420724413 10.904700306068102 10.054314691355108 9.007836894132685 7.739318884118382 6.2262307123394836 4.455014712373085 2.4313815939132057 0.20197019368981978 -1.9059834556800608 
-3.1272299661949114 -0.15160969325281543 2.388784591551971 4.5776670781768445 6.431654148202741 7.976437465222155 9.244930371688374 10.273343143370084 11.09716802077969 11.748577372038106 12.255200772304777 12.639837450538085 12.920626115684204 13.111340892080475 13.221649920844284 13.257288560866114 13.220152713163468 13.108329017890147 12.916069270465021 12.63370131847342 12.247459282114187 11.739227188269078 11.086243846719078 10.260932486949816 9.231186831038162 7.961591980802826 6.4160234873143525 4.561658026044061 2.3728932217338383 -0.16679952710961982 -3.140934400485468 
-9.319055025186262 -2.0666733377865065 2.245916099771416 5.360379845072892 7.655509662656989 9.339717945594831 10.566933567296736 11.459041197957061 12.109411638426604 12.585804673218489 12.93518080302068 13.189201556333014 13.368995310104664 13.488555691518178 13.556827015253655 13.578830231315676 13.556185836121449 13.487263513496892 13.36703471436432 13.186551605765361 12.931822048558644 12.581723369561775 12.104601128377375 11.45350012587864 10.560665527397223 9.332743397142666 7.647901543269056 5.352323484192332 2.2377805173312613 -2.07423732129196 -9.324350145412716 
-10.236249074302913 -3.230241760718775 2.0874807948842338 5.8421082608012895 8.462420285732875 10.24729442064641 11.436883151825672 12.220355809151037 12.737142736680475 13.082458656078087 13.317103383136352 13.478093014802566 13.587445110920264 13.658191126494787 13.697928341163935 13.710669093382931 13.697671869707223 13.657673445723152 13.586657855820116 13.477026069225381 13.315746256075835 13.080798231171459 12.73515234427983 12.217972581053196 11.433982895585345 10.243694604161691 8.457953845035103 5.836782522310569 2.0816689706826574 -3.2356597148785444 -10.240158509900732 
-10.419009498841296 -3.3498835935978013 2.2071627995218255 6.248568781815695 9.015432221878179 10.819292697373342 11.946538572240424 12.630215165687291 13.040066452603744 13.288006810421347 13.441778280446128 13.539765614118199 13.602855891595247 13.642255073986737 13.663928228687176 13.67082271700584 13.663832660430176 13.64206210039833 13.602562711010684 13.539370111059386 13.441280188399707 13.287403412565945 13.039331258390677 12.629244165142396 11.94506634095719 10.816840384763648 9.011411969836555 6.242642160890471 2.199738109879722 -3.3573851533000507 -10.424559460836855 
-10.139809053319013 -2.938955475274933 2.6294999637061736 6.676968812707562 9.407786500907115 11.125855144929226 12.1425438089854 12.715623139556909 13.029370301794875 13.200659514546949 13.296517193677015 13.35240356273588 13.386072901173458 13.40619762301848 13.416989798966952 13.420387535614095 13.41695724070098 13.406132147137868 13.385974957443711 13.352277458206844 13.296376112300205 13.200527354099664 13.029260571507452 12.715453051275702 12.14193816978075 11.123895192626575 9.40302684080222 6.668108824504273 2.6167147679444476 -2.953045253972173 -10.15051252463125 
-9.080285420833006 -2.1713857688149694 3.2400572370418557 7.10941991625084 9.63842879011883 11.155524877813903 11.996335637778156 12.43150790103718 12.645743442312321 12.749048335846332 12.799770298774332 12.826034041642952 12.840488931476223 12.848634468845248 12.852858976245836 12.854170501582967 12.852850677164577 12.848618108616733 12.840466552486026 12.826014832907175 12.799783675761333 12.749165094561166 12.646083761876023 12.432161244539458 11.997047357692734 11.1550022829699 9.633633793621172 7.096518531300337 3.217493675923395 -2.1989990285782346 -9.102941627496898 
-8.370240454519191 -1.8239939838036188 3.329530552059905 6.9313590328378885 9.207871776878585 10.5156331003993 11.199776236322794 11.527661632030702 11.673588931097953 11.735510681028297 11.761694962119144 11.77336355431677 11.779047163268068 11.782002681452287 11.783468836941113 11.783915617690289 11.78346716129526 11.78199970451183 11.779045579625782 11.773376230073094 11.761768127426825 11.735774080993306 11.674324368134634 11.529306127449239 11.20262255457159 10.518830631040947 9.207109829081748 6.917099743054499 3.294806846189564 -1.874528011293776 -8.413911230858082 
-8.679762694964491 -2.3684871643250243 2.360467500071556 5.5565987283258345 7.530261654503526 8.631692632905718 9.185078320244196 9.435581861086998 9.538398476014823 9.577315011528537 9.591413472272505 9.596637021252073 9.598774535842528 9.599758546721592 9.600215807349935 9.60035153027772 9.600215520890385 9.599758403707492 9.598777858937952 9.596660949468578 9.591524652933336 9.577718211644434 9.539598229368028 9.43856311459306 9.191267664161751 8.642099182244046 7.542866577161456 5.55602943454868 2.31022557081737 -2.4618826721290317 -8.777323913402487 
-9.669897103927683 -3.850065106419469 0.0437620307711476 2.6743844820459595 4.294484273358504 5.187078744481191 5.625216225927649 5.816438451516449 5.890674621068876 5.916464651482038 5.924646885636751 5.927145363860054 5.927956944760818 5.928265193801341 5.928393975399979 5.92843068275357 5.928393929657356 5.928265542353186 5.927961369507678 5.927173919936528 5.924781495224215 5.916971081171848 5.892256290492065 5.820634079245212 5.634809289187147 5.206215413543945 4.327359068311759 2.723796805453125 0.04371448059650219 -4.092184207488451 -9.857953776800779 
-9.819642250981687 -6.637247095606937 -3.9382149730325864 -1.9650024667685058 -0.7279290189620703 -0.04597418689256893 0.2854821262043017 0.4273724727993521 0.4807255721400386 0.4983151581787024 0.5034199998451973 0.5047555040827615 0.5050953388775921 0.5051930011699332 0.505226873629675 0.5052358686226609 0.5052268594608761 0.5051933697250311 0.5050995905998584 0.5047833353668252 0.5035542047145518 0.49883285279230405 0.4823903591193106 0.43195657050052766 0.2965451039405017 -0.02202618841382926 -0.6791875280137937 -1.872232197998383 -3.695443555170745 -6.636189620428311 -11.486819858550938 
-12.100444081531277 -11.456124041402887 -9.70669336422343 -8.361288089410598 -7.502919536325045 -7.02838417236459 -6.798264201235383 -6.700382242282844 -6.663991141071572 -6.652222461410154 -6.648922526084216 -6.648114589354033 -6.647934068086352 -6.647891952255238 -6.647879900637841 -6.647876959506904 -6.647879909996093 -6.647891675201185 -6.64793084337433 -6.648093262669999 -6.648818728602804 -6.651818284203591 -6.66267753986131 -6.696715259124055 -6.789253393394677 -7.008228991865148 -7.460652604562473 -8.264141739186963 -9.518082856013569 -9.783981319963546 -12.096574341221247 