Step: 4095.0
9.500850602027459 9.291557584271109 9.864820896012917 10.454248466883369 11.113420778135032 11.771697989098138 12.395494561435383 12.96662140221315 13.47545045994214 13.916890453487648 14.288309965882105 14.58839152506537 14.816471036170226 14.97213842237313 15.054985910862362 15.06444421324725 14.999674099368894 14.859495007663146 14.642339933647758 14.346230317568317 13.96876814522548 13.507146887376285 12.958190966166095 12.318450371324646 11.584416171607375 10.752998946789582 9.822737068699416 8.795176019584652 7.691800358672656 6.328802274988484 6.4150648488882585 
8.833714627579171 8.260359362075706 8.706352825621709 9.411373515339877 10.155034117295978 10.885240275101019 11.570782191341513 12.195415266254235 12.750402714559117 13.231125784512145 13.635222367298834 13.961541809095936 14.209527030909223 14.378832828530419 14.469080637208679 14.479696343971032 14.409801558291985 14.258141296851806 14.023037801707662 13.702364148969039 13.293534279787034 12.793509733696162 12.198829902918048 11.505686336735307 10.710090423352836 9.8082617248355 8.79740890313531 7.678739792165105 6.451112554242488 5.287135452401758 4.486170626794892 
5.816096809929125 6.54876543291087 7.397167943747353 8.293217736182363 9.172627095603776 10.000288462433721 10.76120149795365 11.44656031872389 12.051486211457869 12.573414130839357 13.011132242422581 13.36416334580681 13.632358937516763 13.81562547578011 13.913735528555224 13.926195643359295 13.852153936193819 13.690336680669159 13.439006590048761 13.095937295499775 12.658399604612944 12.123156163677764 11.486462810340228 10.744077768940528 9.891285464728583 8.922939350421561 7.833633897409747 6.6172500935701475 5.277325895539646 3.794141959212101 1.7202360139608996 
2.5853689269096796 4.655325031739942 6.005301613014861 7.158712876208746 8.195298965516688 9.133260987684794 9.976640340133788 10.726565051860797 11.383369149182824 11.947378487629551 12.419045510005542 12.798886727894889 13.087365807926911 13.284774733818645 13.39112999067349 13.406088219469032 13.328881311139854 13.158269129551313 12.892506984359738 12.529323900020941 12.065906316520339 11.498879704206773 10.824276660512169 10.03747171473576 9.133041974857253 8.104466292819325 6.943361588227179 5.638143671891433 4.164513316208511 2.439965628252629 0.38701247203163813 
0.987592893220037 3.0514503530291224 4.712874336799398 6.078398497212191 7.2614640412835065 8.30568545115904 9.230058298693356 10.043737012748675 10.751744282337219 11.357189130913897 11.862218009726444 12.268403490883488 12.576883654188403 12.788390391414444 12.90323125541541 12.921255882385829 12.841821962828975 12.663767383857962 12.385390167684115 12.004434134496636 11.518074643725097 10.922894202187805 10.214830332199142 9.38906381399989 8.439785395030936 7.359703636356129 6.139017268649547 4.762700656414177 3.2037345713071614 1.4263392002974944 -0.6010889291974437 
-0.1691547246637073 1.871688654870651 3.616741401501349 5.110228131638057 6.403849706678945 7.537589029633977 8.534107960220949 9.406417729397544 10.16237159514585 10.80702924655827 11.343849388388614 11.775286712188443 12.10307810643957 12.328368104063774 12.451753330886438 12.473289264726379 12.392482878505417 12.20828339802733 11.919076209678517 11.52267965419596 11.016339663471502 10.396711757062942 9.659812234858277 8.800907800359658 7.814289896380254 6.692841352697101 5.427212733567484 4.004463151607188 2.4079411919402696 0.620434284095218 -1.3674003992219554 
-1.0501177483137607 0.9501006210374981 2.7201276539900463 4.275230883018584 5.641134019736987 6.842580265836845 7.898420895915279 8.821426728113495 9.620176292651324 10.30056504007664 10.866768551334172 11.32180294871608 11.667831790994214 11.90632246700265 12.038118153874288 12.063466329171604 11.982028635271769 11.792886260061591 11.494547601534277 11.084959327651838 10.561517034553715 9.921066802247068 9.159883420928004 8.273604524613468 7.257093649718999 6.104205599197291 4.807481960385149 3.358118539761138 1.7468751554479311 -0.0333037322234387 -1.9833535721962074 
-1.7472748992557148 0.21323577220027776 1.9836079608421577 3.5677011518304087 4.977262160708758 6.226500978881545 7.328366986295563 8.293170584302624 9.128652284607526 9.840560712950353 10.433190390339659 10.909761344584268 11.272653058997196 11.52353434761341 11.66342829736343 11.692742185187686 11.61128306284791 11.418272044722176 11.11236418248547 10.691675770046466 10.153816639758308 9.495921342868591 8.714670352486406 7.806291988114255 6.766541803697432 5.5906813352123885 4.273553334009407 2.8099627595063934 1.1956447136370194 -0.5710777271440043 -2.487274111868208 
-2.310348978261935 -0.3856450144627627 1.3754849139653373 2.9715775162728773 4.406935543150602 5.6888468070136655 6.825273637317337 7.8235040789788 8.689663041677175 9.428707467997805 10.044590846088575 10.54043036696876 10.918625188309504 11.18092419559478 11.328458270292534 11.361754434015452 11.280746410419187 11.084791853749374 10.772702129553807 10.342786560256325 9.792909655222836 9.120557327858378 8.322907234545657 7.39690096429716 6.33932569494992 5.146936526171232 3.8166884820172635 2.346181338418815 0.7344011369710493 -1.0172720182151682 -2.9040149644898174 
-2.7711250263233405 -0.8775794459711023 0.8710040160724221 2.470508025965469 3.9209937672515998 5.22526109973641 6.387469845581489 7.412139562062259 8.303582695015807 9.065659926730683 9.701708116047621 10.214531886879747 10.60640387271936 10.879056570881515 11.033667407101817 11.07084534712254 10.990628121444422 10.79249725409851 10.475415292112368 10.037886706027592 9.478041299584039 8.793737059424432 7.982678935161902 7.0425524039318566 5.971177769979921 4.766703909015459 3.4278749491003637 1.954407701545906 0.3474939483132149 -1.3896190361625802 -3.2510943128343914 
-3.151683053888554 -1.28479173241621 0.4509140441486171 2.049864271667333 3.5095130205604304 4.829621815727459 6.011489759255575 7.057299331649477 7.969644435396924 8.751223897836477 9.40464750309353 9.93230401822414 10.336259686744032 10.61817417415238 10.77923273900777 10.820098800015247 10.740892400637293 10.541199260833547 10.220113321199763 9.776313550398076 9.208173643673685 8.51390136993091 7.691703122731163 6.739969296146631 5.6574780433047405 4.4436186604739785 3.0986391976785366 1.6239214662791366 0.022275456606463764 -1.701776179816589 -3.541776415048416 
-3.468545640272309 -1.6242022483887832 0.09980889849593057 1.6969948400335906 3.162998252120192 4.4953352456586 5.693054037191061 6.75637694481156 7.6863656468290875 8.484625986653711 9.153053193809193 9.693612871636732 10.108154064519272 10.398253911352613 10.565096107555211 10.60938673568954 10.531311108578784 10.330534516449536 10.006248525059721 9.557262917636473 8.98214155626432 8.279378318342895 7.44760675511381 6.485834119293684 5.3936868858424125 4.171651115234457 2.821287979391873 1.3454043612768185 -0.25183723976016215 -1.964875728621933 -3.7867695668807633 
-3.7349954562554664 -1.909543078730524 -0.19514972962421334 1.4009217699101622 2.8727818605638076 4.2160271819642485 5.427762115937726 6.506501495402401 7.451966110676057 8.264808326069726 8.94631037829446 9.4980896288827 9.921833056170126 10.219073791849928 10.391016766845711 10.438417505019617 10.361516499561784 10.16003061844348 9.833202165394837 9.379905270397161 8.798807897707142 8.088585542333307 7.248179053589789 6.277083147941179 5.175643161976656 3.945325649622534 2.5889169934437675 1.1106020477724448 -0.4841069825021341 -2.188578192765641 -3.9953367528997665 
-3.9626205025625616 -2.152816746549332 -0.4452419082163774 1.1519228027731439 2.6311112251384885 3.985931556005818 5.2115821827203375 6.305000073109156 7.264746573179476 8.090713702976323 8.783748720587981 9.345270627330372 9.776922037099713 10.080277737753375 10.256619025840788 10.306776946485266 10.231045062108386 10.029161567770101 9.700360469887785 9.24349149973814 8.657207883092553 7.940219372288855 7.09160409800534 6.111165249925043 4.999804960220045 3.7598653540266116 2.395358378488541 0.9119869361612474 -0.683117532891484 -2.3819286993077924 -4.176182668187549 
-4.162608821721119 -2.3655281961890413 -0.6610658510684339 0.9411360816184654 2.431180243106251 3.8001930184422053 5.041261240314736 6.149800623209949 7.123427185442193 7.961543729779659 8.664826168237678 9.234721148978604 9.673005252765662 9.981425183828945 10.161424011801838 10.213952559374736 10.139363233757013 9.937383872375431 9.60717037354614 9.147438255178738 8.55667417945831 7.833428171868636 6.9766846963015 5.98630402914876 4.863510629733073 3.6113748929772242 2.235175492853167 0.7424599119735669 -0.8574016271561852 -2.554228277773158 -4.338366621327589 
-4.3472021342520115 -2.560032106893531 -0.853404151982536 0.7602770576022698 2.2672984616538554 3.6552623743916355 4.9147671054689965 6.039822362869427 7.027453293679633 7.876979040985062 8.589276098259957 9.166125900576963 9.609675376617473 9.922013151160382 10.104855215662845 10.159331569017885 10.085866043588712 9.884143860623592 9.553164612517035 9.091381723017767 8.496932409979106 7.7679641818043965 6.903064235208204 5.901795535110602 4.765334558063049 3.497180359257359 2.103835549796763 0.595151853262573 -1.0161392848743274 -2.716155735418089 -4.492522681317624 
-4.531902607206277 -2.751423159410246 -1.0341731465587711 0.6016855067878327 2.135462496422818 3.5495723922208526 4.8318406672294065 5.97537489712893 6.977262920832912 7.83734567817748 8.5571999828574 9.139329984659295 9.586539648100477 9.901460031275782 10.086209026712986 10.142165102876893 10.069840877051789 9.868847377072115 9.537945470845711 9.07518675621182 8.4781517391793 7.744298012794954 6.8714353050065595 5.858348111287038 4.705590711627333 3.4164813976511006 1.9982973612353478 0.46353682422982734 -1.1699923967002315 -2.8815110802849895 -4.652916261067079 
-4.739553606208817 -2.960980158105495 -1.217177312731196 0.45927455537724976 2.0348880192579193 3.4846100379728204 4.794654821753989 5.958533112174909 6.974482800969102 7.843700212509427 8.569084207070308 9.154314329990498 9.603170928271522 9.919042720085107 10.104584045554532 10.161493198379786 10.090390749901617 9.890784598478907 9.561116874256557 9.098896456642462 8.500929239607759 7.763666077898166 6.883695862956521 5.858420423317501 4.686964879228516 3.371414970842553 1.9185599264357516 0.34242876873199407 -1.331780826666389 -3.0705579677420047 -4.841421296918866 
-5.012271567269334 -3.2214012509608305 -1.4185727127247703 0.3334871705351821 1.970639698238247 3.466243426145559 4.808425619807833 5.993385642048426 7.021990334101904 7.8977953110509755 8.625717239648326 9.21109084563593 9.65899492351185 9.973782316412233 10.158766746731727 10.216029096307123 10.146314952189462 9.949005656070543 9.62215649709172 9.162607434542888 8.566183170219542 7.828009876845321 6.942985203130924 5.906448018063554 4.715112410368239 3.3683812780753173 1.8703053306087325 0.23296085665680913 -1.5168924913366084 -3.3151855454324153 -5.0993583214551785 
-5.425014765294956 -3.6098422481317263 -1.6313651646350282 0.23862567391206702 1.9564919165297268 3.505687582571857 4.881672506670191 6.086007136739995 7.123765928608073 8.001886007438317 8.727985927270328 9.309506683955002 9.75310961280308 10.064278659887986 10.24707619117222 10.304006346285192 10.235949843284347 10.042147406358517 9.720223780948666 9.266259505625436 8.674932481684678 7.939764797741338 7.053520361495202 6.008803917185939 4.798913804588133 3.419013669174882 1.8677707289971748 0.14992535526416512 -1.7178298814549169 -3.6918060644856125 -5.500997713557735 
-6.569160099810193 -4.040061582453849 -1.8082213485754994 0.20805129250995438 2.0155589493767208 3.6192938655819646 5.025813555010736 6.244028130030174 7.284479711962622 8.158350037764384 8.876538940170066 9.44895454465323 9.88403980984021 10.188500617518569 10.367176978538557 10.422998652649529 10.356978952200725 10.168218113776923 9.85390639763062 9.40933591728363 8.82794910602867 8.101469596712649 7.2201741126655765 6.173364031817369 4.95007177118958 3.539977513525746 1.934395395236511 0.12698743578545957 -1.8870229276938106 -4.114203348308842 -6.635542873916303 
-12.260514521593171 -6.316004813424224 -2.657697247905187 0.18347130480575813 2.4920278755056158 4.388504970211545 5.944271970178165 7.213028048675087 8.239446549414545 9.061304795667953 9.70984311335613 10.209943744573694 10.58055780625103 10.835361099373207 10.983479125764973 11.030118544469723 10.97698893980253 10.822451192911172 10.561372480401984 10.184706795721615 9.678864018783903 9.024983899732636 8.198279526144155 7.16761367190701 5.895332077523508 4.336928654184442 2.4389504127205606 0.13039769510213797 -2.708675285555631 -6.361636470542804 -12.29226847057513 
-13.407988877350215 -7.830008034929506 -3.3868708242416923 0.02703221586758456 2.7128113727870757 4.831581968022318 6.494304899258794 7.788532681498426 8.78726123827843 9.551130173931318 10.12897952337521 10.558527662613137 10.867561468881346 11.075468094984744 11.194785590420373 11.232487959187658 11.190818716244086 11.067578475558625 10.855838486844302 10.543106627654298 10.110039277536668 9.528885344307758 8.761949857801564 7.760407169672744 6.463646230120438 4.7987677336852785 2.678466781070001 -0.0077287911462540805 -3.420124619732416 -7.858488077398378 -13.427877182368006 
-13.913166084631188 -8.427964789833215 -3.840699382079533 -0.15968150916625085 2.730053426063199 4.966822209864502 6.671784366620801 7.952004688974403 8.900569264182442 9.59550523909813 10.099213806387564 10.459134817084985 10.709500175992147 10.87364772347334 10.966331658534987 10.995605183556775 10.964025524182883 10.86906626617833 10.702705160754276 10.450216910063931 10.088284076086298 9.58267536197881 8.885918103021584 7.935537635440161 6.653411991654186 4.946417425574366 2.7076610028692456 -0.18345742222014272 -3.8642488936088406 -8.448574918794213 -13.927605183778041 
-14.069696368688941 -8.635798686618235 -4.09083082151792 -0.38172368950872015 2.5443748321523354 4.784785903078879 6.455662651500788 7.672765854388292 8.541644170790795 9.151953681910785 9.575096285063077 9.864593138900752 10.058294429797813 10.1814102460914 10.249509720586632 10.270925835511672 10.248273363676464 10.178964402517282 10.054693717807512 9.859918510582126 9.569444979582393 9.145411597218057 8.534231237547987 7.664350171167757 6.445857602793412 4.7729046097316825 2.529633545729443 -0.3995989935462334 -4.110721560687484 -8.654738818650317 -14.083390229520845 
-13.73334630160946 -8.671272451152118 -4.30459446670768 -0.7149190106694711 2.109477591349993 4.245599651903274 5.804069629280383 6.904589605470511 7.659877617908451 8.166252919970376 8.499691833548138 8.716042040017983 8.85377842164216 8.937768859036375 8.982911370890601 8.996977237898678 8.982369338655518 8.936713274043893 8.852269886091467 8.71417687418141 8.497597576208614 8.164062594214096 7.657664465512165 6.902239661498221 5.801070326854326 4.240739418363445 2.1006927520338095 -0.7296837240104458 -4.325477734383126 -8.69439034295033 -13.751656336849548 
-13.61277079801051 -8.946871388928457 -4.841341530131972 -1.472512415204334 1.1608777006089006 3.13170283904046 4.545807525706269 5.5208997749733815 6.16945758951475 6.587692551028794 6.8508172052457414 7.013220041461719 7.111556138508675 7.168912412319651 7.198750684273334 7.2079288842300615 7.198539414200059 7.168522402226744 7.1110595901524984 7.012739637978527 6.85053255711919 6.587828186749772 6.1702308371245165 5.522396213811039 4.547726915108001 3.1328749784713117 1.1582357764369224 -1.4845770639009064 -4.866207863365323 -8.980829778421946 -13.641607845137976 
-14.185284099690358 -9.819978552707521 -6.1191775813572615 -3.124492054711453 -0.791051808432285 0.9454398530180026 2.1780362039451457 3.0137491318443588 3.556576864527169 3.8958567413820737 4.1011154651493404 4.222084946272853 4.291749042670465 4.330470427520197 4.349863247131713 4.355726196407034 4.349809004693385 4.330399179742796 4.291746036214276 4.222302441949494 4.101793841267589 3.8973367683339144 3.559286905226908 3.018143283695213 2.1844371230139212 0.9536131357275662 -0.7829932668380858 -3.125706962805297 -6.150771634250421 -9.876803232423187 -14.24438462994156 
-15.151113744036781 -11.242224255343213 -8.217059456533887 -5.738881285440027 -3.7916203361612757 -2.341664654851762 -1.318003693790243 -0.6314703791240479 -0.19290721067253677 0.07491654021424196 0.2320473500870333 0.32114566699408653 0.3701895832991626 0.39619723833976084 0.40871102664846304 0.41241908768241364 0.40872390387890123 0.39626219636377863 0.3703982405635847 0.3216672048872468 0.23316240298252347 0.07705475016651232 -0.18913018982655252 -0.6252128145073234 -1.3081403436964516 -2.3266766199695583 -3.76990352086406 -5.708580442318878 -8.21691359514696 -11.38909496021187 -15.26276912062584 
-15.48731421952361 -13.336931103642717 -11.205394407998313 -9.322451520898946 -7.8132149885221205 -6.683258415791344 -5.8866558760657295 -5.355611972887668 -5.019854505994857 -4.817883329657106 -4.701829610386989 -4.637808853775047 -4.603754012127843 -4.5863726682592825 -4.578297444642458 -4.57594928293577 -4.57826373779918 -4.586269188353726 -4.603495418404539 -4.637234374668092 -4.700664645970664 -4.81568875033292 -5.015956899735449 -5.348985696841751 -5.8756629940742595 -6.6650315824878055 -7.7816222193267395 -9.266158025945744 -11.056755231022064 -13.334755713474813 -16.52077467321863 
-16.990926109416936 -16.48247010568319 -15.081048390207275 -13.784288734964809 -12.729147021701086 -11.93628385380103 -11.377283860671323 -11.005408018193982 -10.771202099225018 -10.631148104176642 -10.551342368019547 -10.507815565573237 -10.484999693947598 -10.473553155967164 -10.468322450303733 -10.466815509331502 -10.468292910928058 -10.473466999469771 -10.484792551578813 -10.507365273563337 -10.550438021058662 -10.629447111306096 -10.768166735556832 -11.000189718049235 -11.36846329824385 -11.921141479706698 -12.701966384963544 -13.725373568852138 -14.967787253881061 -15.440956438433577 -16.984990219018545 