Step: 3600.0
9.826558231425635 9.630480906160651 10.20853408287611 10.808716966895485 11.476907466860192 12.141850951026514 12.769874801224923 13.343041581259191 13.85214013663885 14.292585539816992 14.662287810631819 14.96046176843268 15.186928398558406 15.341683030728696 15.424617268465852 15.43533571049871 15.373035692757563 15.236432193843088 15.023717335131408 14.732548050734104 14.360058682067175 13.9028994288845 13.357309590058744 12.71925176926072 11.984673473965222 11.150042479044457 10.213635043811621 9.177100440476732 8.062595144417438 6.694629856252614 6.7666966520779885 
9.165390833930953 8.615946224289615 9.078087754605523 9.795530842816726 10.549421253430516 11.287051914303778 11.977285647277174 12.604192872075426 13.159508660198755 13.639173051175314 14.041416589204594 14.365669301633552 14.611902470577117 14.780212152424141 14.870545559593738 14.882517863838332 14.815290675457254 14.667495718436413 14.43719363222366 14.121861391669114 13.718404454247977 13.223193105992234 12.632128879280149 11.940760780568883 11.14450065550956 10.239066917762148 9.221338928758664 8.092457237317914 6.851949809633147 5.670773815464674 4.843863703592012 
6.1644172539201945 6.924227867099768 7.7935904637516895 8.705577938117843 9.596943938841427 10.433093456862112 11.199334975981461 11.887307410331895 12.492686496053324 13.013532615914908 13.449285329604912 13.800100706977572 14.066404333066167 14.248581284354806 14.346757301767555 14.360644335669653 14.289434497511444 14.131732362346069 13.885518556845351 13.548138939026648 13.116314329335644 12.58616640664062 11.953256731455744 11.212638499416734 10.358926031652107 9.386384198904569 8.289140125054407 7.06075490638636 5.704224508185665 4.198705992093961 2.0954121589115404 
2.953176547554608 5.052723257773957 6.426515580161599 7.598440166068605 8.648837523677132 9.596473711281241 10.44591797736373 11.198865895199473 11.856295244051498 12.419229411803121 12.888834794594901 13.266316256447768 13.552758909787237 13.748971819944318 13.855352847222028 13.871780798637607 13.79753611060763 13.631249024858532 13.370872653805963 13.013676748527738 12.556256065938793 11.994544583531102 11.323822397847845 10.538693218421981 9.63298833853925 8.5995040709225 7.429260314384624 6.110120197589817 4.617191974540004 2.867339882788576 0.7826589182115702 
1.3763623809286927 3.4718078257051577 5.159223640132966 6.545268235028256 7.743758587273342 8.798810635849218 9.730000655076807 10.547136084475502 11.255960183226279 11.860348464050274 12.36322347734542 12.76690161356408 13.073190310472327 13.283377560168704 13.398181024116209 13.417689789829781 13.341315171898765 13.167758048233095 12.894994661092428 12.520278545652975 12.040152101770957 11.450456181362835 10.746318060334723 9.922083164232694 8.971124829382164 7.885389215189472 6.65438912011364 5.262493229803445 3.682164370492387 1.8772502259760122 -0.18395506435998174 
0.24115966164552394 2.3155000460804347 4.088407776746075 5.60410575106127 6.914549064164035 8.060167511428734 9.06421255580696 9.94039472790331 10.69734761156409 11.340958744308296 11.875521905835193 12.30428986009997 12.62971643565695 12.85354136294897 12.976800393712205 12.99980614778949 12.922124794854952 12.742561735364614 12.459161641873488 12.069222308370342 11.569316358822485 10.955308806529535 10.222350146048557 9.364811394054833 8.376103840248156 7.248286938808269 5.971278859689258 4.531526880328771 2.91192381142872 1.0950100468167352 -0.9285293378165252 
-0.6180811907563457 1.417492409342969 3.217084442880605 4.795900263224757 6.179858607786761 7.394117006589502 8.458118911221275 9.385364956255168 10.185260969565572 10.864584310103906 11.4284008012628 11.88057708459219 12.224040515450367 12.460892628233905 12.592444906351467 12.619220004351067 12.540944799999911 12.356550408149062 12.064186261781394 11.661249070651222 11.14442192078616 10.509713245521423 9.752479270728564 8.867406464124329 7.848423937257078 6.6885163076883645 5.379463309250196 3.91184884702462 2.2760127422695837 0.46471467493034957 -1.5228912755782733 
-1.2936046160141015 0.7040785000153099 2.5056278445892564 4.114808106784341 5.54353132426237 6.806407170020134 7.916983676126837 8.886327518592193 9.723047562013111 10.433823750157902 11.023893199344439 11.49737747323731 11.857466155174288 12.106501103779758 12.246003116646499 12.27667305231716 12.198389690594846 12.010218343866997 11.710437444954616 11.296584650524188 10.765519072988138 10.113491961124293 9.336214821099862 8.428913070295595 7.386359139378011 6.202904293156954 4.872604389631585 3.38964787328406 1.7493665090755524 -0.05007006070773018 -2.0056086138277607 
-1.8353291917146808 0.12832054874759946 1.9221621643946458 3.5446169468209656 5.000137801203809 6.296408818499046 7.442002869334859 8.44499147598932 9.312407547476356 10.050187105995349 10.663277531786205 11.155748192300111 11.530854755172522 11.79105841953428 11.938017657488922 11.972571967101828 11.894733754679955 11.70369956350723 11.397886872751581 10.97499807908122 10.43210924322664 9.76577804572707 8.972163955540282 8.04715574362923 6.986511088900944 5.786036621790467 4.441874802120563 2.950998537107789 1.311995246259108 -0.47389255484963744 -2.401698364304852 
-2.275193303177063 -0.34097879220053984 1.4417790194539581 3.068831947583918 4.540383421028948 5.859632685411867 7.0313664423071875 8.060917355453837 8.953546738322377 9.714142960099936 10.347088984891192 10.856193324328549 11.244632657441938 11.51489211653364 11.668707490347323 11.707019810614199 11.629952932840597 11.436822239808718 11.126179190563457 10.695892897752255 10.14326666575609 9.465184895437437 8.658284720207984 7.7191485639732536 6.644520498505181 5.431561822451557 4.078176074478074 2.583438202532456 0.9481391743288521 -0.8246031316752239 -2.728793531741462 
-2.635396867697791 -0.7261701052837383 1.0451013826110163 2.6727028170933433 4.154225243818268 5.489835731767778 6.681479633712884 7.732185103799742 8.645538721752825 9.425318609558742 10.075235849387798 10.598737590662253 10.99884406919608 11.2780098385899 11.438010720977728 11.479862745853735 11.403780047821026 11.209177283824173 10.89471977543566 10.458421885512841 9.897791418417151 9.210015352359443 8.392180365371981 7.441521028456655 6.3556898755072035 5.1330467921067555 3.7729683330284063 2.2761763160493036 0.6450744415889271 -1.1159387893261208 -3.0002350348278983 
-2.932551278618143 -1.0442673417070945 0.7166300382299836 2.343487805687158 3.832079219875461 5.180332006191522 6.387961494361852 7.4560714265843995 8.386764509947504 9.182782766406662 9.847183234930299 10.383049188738138 10.79323753504066 11.080165496308206 11.24564154982151 11.290746160202561 11.215767253422067 11.02019406555473 10.70277126533851 10.261613229652452 9.694376038072395 8.998482058100219 8.171388797852345 7.210889903805455 6.1154317991432094 4.884424899968196 3.5185248407055587 2.0198588457817825 0.39217761864891115 -1.359075700067205 -3.2267739969312528 
-3.179998057824927 -1.3090630241538213 0.44347065450037226 2.0701596375784126 3.5652326844001925 4.924700135689035 6.146354039035033 7.22963009102336 8.175345214093536 8.985353103049983 9.66216659513526 10.208587233088155 10.6273693725069 10.92093542017015 11.091151868676526 11.139171830871417 11.06534749490943 10.869214459748619 10.54954874732809 10.104496033341412 9.531770903146846 8.828921238522556 7.993648513906403 7.024167948982113 5.919582249328717 4.680229411659411 3.307952581970989 1.8062376038234225 0.1801833439220245 -1.5636842251786178 -3.417685418552031 
-3.389358150112364 -1.532589376357234 0.2143267957676505 1.842996567002641 3.34594596304657 4.717188945993258 5.952629600835869 7.050170377219711 8.00953441436777 8.83189298648804 9.519405049292272 10.07475050200999 10.500706350877707 10.799790783075588 10.973986330534798 11.024546299657995 10.951885525270129 10.755555410653468 10.43430301089218 9.986213827247992 9.408937321411651 8.699992142759061 7.857143588490025 6.878837195848141 5.764657124334615 4.51575346624122 3.1351520620465836 1.627840017463587 5.440032175712539E-4 -1.738789592581139 -3.5816610378206737 
-3.571838754054898 -1.7263598363809363 0.01862235066347483 1.6531959523476176 3.167500432598039 4.553039837232664 5.803619980343007 6.915676013799911 7.888069058662723 8.721578978505558 9.41829232629209 9.981007108704077 10.412710579031426 10.716152412043314 10.893519324822353 10.946210204062952 10.874708607290382 10.67854980424393 10.356380982565359 9.906114942942432 9.325178756973623 8.61085856939501 7.760738750927065 6.773225831750915 5.648130958354992 4.3872512613892605 2.9948270569246658 1.4776780760660033 -0.15520125698996715 -1.8936544879612993 -3.7277360441273952 
-3.7397162054607325 -1.9027404294648724 -0.15437171202445873 1.4926028370140914 3.024391315301561 4.428908522511896 5.697480872451697 6.825211610421815 7.8104852382525625 8.654126602695007 9.358546894461496 9.926986887678352 10.362890872788011 10.66941501656148 10.849063029648754 10.903438933359315 10.833107470675095 10.63755555669405 10.315252072132939 9.863807478362295 9.280238457766146 8.561345304688535 7.704210160064376 6.706820811681705 5.568813987869974 4.292303045928155 2.8826796798652374 1.3490601471586865 -0.29613341717305525 -2.038926702601547 -3.8665401497327716 
-3.9086096762930054 -2.076892823725866 -0.31650117726340765 1.3537809089353376 2.912940117688999 4.343579802914493 5.6342711334476006 6.7793364809099605 7.777391013743264 8.629956331249325 9.340301623144535 9.912518970832688 10.35080633292296 10.658929616188917 10.839837530944497 10.895406691356886 10.826299504054461 10.631923642710113 10.310488902421021 9.859164441871142 9.274346329553637 8.55205141852199 7.688458516054334 6.680621541343278 5.5273818642513035 4.2305054471408825 2.796038387257022 1.2357271708276707 -0.4328040249354366 -2.188437145354602 -4.012423008261707 
-4.101711763745476 -2.270339086211407 -0.4814929313853265 1.2310231482381466 2.8329089516057544 4.299096629872331 5.616641750781551 6.780489178701739 7.790659247887149 8.650269100413256 9.36410930028931 9.937597129718151 10.376009832297402 10.683935700190244 10.864896999503408 10.921108989188916 10.853348771724969 10.66091769662333 10.341691479098381 9.892262783981321 9.308191446566527 8.584387461132087 7.715661353883336 6.697486892442748 5.527037376679184 4.204591733512643 2.7354889170820496 1.1329108019467335 -0.5779222080523225 -2.3626653267839703 -4.187583915620934 
-4.36218598218392 -2.5164042443041343 -0.665414210802834 1.1255322976311604 2.7902676385076037 4.302157861513854 5.650471921222434 6.8332328491615355 7.853471635526932 8.716988668374054 9.430837521306007 10.002256885967084 10.437922444786395 10.743438784179945 10.923010301984093 10.979242935327004 10.913041520506447 10.723581321538706 10.408346246172869 9.963240273409024 9.3827926317085 8.660491060244098 7.789290572798819 6.762358143756413 5.574132730619962 4.221828489380202 2.707655081323858 1.0425391919089926 -0.7467610761106203 -2.594111456621049 -4.434382521637456 
-4.767357039103494 -2.8945124144263503 -0.8601992260181011 1.053115569850745 2.800223324032831 4.365145040304869 5.745132390841382 6.944199529796543 7.970129929366788 8.832525730279597 9.541428998449913 10.106353038647244 10.535635415526864 10.836034922981428 11.012500353105727 11.0680505428362 11.003721564257132 10.818554731576022 10.509616485605878 10.072058232814376 9.49924168519531 8.782973212859817 7.913907319270347 6.88219117244542 5.67842783102502 4.295046353620553 2.7282403720419715 0.9809454195229511 -0.9307162770191436 -2.9614718219403313 -4.829469714930246 
-5.930276708105149 -3.315004524988779 -1.0155372631699182 1.0497450516975102 2.887962434864451 4.505924499580832 5.913039108356222 7.121591805070543 8.145568132783426 8.999331416178288 9.696513239804375 10.24923500419963 10.667644484105745 10.9596915408878 11.131053974911115 11.185137558436242 11.123097276255667 10.943849942092692 10.644068471678453 10.21816668183333 9.658303724860364 8.954460673372495 8.094665139363734 7.065453243171023 5.85264521377605 4.442450820356247 2.8227859275983938 0.9844432237858609 -1.079189049791349 -3.375019238190392 -5.984067081101768 
-11.71991955117587 -5.528548877088533 -1.7297023961932394 1.1942894783864757 3.540270803998217 5.438917266007117 6.97175685364076 8.20211632970855 9.182895933518413 9.958190207826433 10.563602841701018 11.026722199679202 11.367996031404349 11.601827210645693 11.73764178592929 11.780743083104504 11.732850922635569 11.592285823332007 11.35378858747532 11.00798367697922 10.540525649203238 9.931029628749373 9.151973842591103 8.167827056976972 6.934584656669816 5.399478442680402 3.499390589747014 1.1531180010787216 -1.7695062131228454 -5.564366557364228 -11.744871345069843 
-12.821173431549331 -6.969942082105105 -2.3360179614673546 1.1868116974456813 3.915010760275501 6.025558568592486 7.645795612561417 8.878406772579575 9.808730529456286 10.506239175732969 11.025227033195492 11.406182043699967 11.6778712529194 11.85969251487364 11.963831782270981 11.996923145967118 11.961071292020792 11.854194919173027 11.669685059753492 11.395382586847601 11.011914953494223 10.490532323807015 9.79074868831739 8.858256516651151 7.623576350667579 6.001423795926214 3.889316185474422 1.1603525587751704 -2.361710758894462 -6.992171996654274 -12.836762383197613 
-13.26034349032941 -7.467698133553578 -2.6626432487815337 1.1428577030042677 4.075798663672029 6.293925227524997 7.9397979893553075 9.140212895210304 10.00386148984665 10.619320728075575 11.054860395272186 11.360250549625015 11.56986617111863 11.706169995549924 11.782842440544064 11.807141547727616 11.781333563134059 11.703168869356324 11.565407207386352 11.354385713002074 11.047652557740593 10.610823970742025 9.994083388564626 9.129063105059743 7.927051037658289 6.279264404553955 4.059026354405381 1.1243027195736097 -2.681656125692985 -7.484722557124406 -13.272378950335737 
-13.33371991137628 -7.554864572884727 -2.7740284006360203 1.065779602885254 4.0305204629374956 6.2401616702648885 7.836756381885915 8.95966855813138 9.732436997019256 10.256089237940412 10.60754206554622 10.841657645903638 10.995275020751603 11.091712541679032 11.144724727845054 11.16141490924778 11.143966417659685 11.090212415812696 10.993068512923813 10.838800831486221 10.604105524359062 10.252132636693199 9.727950402316518 8.954471118025586 7.830365296075268 6.231716632873273 4.0189857711356085 1.0506077336240058 -2.7919020618653785 -7.5724773801174114 -13.346609007403286 
-12.872090455121448 -7.450826900648278 -2.8380127252871703 0.8809933088718028 3.733155910219494 5.822820214781391 7.291310976545944 8.285383853608364 8.937297688202484 9.354606009896878 9.617603836929762 9.78190482143513 9.88351290039354 9.94429982095979 9.976639762865432 9.986699065444013 9.976334638079894 9.943709176053867 9.882681726847853 9.780911868289161 9.616564321983986 9.353652722832594 8.936515335753997 8.284663926830543 7.290096834652431 5.8197395648090575 3.7258199426622816 0.8669495238551617 -2.8591183689568798 -7.474849327150523 -12.891296683989964 
-12.660970501379078 -7.634873210519201 -3.282495369880485 0.2096188082795981 2.8607781096077476 4.774891945373669 6.091183908970199 6.955841161141557 7.501019906059459 7.833333462671475 8.03101796944426 8.14693085323748 8.214233355778054 8.252346666329348 8.271840717714351 8.277803086094075 8.271735281662 8.25215934903703 8.214020950651271 8.146800390924625 8.03114365419363 7.8339569941980125 7.502404478812262 6.958133005204312 6.094108101428664 4.7771708609545085 2.858948018979703 0.19731128936597025 -3.309202192168053 -7.671937952487 -12.692576523539792 
-13.211524000114865 -8.483708133781422 -4.546892024861578 -1.4409188498419574 0.9030092191871539 2.580620426443772 3.717707981633977 4.448697318394242 4.895968874753602 5.1579597831379465 5.3061240556899065 5.387893504301551 5.432324179605933 5.455938212424309 5.467433642547986 5.470867012113572 5.467413656337936 5.455925995591007 5.43238886981258 5.388171992441943 5.306855557560967 5.159516142045593 4.898856637086711 4.453493000539393 3.724861931940134 2.589933137059075 0.9123495719009589 -1.4418567387527452 -4.581663658445936 -8.54672558426034 -13.277100058105072 
-14.208980656750462 -9.955181191066561 -6.732570670064395 -4.163478638737265 -2.211550015775502 -0.8163414410165583 0.12198804742333888 0.7167714689087592 1.073107791632531 1.2757484092626241 1.385859230996853 1.443567255364994 1.4730349163827343 1.48769732021041 1.494441949335786 1.4963969565983435 1.4944547401855819 1.4877525911711573 1.4732081890786657 1.4440129011756286 1.3868594978358344 1.277773025377672 1.0768739440833979 0.723295981082355 0.1326329445061216 -0.799799192085153 -2.187336392733399 -4.129736454588454 -6.7324094761481925 -10.117699248003749 -14.332999898205907 
-14.536408145276786 -12.198167588674798 -9.93229898854819 -7.983478714925226 -6.473711666866086 -5.389547053284249 -4.662388892026602 -4.205076314369 -3.9346345943782715 -3.783753385158463 -3.7039557851044984 -3.663658682819582 -3.6440519389990316 -3.634831660385307 -3.6308120358031752 -3.6296823596554955 -3.6307907418213583 -3.634761523153383 -3.6438619975312814 -3.663201112057122 -3.7029530203825365 -3.781725229979826 -3.930802395871765 -4.198222601938485 -4.65058194716168 -5.369500667721135 -6.438607088387443 -7.920891505348797 -9.768103417099518 -12.1960937975005 -15.675172667381108 
-16.17777595236918 -15.636652870304207 -14.149741394578427 -12.809335704950172 -11.75491605601195 -10.995128043699367 -10.485708031161918 -10.166209090588668 -9.978190297155482 -9.87407206274553 -9.819599571750912 -9.792511709251848 -9.779606513778715 -9.773695034027543 -9.771186213929024 -9.770492632426652 -9.7711685204236 -9.773638900045023 -9.779458251078925 -9.792158689765072 -9.818828250175804 -9.872507802907704 -9.975212835508835 -10.160816303663871 -10.476236115407255 -10.978474984676602 -11.724712807094903 -12.743904888896555 -14.024218083314636 -14.490034690128166 -16.171949715119805 