Step: 2970.0
10.297126330708165 10.119268205453265 10.701605276272346 11.312934504418575 11.9881490782439 12.655329678561687 13.280984292532638 13.847912191942257 14.347924535196732 14.777612365770226 15.13611327831373 15.423834160658531 15.641675825363889 15.79053502722044 15.870972351133403 15.882988788999139 15.825880749640376 15.698156669792631 15.49750508494491 15.22080752701209 14.864192177500232 14.423127856428247 13.892565629831582 13.267152783127997 12.541585586684059 11.711252383610324 10.77366255052642 9.730304033097049 8.604091869034525 7.231619864711798 7.283741323478433 
9.644751360805309 9.128924453801668 9.611542975821653 10.342187644181335 11.104359038560263 11.844708597516046 12.532536545083596 13.152773355481546 13.698291531090607 14.166320585789475 14.556430419662206 14.869348909251565 15.106221814643096 15.268125169579676 15.355733355053392 15.369092512007365 15.307472264738621 15.169280417306162 14.952031024597485 14.65235909240619 14.266077083936679 13.788271156294575 13.213441025412083 12.53570120051126 11.749091824013107 10.848129876251603 9.828796688246122 8.691793311395628 7.43738228078419 6.2339483851277135 5.369880407802454 
6.6683301202911185 7.4664055580159845 8.36303756776176 9.292999712038746 10.194699484966419 11.034542953153625 11.798642479234987 12.479715154948925 13.074727854980132 13.583162982830988 14.005920575567819 14.344564898427308 14.600792823885017 14.776048974935089 14.871245037020083 14.886559075550451 14.821300921333341 14.673834872200798 14.441553169220382 14.120894269570547 13.707399783866293 13.195803824503914 12.580149156803293 11.853926586719059 11.010238821156767 10.04198633565892 8.942164469292985 7.703497899098608 6.327918262258923 4.792776733109176 2.647312181379687 
3.48610648236253 5.627468079558651 7.03253311770674 8.225892768152248 9.28890980074818 10.241442832519837 11.089204818455396 11.83517593093951 12.481786886593815 13.031621862799613 13.487432662174394 13.851944630515565 14.127611812628487 14.316382709854164 14.419500126601548 14.437344534603765 14.369324536529819 14.21381486711296 13.968139905440387 13.628598173480118 13.190520449386181 12.648350530021222 11.995732278898318 11.225576530487993 10.330057718414281 9.300437349455589 8.126384143462973 6.79455938219654 5.27891727751434 3.4952359719497657 1.3649763974470015 
1.94077879240928 4.080967799639568 5.802712075111926 7.212869881227997 8.425961758892344 9.48711872328223 10.417158829959185 11.227324905038808 11.924955101567488 12.515618081531429 13.003944250107091 13.393881490772664 13.688702944153166 13.890915315524095 14.002139927553728 14.023003238098122 13.953055852259215 13.79072913930182 13.533332005978252 13.177085102950786 12.717184562201039 12.147881146531008 11.462551530396036 10.653722074543921 9.712972496628986 8.63056683327453 7.394509565890988 5.987868655312561 4.382049005021287 2.5401869676414104 0.4304074802845551 
0.8381940972892706 2.9601059250920314 4.769975855492926 6.312042721916302 7.638795720516086 8.791614533723914 9.795025644965724 10.664267496656892 11.40968402623905 12.038975337501538 12.558258912107824 12.972526282143727 13.285791436625495 13.50109064625844 13.62042127887803 13.644668934634469 13.573550790708683 13.405590032024577 13.138127380023528 12.76736874781494 12.288461558136069 11.695585064397044 10.982030508466904 10.140232399959215 9.161687193670776 8.03665506938032 6.753453318826277 5.297200214913498 3.64980927616418 1.7932883519476062 -0.2816541081155165 
0.0120443550200661 2.0979646748897904 3.936955816412337 5.5441512079636475 6.945924641149966 8.16834984836934 9.232168481376899 10.152477416630129 10.940488081364652 11.604897297640042 12.152702831020504 12.589612637391438 12.920205648454116 13.14795582870298 13.275193159022669 13.303048603524381 13.23141227217515 13.058921660600694 12.782987734783024 12.399859235911055 11.904718913637778 11.29179871595616 10.554493676007207 9.685446055609603 8.676563853175194 7.5189383154228455 6.202682560549855 4.717033363551943 3.0513914378520814 1.1980692809704558 -0.8436649673819693 
-0.6303873606210132 1.4203716321907758 3.263632640084096 4.903041311348236 6.350928525510404 7.622812297584876 8.73356708561958 9.695917166503374 10.520362148755305 11.215599714106222 11.78890095722399 12.246327007569818 12.592807490696096 12.832130620630664 12.966891433018016 12.998434067896806 12.926813197601621 12.750790351993718 12.467873023678129 12.074397657409904 11.565651589124528 10.936023574548834 10.179168100071315 9.288166762079424 8.255675138434793 7.074068873568544 5.735679410404159 4.233324056279737 2.561407672947827 0.7176922079242982 -1.294606806303107 
-1.1394005117981592 0.8799953327008038 2.7177573610082404 4.372158556095748 5.848056200093012 7.154051296877498 8.300078943125905 9.295929929552328 10.15060972239737 10.872166205675542 11.467679116963893 11.943252769546218 12.303969172173238 12.553808247863145 12.695557485888761 12.730734318298543 12.659540084861748 12.48085849094044 12.192305417728189 11.790331277817813 11.270371999224661 10.627040472118887 9.854347739344401 8.945944313926448 7.895380831743237 6.696410452564558 5.343393519636546 3.8318997652004256 2.1595842109902743 0.32729786238910485 -1.659801511891379 
-1.547255184402089 0.4452985296027809 2.2740804162614894 3.9346728402878366 5.427680186992571 6.757237150727661 7.929535084820772 8.951690760460114 9.831020669549552 10.57461881051566 11.189098107532654 11.680396508064273 12.053602431894989 12.312791287366617 12.460882069710271 12.499528202734245 12.42905585330546 12.248459432344406 11.955459599853475 11.546624570124214 11.01755124643769 10.363099106159025 9.577667574750103 8.655508312462732 7.591069500171883 6.379380988624972 5.016503561390404 3.500070041815857 1.8299228143956614 0.008792425375271713 -1.9571147808451965 
-1.8764192789438081 0.09364435106228336 1.912929186691355 3.575532873678555 5.07944891777123 6.425803900804257 7.617995462276161 8.660905206097285 9.560261261247348 10.322144161258498 10.952594797428688 11.457285682672564 11.841234876741199 12.108558889160017 12.262270818025716 12.304133503955393 12.23457706016341 12.052687747290532 11.756271924360922 11.341995257178851 10.805593738930867 10.142149569513094 9.346421910859638 8.413220635902839 7.337811185971693 6.116340701759344 4.746277976274227 3.2268583668401574 1.5595148377747816 -0.25174277877859064 -2.200058719185712 
-2.143714324727548 -0.19220645190272798 1.6185694805193274 3.281753856178997 4.7935240021832035 6.152793039726197 7.360780107775242 8.420517432513865 9.336342331034611 10.11340265899641 10.75719076963737 11.27311533943529 11.666119654209876 11.940355701988018 12.098923620528883 12.143685161670211 12.075158107768615 11.892496387629421 11.593558206654983 11.175061840465458 10.632825707362846 9.962085725117886 9.157878563387547 8.215474090994478 7.1308341854249235 5.901068762731196 4.5248550512427315 3.002785472261749 1.3376157621171827 -0.46560139275033335 -2.399494705557233 
-2.362628377575076 -0.42620232144516523 1.3779470626050663 3.0421451114115707 4.561020380935455 5.931591874453063 7.153209563325181 8.227320271775136 9.157079339964303 9.946861106293797 10.601729139716378 11.126917667552005 11.527360334700232 11.807289113887697 11.969917060527532 12.01721300832034 11.949772935909854 11.766790615389102 11.466128587353147 11.044488928596344 10.497681120010721 9.820980923590847 9.0095687125179 8.05902716539009 6.965865744177973 5.72802349687677 4.345286882066217 2.819555916540949 1.154912758021798 -0.6425031288893789 -2.5647455191616544 
-2.544863896398572 -0.620457759240055 1.1796921718056799 2.8469213684453436 4.374135183838974 5.75636988592986 6.991142895165044 8.078461899025589 9.02050969780758 9.821111422345457 10.485107752386899 11.017729446466234 11.424031823760153 11.708419817447 11.87427760539186 11.92370810382869 11.857383630315628 11.674507665816494 11.372887483416662 10.949117459886864 10.398872251266974 9.717306682668264 8.899553818269347 7.941302280167677 6.839415792114518 5.592529488642773 4.201522655388355 2.669744179367586 1.0028919051163867 -0.7914540862226441 -2.7044904520711026 
-2.7016547418386008 -0.7865008441520147 1.0132479350788162 2.6873362748576293 4.22622577161861 5.6224346258947175 6.871438292162382 7.971891239860462 8.925264811816792 9.735155168074124 10.406484712767579 10.94473536410927 11.355278942040803 11.642830770295522 11.811033120874491 11.86216662511668 11.796985230938587 11.61467091282301 11.312906457041365 10.88806709342673 10.335533535173834 9.650128994272773 8.826679370835787 7.860686486510121 6.749084306821397 5.491009354369396 4.0884453110717525 2.546520339125559 0.8732098776716285 -0.9216386575851498 -2.8277053251732225 
-2.845283615559668 -0.9366712111792938 0.8679950256953896 2.5554349570989987 4.112042177409136 5.526694950100255 6.792451710570015 7.9067884319838875 8.87090116193697 9.688638984118603 10.365435662075798 10.90736733539803 11.320375795833957 11.609660843363933 11.779231404576853 11.831601291920062 11.767616839782615 11.586407723941575 11.285457604092777 10.860796861610504 10.307324841472285 9.61927272407039 8.79081909035231 7.816866117220304 6.693970537195356 5.421388110426169 4.0021040383701765 2.4434834657670335 0.7569823222039624 -1.0435965771341584 -2.944950820780335 
-2.9914441694887297 -1.0861303586325595 0.7322760742659076 2.4441675174457203 4.028404000138125 5.468433928277076 6.754654260971497 7.883997694353253 8.858178884498415 9.682019436641655 10.362040512334993 10.905340609554111 11.318730795341008 11.608091643731749 11.777916765513583 11.831012554760672 11.768331044632909 11.588921431198147 11.289995057213488 10.867107979927155 10.31447438157127 9.62543258178127 8.793092512395457 7.811198191097938 6.675239540811955 5.383840426464701 3.9404055329778265 2.3548389225639967 0.6439196836542488 -1.1710906833562156 -3.0705889302077476 
-3.1636794583684473 -1.256590676890807 0.592628977752132 2.3484992057086544 3.975939341996578 5.4505195048834745 6.761359659080954 7.9064192419338015 8.889244349442148 9.716621613703051 10.396872802384205 10.938607672354633 11.349824617265638 11.637279373428477 11.806059344224971 11.859315382082187 11.798116945427276 11.621410366005426 11.32607323732113 10.907070923283934 10.357734432997582 9.670192687034453 8.836006265171504 7.847064063458031 6.696821771293026 5.381992161579699 3.9048696891069117 2.276555941893351 0.521636766383693 -1.3247396105991205 -3.227123812746961 
-3.406449094189583 -1.482045404338546 0.433351541605998 2.270933001296478 3.9620563228553594 5.480899736302109 6.819384847011942 7.979237107394263 8.967637790627435 9.794542204881118 10.470861773838658 11.0072128962131 11.413072586296176 11.696228605749395 11.862437082139385 11.915222620609448 11.855776970727874 11.682931288597201 11.39319370818978 10.980859630480836 10.438218836834816 9.755902566891073 8.923434850081028 7.930074515605285 6.766059733658031 5.424414800178714 3.903616098071005 2.2119191157964186 0.37526997360116765 -1.5376805588630065 -3.4581908593593336 
-3.8002167845996504 -1.844893971185132 0.26443708288994516 2.229760863948039 4.004221104880581 5.573704045947582 6.9392951268289496 8.109800110770385 9.098028170955326 9.918344335460203 10.585000375315564 11.111036877946141 11.507609968514961 11.783611976001822 11.945477126540494 11.997092586491558 11.939764338536412 11.772211250025133 11.490578948549386 11.088481091102572 10.557093935559891 9.885354141575963 9.06033909800464 8.067938528615542 6.893948023945262 5.525730917607565 3.954655491479704 2.179798181914576 0.21540321831236098 -1.891599461116225 -3.843591817953119 
-4.989549044899508 -2.2499090552189 0.14110739800088679 2.2651808404634823 4.130856717061212 5.749032562415954 7.134855970020879 8.306987010358183 9.285592606425373 10.090504546536561 10.739884527871276 11.249430895653406 11.632009221174622 11.897549146733006 12.053071810627353 12.102756468764504 12.04799625286256 11.887421076852242 11.616881651008331 11.229399851475389 10.715106733913238 10.061217778040648 9.25213665649523 8.2698235656442 7.0945862521771845 5.706411806174134 4.086804010703902 2.220782281932511 0.09761455051262236 -2.291072926920389 -5.026511632260526 
-10.918512781238123 -4.365988539250128 -0.37394809672993506 2.6477868531537827 5.017419737579808 6.884799743686048 8.350399523808496 9.494560006740153 10.383674265927556 11.071267611513084 11.59873311259127 11.996745773398732 12.287147097061217 12.484843511285609 12.599383469831984 12.636070993774112 12.59660755035011 12.479300631306764 12.278859076116271 11.985753985197858 11.58510585606851 11.05510563405439 10.365113171428941 9.473772391764923 8.32760620084171 6.8603043159222254 4.9916774796699155 2.621507146778976 -0.3996612237905687 -4.389342411431727 -10.934810676643284 
-11.9521975527507 -5.702925623860288 -0.8079520049802276 2.8411819680988337 5.5887915824782475 7.6420116377041145 9.158376117227203 10.266726375143971 11.07186365936781 11.655490226911859 12.078039577380668 12.38197019799179 12.5957465194357 12.737607453088136 12.818566166853984 12.844463001520182 12.817122643808723 12.734724223230167 12.59143338409569 12.376245705027006 12.070931084616033 11.647026775206493 11.062058587662525 10.255554215689184 9.145764300338433 7.627884916604348 5.57320691652485 2.824554615141209 -0.824584236240657 -5.717602446789055 -11.962570758645343 
-12.295234452870032 -6.056457447107601 -0.9564809433330905 2.989517544739848 5.933586548937076 8.071272243794168 9.584453602219108 10.633420519393786 11.35060032346962 11.838138161919257 12.169719392819836 12.395330462789339 12.547079617796857 12.644582754959377 12.699135658713754 12.716497296395179 12.698426706169753 12.643168491545572 12.544969290194004 12.392540841402361 12.166271789330379 11.834042273370692 11.345815441418884 10.627792269087376 9.577651574269408 8.06280415167207 5.922994341750586 2.976802130937102 -0.9703556595576852 -6.069388919323095 -12.304518638935962 
-12.242788023717441 -5.962838025410253 -0.8651340556564793 3.1168729724907296 6.07837270808007 8.18442869704679 9.624558573612045 10.577420492815927 11.192767226002651 11.584884082874751 11.834182300212206 11.993339443572747 12.094782598594426 12.157400794062495 12.191560546012504 12.202336017013195 12.191241174641277 12.156767953916761 12.093851544018236 11.992139739998043 11.83275835175819 11.583278254435116 11.190964604166162 10.575233655248669 9.621454910521516 8.179395209422578 6.070090244679819 3.104443559628523 -0.881026940867817 -5.979235147117272 -12.254976257086284 
-11.583351236393035 -5.637344003032703 -0.6955512140678662 3.156993886527235 5.9831081648570485 7.942307535351286 9.231988666404296 10.042922738068725 10.534239447839887 10.824614335906166 10.994585069976093 11.094508872864376 11.15371530041047 11.188269011562936 11.206451853770028 11.212105114142625 11.206339676719141 11.188053261862807 11.153419632362489 11.094184191079732 10.994322544121237 10.824543390049502 10.534476782688937 10.043418506327198 9.232212185975568 7.940757948817539 5.97699601565911 3.1432952131819327 -0.7175448804453456 -5.66313386886839 -11.604180664399536 
-11.219918165605375 -5.662367011831749 -0.978939182971901 2.636143133537076 5.244820367427402 7.01373540673804 8.14285011977533 8.823853653981073 9.214642270274066 9.430411529076045 9.546920587681834 9.609649656703086 9.643798053470093 9.66238766155685 9.67172375873952 9.6745678045469 9.671691248376556 9.662333507513301 9.643753732266672 9.609688122439056 9.547186625672632 9.431147836518912 9.216173062268513 8.826452383698912 8.146373592145112 7.016871009541627 5.243595573327262 2.6230229347487914 -1.0087951018130061 -5.704480340527782 -11.255990670985167 
-11.716198359665995 -6.445558789967144 -2.188174688787793 1.0275300132249017 3.323087516289158 4.85785852649043 5.817061215153228 6.378328668670368 6.687179710376232 6.848342811195301 6.929207983366204 6.9690232437442425 6.988687994180239 6.998476757037549 7.003081934083952 7.004441691114013 7.00307768260555 6.998481416371756 6.9887410445520635 6.969220726429082 6.929753305504202 6.849611611651475 6.689768896663998 6.383022961151953 5.824601401257911 4.868247410309501 3.3339409971265055 1.0267454915634555 -2.2281554970520543 -6.518580022345648 -11.792201431692103 
-12.74113664995406 -7.962738971559635 -4.470748545219178 -1.8139751340301191 0.09019384157482575 1.3574730038309581 2.1400627407986943 2.5890128076685595 2.828924531348746 2.9489779276120167 3.005782136944978 3.0316202480265875 3.043186328545383 3.0483726594595835 3.0506100250807906 3.0512411818078764 3.0506147250916404 3.048396379479285 3.043273020388254 3.0318802179686917 3.006458770514179 2.950547652540384 2.8322179231132867 2.5953260545217596 2.151217211078538 1.3758118573244384 0.11791833143271103 -1.7749690262288942 -4.470673614279723 -8.150326278385952 -12.885130301038636 
-13.03728396342898 -10.414530991853091 -7.968689195509151 -5.959454903176734 -4.4919843101985295 -3.512120853431865 -2.9099580261830313 -2.568307049827249 -2.3889492068545746 -2.3015585356195993 -2.261808297014295 -2.2447408921171337 -2.2376919639228037 -2.2348305847305996 -2.233710069215672 -2.2334116480118715 -2.2337036075941503 -2.2348042346582315 -2.23760394097391 -2.2444843692139553 -2.2611418390263625 -2.2999935436552623 -2.385589973366535 -2.5616364686258715 -2.897503839582062 -3.4897808686559606 -4.451682272215108 -5.886953856860828 -7.779753540531226 -10.412732846600868 -14.342907316577207 
-14.890237925431192 -14.30545739494806 -12.705855443093157 -11.327112298470857 -10.3041071991387 -9.618867394351287 -9.198185715259472 -8.960416064804706 -8.83641668513917 -8.776615093183844 -8.749836166249485 -8.738610639242752 -8.734138847438755 -8.732411872685464 -8.731771977257319 -8.73160769709615 -8.731766795902006 -8.73239135826717 -8.734071245464085 -8.738414210113168 -8.749324547738235 -8.77540657758374 -8.833799113051043 -8.955148752856072 -9.18816135029254 -9.600260438247789 -10.269376455820401 -11.251362571375019 -12.560654252278246 -12.992648060003921 -14.884831320094783 