Step: 1980.0
11.244983607646228 11.099922786783885 11.679143132282595 12.293423075804009 12.956271214392078 13.595538281793647 14.179554802576535 14.69431202833517 15.13552802062547 15.50404050706074 15.803268499936616 16.037675778039986 16.211775293390346 16.329449827603252 16.3934777359284 16.40520638105102 16.36434245771834 16.26884213357962 16.11489142710355 15.896971689237152 15.608008243553666 15.23960385511019 14.782365627185294 14.226350360842213 13.56169535235006 12.77959388635688 11.874138380241595 10.844911051701049 9.715200793595898 8.34594865317612 8.360719978076355 
10.611293944900476 10.159058812912175 10.670221283060117 11.406394395386025 12.156555479867185 12.867272562439947 13.510310384202834 14.074186163271252 14.556069074245217 14.957824144185652 15.283681884561803 15.538780889606947 15.728191643201102 15.856233519655312 15.925989380223376 15.938967512859504 15.894883432121143 15.791545986285753 15.624838785857762 15.38879180291076 15.075740546471394 14.676572833573559 14.181068100195569 13.578346374941793 12.857473478397782 12.008353133617673 11.023122814481226 9.89986596875101 8.639060990048758 7.402919205468858 6.465928645924396 
7.687224126479518 8.558204107016481 9.496382204988686 10.440151227045043 11.332035924419944 12.14175327275176 12.858740315280427 13.479882685492337 14.006907085321169 14.444353762108618 14.798176205512977 15.074707186218573 15.279880203030434 15.418638047267564 15.494489038080847 15.509187648524502 15.462525420351113 15.35222329792591 15.173919499308495 14.921248576528482 14.58600772760531 14.158405936744192 13.627390535399156 12.981044839920827 12.207050915842071 11.293201804591648 10.228017123538418 9.00065166662354 7.609416856864782 6.02703429149484 3.7983982065079505 
4.568302214566518 6.78985198952816 8.244036861874992 9.457053047540164 10.513144284026747 11.435746694835013 12.234697381324573 12.917697663726402 13.492411776595707 13.966910583103486 14.349393634102073 14.64771028335618 14.868858901648842 15.018536375525926 15.100766452470483 15.117618072068712 15.069017413324211 14.952654073383538 14.76398003691788 14.496298540041126 14.14093756791928 13.687498515849214 13.124162937620296 12.438026035638115 11.615395016695006 10.641925292881405 9.502218908410004 8.178493069835554 6.640814754395433 4.8018003709427814 2.5813705621007896 
3.0930225917417475 5.3195892572457275 7.096289683276772 8.530567043480117 9.73921775069104 10.77087037101965 11.650772987317392 12.395323069004348 13.01751887939408 13.528824324015735 13.939699331665402 14.259561295262678 14.496526610918028 14.657093147127014 14.745841895850067 14.765196698549486 14.715261375187463 14.593743356767567 14.395967043701207 14.11497578832273 13.741716669174169 13.26529524205826 12.673275748747754 11.951981177316414 11.086707205700865 10.061673565920888 8.859369238391228 7.458110973536898 5.825546824442559 3.922400219594045 1.7162287103162812 
2.064179528623722 4.278586729142938 6.148545531352199 7.718510507523333 9.042943444599109 10.166663642418069 11.11879706445241 11.920045697809583 12.586778732294766 13.132965376003666 13.570912196917059 13.911409365157056 14.163600056979426 14.334744212487808 14.429970172136635 14.45206564823743 14.401336112344975 14.275545345231007 14.06994476385286 13.777392184614907 13.388554693225462 12.892182326234536 12.275427180296328 11.52416337940286 10.623231853302007 9.556485941629328 8.306425155596566 6.853266519785001 5.175266036161714 3.252358229074239 1.0750841841181626 
1.3136652803375064 3.4981856855006335 5.402116492771044 7.040634058323452 8.441964886098965 9.63562611037525 10.647103373956753 11.497210292431765 12.203499398737634 12.781275593643985 13.244059687836806 13.603667522169058 13.87007719365769 14.051206272970285 14.152677949070947 14.177624839997964 14.126559513839492 13.99732820768505 13.785155989387182 13.48278540458398 13.080704637008377 12.567453881797844 11.929988893616317 11.154068170769934 10.224617164142984 9.126018339257902 7.842331489586618 6.357771154044333 4.6581035023877915 2.733712009312148 0.5838817157026179 
0.747270460657603 2.9026896836792644 4.815566658840836 6.48950159222736 7.9386456150166955 9.182014800224078 10.239378378732354 11.129409981794344 11.86923704461767 12.474476434562522 12.95923217140501 13.335961940210641 13.61524711433397 13.805525343561694 13.912836736530602 13.940620562164188 13.889586837874354 13.757677765201791 13.540127192704412 13.229620942884077 12.816555687187206 12.289388173276 11.635059871962113 10.839476056495553 9.888018068770993 8.766087385994233 7.459752597160264 5.956681824134595 4.247612758189157 2.328426486951641 0.2024486022822372 
0.3133701953979593 2.443368969283031 4.355247682407881 6.047184018940148 7.525868451586576 8.803487468597272 9.895034017960242 10.816475581445355 11.583716719616588 12.21201610082074 12.71557607344829 13.107166824475415 13.397757086125594 13.596167083158107 13.708769889827279 13.73926470642677 13.688539461169515 13.554634322540295 13.332813044733252 13.015745169102923 12.59379819158508 12.055434339137342 11.387701871276219 10.576807720778412 9.608761343840326 8.47009642369586 7.148709062733051 5.63488073953165 3.922531212617962 2.010629088836986 -0.09550756150003173 
-0.02147180442978079 2.0874275918182343 3.9946047806076828 5.69551666150141 7.192638800638031 8.493800077759996 9.610424691928161 10.556035061671604 11.34511133688504 11.99223759311791 12.511423436207826 12.915524865054586 13.21573492243693 13.421144770771162 13.538387322278655 13.571376824038436 13.521155233777893 13.385853101787427 13.160770045785707 12.838577584266027 12.409644425983045 11.862480775750548 11.1842939482536 10.361643849272586 9.381186158147642 8.230495314886463 6.898966329085739 5.3787926800565 3.665990521422044 1.7613788854311712 -0.32864760993384573 
-0.2807196628314164 1.8111540636085803 3.712828437011616 5.418256206021735 6.92735493719653 8.245069060970106 9.380215682019896 10.34431727377136 11.150530370552675 11.812699157715274 12.34452448145593 12.758834595226398 13.066953801804189 13.27817398139831 13.399337352505718 13.43453815389796 13.384948974679046 13.248775822267994 13.021345061869972 12.695324578447924 12.261080014544003 11.707163891330449 11.02093043638995 10.18926236547232 9.199388735404412 8.039766359742506 6.700990894391013 5.176695198541281 3.464378882798919 1.5660946657977513 -0.5110977196933071 
-0.48196896422498736 1.596469650663727 3.4932832538906107 5.201452851170078 6.719141330463241 8.049214992462014 9.198512101611213 10.176952809478335 10.996575393540034 11.670566548290735 12.212336457546092 12.634675613813902 12.94901951044406 13.164838424183838 13.289162230459851 13.326244885515655 13.277370184770692 13.140799517265952 12.91186287641453 12.58319522996758 12.145120155504573 11.586180074245194 10.893806354584775 10.055112373400872 9.057778521931752 7.890981679380896 6.546306316450893 5.0185653307457585 3.306461223918944 1.413034240555306 -0.6541304810727095 
-0.6392227600324629 1.4288651520287552 3.322305074109428 5.033246510305539 6.5583668477952655 7.898782712112521 9.059679526412083 10.04965963604029 10.879870490117161 11.563011778132891 12.112323982803133 12.540640557045544 12.859557564775471 13.07874954531165 13.205442820157923 13.244047444109952 13.19594490712972 13.059428700738325 12.829797184862732 12.499601056935065 12.059049335222761 11.496576265590186 10.799565040148968 9.955210866586441 8.951484582747689 7.778129928380384 6.427599285538411 4.895818231693562 3.1826855794603723 1.2922704295402105 -0.7672556542352127 
-0.7644187321344715 1.2959709909279922 3.188245475632668 4.903532345963678 6.436837742500744 7.787444555604389 8.958945388007699 9.95880649435429 10.79752966031832 11.487577289805289 12.04223562953098 12.474545955610992 12.796378716226549 13.017683072334314 13.145918612218997 13.185663495661908 13.138389717864303 13.002398155400055 12.772910922418891 12.442324153563307 12.000628619624626 11.436006399458453 10.73560657899917 9.886488407190857 8.876692813633863 7.696359839254528 6.338756139176676 4.801036264151351 3.084578882172816 1.1948465072457832 -0.8591050835469698 
-0.868753338205999 1.1863107074609345 3.080622308600971 4.803639066130535 6.347933915061727 7.710415048712958 8.892909449260577 9.90189616010381 10.747556787664951 11.442482934910833 12.000330848227716 12.43459892798785 12.757604246610311 12.979677938931056 13.108571357111165 13.149054462725156 13.102687853637102 12.967755482397743 12.739353526839622 12.409639951632924 11.968257289182926 11.402946036274809 10.700364924463777 9.847122789542045 8.830998017824522 7.642265374135363 6.274952062523527 4.727733518245238 3.0041346478443423 1.1118792023645918 -0.9383856303452929 
-0.9642555247294708 1.0878620875095943 2.9892483562554997 4.726129742389769 6.286910575909622 7.664976908589387 8.860083659984221 9.87801446833571 10.729180058377517 11.426858708011181 11.985535758919372 12.41950038547383 12.741735862215844 12.963086295705422 13.091663793688285 13.13245840294202 13.087120300128824 12.953894902490822 12.727704256693311 12.400381023507222 11.961073795982596 11.396853174602558 10.693554559144372 9.836891419192478 8.813853575903357 7.614352138213664 6.232952018486402 4.6702364381628865 2.9331039746832217 1.0333390719271964 -1.0152254918887542 
-1.066308157338123 0.9859301352652265 2.9032455554520062 4.665002584661437 6.25168950028857 7.651339151971151 8.861544143853907 9.888257691233074 10.743103824489921 11.44087840241352 11.997505043179407 12.428467435671346 12.747658478986363 12.966567310759295 13.093729007208339 13.134376017432238 13.090248267335658 12.959536756680217 12.736952302664163 12.413927331576733 11.978975286666813 11.418249822145158 10.716363499288342 9.857539737537705 8.827175492413904 7.613873133727643 6.2119198605670976 4.623951672043993 2.8621236691308325 0.9460676286013232 -1.1035488545904026 
-1.1984759495544723 0.859118399261902 2.810304047323262 4.617014293786559 6.244832579673508 7.673966865144334 8.901675907985616 9.936079810747147 10.791623020942918 11.485753123652376 12.036563005118223 12.461159436484559 12.77456841456638 12.989022399617767 13.113510883662654 13.153511299049848 13.11084798662396 12.983651184885398 12.76640717465759 12.450107987884858 12.022528173938372 11.46868021250381 10.771530724235589 9.913095131561718 8.876064792360197 7.646155725597018 6.215415856877118 4.586743871479418 2.780057243622842 0.8298479596305359 -1.2258041934935864 
-1.4068975979016707 0.6730772073693451 2.6963597067408944 4.587939245441664 6.276905704386544 7.743203608777159 8.98879424532951 10.02740485253635 10.878502248807504 11.563528438158531 12.103495412611029 12.517496638901585 12.821825842983369 13.029475868394906 13.149861956909643 13.188673812817147 13.14780427047402 13.025330148535453 12.815538203338335 12.509002844856948 12.092739567612192 11.550485757196867 10.863203958767228 10.00996273088834 8.969421877636126 7.722231186961483 6.254785176190125 4.5652368027044306 2.6737327633053 0.6512236919872462 -1.4272828143436256 
-1.7771323432564667 0.34067890870064826 2.5767283833035175 4.6020296616702545 6.370215626141117 7.87640258535498 9.135214777034813 10.17027024641532 11.008496693985702 11.676627265536395 12.19917170489419 12.597370987314404 12.888740267060923 13.086913018741292 13.201611429272857 13.238655424431855 13.19997555302015 13.083619629405016 12.88375135380084 12.590642303781083 12.19066699398381 11.666335378704341 10.996450066939403 10.156562969001781 9.120018405347484 7.859977808817379 6.352917827093197 4.584306405868615 2.559106606120577 0.323741598280683 -1.7929141936496087 
-3.017895155833333 -0.02887157742980701 2.5188900803293364 4.709353385391294 6.559908767274187 8.097465206957377 9.356274392785524 10.373764847815183 11.186408006541448 11.82710337237589 12.324000277986933 12.700268064212551 12.9743119246696 13.160097177143506 13.267422440298665 13.302099486676727 13.266049320860533 13.157333070050393 12.970125506651467 12.694623019687459 12.31686706393535 11.818473165288074 11.176307469320436 10.362270406019492 9.34352508409536 8.083673547029065 6.545368923498829 4.694445204729912 2.504078341043943 -0.043038822461632535 -3.0306811361362485 
-9.22428706907293 -1.931443339392968 2.3970820267432202 5.512404748315456 7.797959503087496 9.466683737074966 10.676333818210617 11.551407179710525 12.18664684609204 12.650277370999106 12.989238054107311 13.235005116882958 13.408527207905635 13.523677360249525 13.58933441042895 13.61048985821506 13.588756107940286 13.522511015147074 13.406755429663955 13.232606722100957 12.986192837194093 12.64657017434633 12.182268942152445 11.546354511090291 10.670606344813715 9.460296239207086 7.790975002257725 5.50499138023987 2.3895806321963224 -1.9384282161030133 -9.229177193306121 
-10.135363246699292 -3.0863000132672633 2.2518328247485355 6.006085050315208 8.611910608808227 10.375211978850619 11.54190318546191 12.304742733579255 12.804657360975005 13.136942062733558 13.361824565442191 13.515634028277342 13.619837764456715 13.68710623999712 13.724829948646132 13.736919360062794 13.724602746782546 13.686647247639037 13.619138830010192 13.51468519402419 13.360615414840513 13.135459717073793 12.802876183172728 12.302602445968008 11.539283811200118 10.371935043325054 8.60780869703214 6.0011547678128085 2.2464204771567946 -3.091363868334073 -10.139022045972041 
-10.310463119494758 -3.1951220980255046 2.3827701117731994 6.421568365869628 9.16982574878517 10.947884585207817 12.049195676378172 12.710859024648915 13.103916608475512 13.33986040776181 13.485345863175906 13.577683088943001 13.636965983006561 13.673905430666634 13.694192308406489 13.70064181147254 13.694109246740268 13.673737541714077 13.636710521455099 13.577337861750525 13.484910422731648 13.33933228650821 13.103271358185165 12.709998351294093 12.047864396710679 10.945616156659767 9.166039846010117 6.415920305057749 2.3756416270496956 -3.202354469266534 -10.31582216817343 
-10.01987195465359 -2.768729697086147 2.819824502807975 6.861508015072064 9.569839172024762 11.259100921797257 12.248561664030575 12.799996674752972 13.098416719366393 13.25963429966037 13.349123070780038 13.401017577527893 13.432180146490385 13.45076591449574 13.460717318699867 13.463848268369638 13.460689568304993 13.450710027713187 13.432096378096848 13.400909608764424 13.349002857490888 13.259524453363094 13.098331542042947 12.799859964523932 12.248013193425596 11.257241761905146 9.5652373461954 6.852856782413237 2.807270023079843 -2.7826093097301463 -10.030426683141117 
-8.937849289374036 -1.976955379332767 3.453016887011196 7.312307010416415 9.814367917308878 11.30003832469984 12.113439534050737 12.528640100319013 12.730069640599618 12.825851277187093 12.872352467486941 12.896259221782529 12.909369928704974 12.91674459580023 12.92056462763878 12.921749874513296 12.920557710053243 12.916730910585418 12.909351111142382 12.89624317892747 12.872365693987847 12.825959966350714 12.730390367966786 12.529266496242869 12.114136043676298 11.299541966153397 9.809656723771461 7.299526976037215 3.4305630811592662 -2.0045019367040435 -8.960472568917085 
-8.206611204085604 -1.6066998877478105 3.5649154513457226 7.154459964038797 9.40208927956428 10.678086994879019 11.336137131084357 11.646317222387827 11.781848266496175 11.838289842819671 11.861768171880387 11.872117449189025 11.877134765251867 11.879740326837933 11.881032013376911 11.881425455592579 11.88103065542798 11.879737870799177 11.87713335090077 11.872128045841238 11.861832210441758 11.838528290899475 11.782532948297614 11.647884347142199 11.338902294305827 10.681245279741393 9.401350334595376 7.140205188168276 3.530054557057835 -1.657546496735384 -8.250578337081908 
-8.502269644282691 -2.1331802380829745 2.6148692722300115 5.799269177838136 7.745685529083233 8.817975690897383 9.348278863570235 9.583861635767164 9.678476235889189 9.713443476988102 9.725816029902147 9.73031695288359 9.73214329080439 9.73298342157911 9.733374160961171 9.733490167874711 9.733373927034558 9.732983244886046 9.732145780936579 9.730336666503822 9.725912680247303 9.713808188755797 9.679595857649195 9.586714023388025 9.354319664512202 8.828290533050634 7.75832751175283 5.798719191593553 2.564088811574499 -2.2276963581926816 -8.601043953238621 
-9.486249710939095 -3.60682162472702 0.30361308817306343 2.923853612228393 4.520443306613895 5.388306895194774 5.807281447694487 5.986495096108532 6.054419421279962 6.077365652212358 6.084423702271833 6.086516069543941 6.087183120515173 6.087435844705983 6.0875418750883314 6.087572167660294 6.087541827219183 6.087436038048029 6.087186425084559 6.086539488815586 6.0845406704506955 6.0778245560791975 6.055899761296107 5.990523394560976 5.8166781486025 5.407339368919035 4.5534849638660235 2.9738285928091925 0.3035646166275531 -3.852266694250775 -9.677014074955238 
-9.623334319212518 -6.409175597630949 -3.700643265901325 -1.7363569350756192 -0.5179920155980393 0.144557880075382 0.4611704129128144 0.5939231455135737 0.6425989049174763 0.6581659049608466 0.6625229170646076 0.6636170492779604 0.6638852607561001 0.6639611757808261 0.6639877121195752 0.6639948136992848 0.6639876883237156 0.6639613833100267 0.6638884156985347 0.663639834691314 0.6626395761890453 0.6586356626780718 0.644160030584578 0.5983340079087226 0.47203127741897977 0.16842301767353846 -0.4689216244321621 -1.6424568204111336 -3.4545795442428937 -6.40816380218651 -11.312719879799094 
-11.92895470018486 -11.282591250344387 -9.528118939714998 -8.18941976664113 -7.344303084555387 -6.883416998381015 -6.663686524399268 -6.572158831106082 -6.538988898197547 -6.528591868381596 -6.525786060302441 -6.52513022137185 -6.524990956872978 -6.5249596042596005 -6.5249506148623455 -6.5249483925251175 -6.524950632003627 -6.524959450064425 -6.524988569983694 -6.525112770610026 -6.525695816830014 -6.528224922432712 -6.537756214205023 -6.568627555027994 -6.65483332299706 -6.863315902161272 -7.301731050254468 -8.091057953472637 -9.336834205239441 -9.588394383742388 -11.925195901996204 