Step: 90.0
14.659993171667878 14.495391850867396 14.666795722693108 14.73807021928913 14.776657950744735 14.793025691248063 14.799403990563276 14.80174042613772 14.802563393090653 14.802845126764407 14.80293955710413 14.802970692329273 14.802980821899022 14.802984071962031 14.802985070725654 14.802985262083489 14.802984919380995 14.80298352027074 14.80297896526227 14.802964500168184 14.802918977261736 14.802776972614208 14.802338664805944 14.801003455920412 14.797004391643284 14.785286650041048 14.752052115787613 14.661359225534232 14.438599227787702 13.843798220487091 13.964423656304062 
14.399132400706529 14.01662582373751 14.15043031828465 14.26276867366543 14.312148288356726 14.332197760020499 14.339717863298514 14.342416216196947 14.343353030846233 14.343670585971994 14.343776258233758 14.34381091298479 14.343822141117744 14.343825732204454 14.343826833551995 14.343827045968682 14.343826675136318 14.34382515570539 14.343820205129624 14.34380447194941 14.343754910565117 14.343600112095631 14.343121492162592 14.341660068283028 14.337267409027927 14.324338363889577 14.287284337342932 14.185840494849359 13.918154190423605 13.375956375687865 12.403613243377796 
12.458991290988221 13.384278082377332 13.826920781998583 14.015640338414451 14.090343095687803 14.117678422320024 14.12736220065104 14.130697603982783 14.13182330940978 14.132197032375398 14.132319467731014 14.13235913903384 14.132371871535486 14.13237591364307 14.13237714749778 14.13237738944597 14.132376993699827 14.132375356646284 14.132370012523316 14.132352997704311 14.132299276545425 14.132130986763793 14.131608606126811 14.130004977083818 14.125149484361655 14.110696603382737 14.068678510311713 13.949718258821324 13.632427313452919 12.806378162792713 10.541115415943434 
10.54025684794408 12.79495893500723 13.595790972001861 13.888973898424782 13.993270267906347 14.029560352748655 14.041882663768478 14.045999170712584 14.047355420237329 14.047797266845425 14.047939849296665 14.047985487110072 14.0479999887626 14.048004555326317 14.048005942139154 14.048006219856827 14.048005802776052 14.048004054552077 14.047998334091686 14.047980083754714 14.04792231790063 14.04774078792672 14.047175035006548 14.04542923031099 14.040106286339865 14.024121352445308 13.97699322863382 13.84181231199633 13.464569556656024 12.450591375359394 10.181150810448232 
10.176376368109576 12.442899801572302 13.450343530469205 13.82044969036302 13.950421834572962 13.994729064147062 14.009542711196707 14.014417952950732 14.01600352504274 14.016514219079728 14.016677394085482 14.01672917585069 14.016745507694665 14.016750618241396 14.016752164227288 14.016752480477864 14.016752045934489 14.016750197763113 14.016744137571683 14.016724773382983 14.016663372901123 14.016470010810695 14.015865858503963 14.013995927985935 14.008275099561716 13.991023717561903 13.940001782822973 13.792827272974053 13.384283468611136 12.342666446743436 10.061002038835097 
10.058310316361894 12.33913782795358 13.378972687180688 13.785464945835448 13.930943368181216 13.980889376324585 13.997591289943324 14.003077762791724 14.004856073553938 14.00542658942975 14.005608119780382 14.005665488895486 14.005683511542177 14.005689130961485 14.005690827518709 14.005691181318134 14.005690733263663 14.005688800540538 14.005682454001349 14.005662161053875 14.005597774068804 14.005394878111 14.004760580018054 14.00279670286884 13.996788888096976 13.978694410715374 13.92531364524465 13.772479644706396 13.35603900957354 12.306961216888462 10.024694789877373 
10.023537312038474 12.305551345935237 13.354132208193127 13.769981975219624 13.922290656183828 13.975298658198728 13.993175812300455 13.999076318160878 14.000993867840599 14.001609739575034 14.001805730065623 14.001867637887043 14.00188706872929 14.001893120760798 14.00189494761444 14.001895334856902 14.001894877025823 14.001892877458117 14.001886306978028 14.001865301846419 14.001798682240352 14.001588885830515 14.00093367051041 13.998908095253093 13.992726073841986 13.97417064070481 13.91972380078709 13.765097970816473 13.34640827532551 12.295690026545598 10.013358309758798 
10.012912866915531 12.295167121783827 13.34574381326173 13.76426306730032 13.918729573854199 13.97305445926235 13.991531369064807 13.997670074587502 13.999674718797111 14.000320846602808 14.000526980988791 14.0005922048516 14.000612699392954 14.000619087366601 14.000621017809976 14.000621432451373 14.000620968083632 14.00061891936368 14.000612186984275 14.000590681095808 14.000522546065739 14.000308269589706 13.999640220123775 13.997579531765757 13.991307741092545 13.97254786558798 13.917724407632809 13.762544944548061 13.343260402928786 12.29214331625795 10.00985913784207 
10.009697935960082 12.291958060638615 13.343034242651434 13.76226939535857 13.917401118894661 13.972185944175669 13.990919054861019 13.997174726558905 13.999226858349006 13.99989083427504 14.000103336647555 14.000170748963022 14.000191974881409 14.000198601813409 14.000200608072465 14.000201043426545 14.000200575103724 14.000198492959422 14.000191652782863 14.000169824746058 14.000100756646834 13.999883869291255 13.999208847532419 13.997130724383636 13.990819463258562 13.971983051575721 13.917035377665869 13.761694350388481 13.342250401481605 12.291039218030809 10.00878059207726 
10.008724411523012 12.29097553490095 13.342174780557757 13.76160437926751 13.916931213568441 13.971866915429063 13.990694547624408 13.997000140725152 13.999075007359673 13.999748344736073 13.999964436592691 14.000033156135487 14.000054839955293 14.000061622342232 14.000063679512795 14.000064129280634 14.000063658929284 14.000061556115226 14.00005465058159 14.00003263424815 13.999963046574406 13.999744793018161 13.99906639888393 13.996980646609678 13.990654104560301 13.971791185764333 13.916804748064052 13.761417298021472 13.34193105731357 12.29069750931635 10.00844955212958 
10.008430212314192 12.290675833945505 13.341905935341313 13.761388086065384 13.91677142403673 13.971754265680957 13.990614406433977 13.996939032571726 13.99902359500719 13.999701318107588 13.999919224758838 13.999988646258563 14.00001058786715 14.000017461061178 14.000019548877313 14.000020007696833 14.000019536767157 14.000017423188117 14.000010483579965 13.999988371324717 13.999918528977577 13.999699641730263 13.99901979483786 13.996931042339739 13.990599015793341 13.971727382383696 13.916729126620373 13.761328446232323 13.341830895776198 12.29059205727134 10.00834799568728 
10.008340451139908 12.290583827495258 13.3418219337942 13.761318690464494 13.91671852463221 13.971715927507043 13.990586773890797 13.99691814616798 13.999006412578247 13.999685936608035 13.99990463154345 13.999974370250058 13.999996431353564 14.00000334727599 14.000005449709239 14.000005913184026 14.000005442987899 14.000003326886915 13.999996377441002 13.99997423468294 13.999904306349942 13.999685198529104 13.999004844538701 13.996915059515779 13.990581192636837 13.97170671604262 13.916704713740318 13.76129994899276 13.341799003430486 12.290558663722392 10.00831590315997 
10.008309379489525 12.290552146680236 13.341793445443802 13.761295733085658 13.916701592786215 13.971704099951555 13.990578501007738 13.996911958970923 13.999001264977222 13.999681233773877 13.999900092679214 13.999969884028124 13.999991959638773 13.999998878808693 14.000000981914617 14.000001446199418 14.000000978389936 13.999998868452458 13.999991933391208 13.999969821168353 13.999899949797674 13.999680927683903 13.99900065200673 13.99691081992315 13.990576548357666 13.971701025596067 13.916697162358854 13.761289907082196 13.341786478717685 12.290544608686455 10.008302061912866 
10.008285196906398 12.29052878140277 13.341775827846 13.761285766389976 13.916698169160753 13.971704412843284 13.990579932429293 13.996912954675194 13.999001391984313 13.999680636579502 13.999899061711975 13.999968636361233 13.999990615532475 13.999997495262932 13.999999583806755 14.000000044882308 13.999999582056535 13.999997490284933 13.999990603446967 13.999968608791104 13.99989900222276 13.999680515772434 13.999001162491528 13.99691254898098 13.99057926780448 13.971703407074447 13.916696767017324 13.761283970365659 13.341773720886785 12.290526528465188 10.008283018804562 
10.00822303051967 12.290472270905637 13.341741256153563 13.761277734045436 13.916708592636365 13.97172169415995 13.990594998359194 13.996922698198865 13.999006367450257 13.999682704853846 13.999899678647319 13.999968612324599 13.999990330919397 13.99999711115738 13.999999164580716 13.999999617374781 13.999999163755376 13.999997108884353 13.99999032562974 13.999968600810464 13.99989965498308 13.999682659073708 13.999006284445516 13.996922557684428 13.990594776945974 13.971721370218793 13.91670815356391 13.761277184023282 13.341740621308979 12.290471598859233 10.008222383061804 
10.008000713856974 12.290273827413108 13.341640831739879 13.761277778043747 13.916771338668797 13.971792938671348 13.990647739610916 13.996951695981037 13.999019799200267 13.999688256522209 13.99990176257509 13.999969299260654 13.999990488251276 13.999997076952972 13.999999065395814 13.99999950293824 13.999999065024902 13.99999707596265 13.999990486038184 13.999969294651061 13.999901753515363 13.99968823974276 13.999019770004058 13.996951648388213 13.990647667099928 13.97179283562397 13.91677120233782 13.76127761050256 13.341640641045084 12.290273627281108 10.008000521627013 
10.00712678715324 12.289570884170766 13.341331989064903 13.76140040263539 13.917055414005816 13.972057793451766 13.99080032149639 13.997022661557278 13.99904911625951 13.999699479779038 13.999905828302907 13.999970700981333 13.999990939987386 13.999997201332794 13.999999082726719 13.99999949556888 13.999999082567202 13.999997200919127 13.999990939097318 13.999970699201373 13.99990582494383 13.999699473795626 13.999049106220816 13.997022645726577 13.99080029807571 13.972057761000663 13.917055371966716 13.761400351828733 13.341331931933713 12.28957082466766 10.007126730144696 
10.00391566932769 12.286710273475347 13.340793792299579 13.762188206359161 13.918370425938837 13.972859740101788 13.991169660876531 13.997171976858231 13.999105032707693 13.99971940040004 13.999912679257212 13.999972992614701 13.999991686592905 13.999997436840863 13.999999156329052 13.999999532478533 13.999999156263085 13.999997436674315 13.999991686246855 13.99997299194796 13.999912678044367 13.999719398313996 13.999105029318864 13.997171971669506 13.99116965339531 13.972859729963792 13.918370413054255 13.7621881910006 13.34079377524465 12.286710255795164 10.003915652473937 
9.987133719912368 12.27862014779178 13.339047324829414 13.768730237405995 13.922640086708222 13.974773120106047 13.991917773330673 13.997443603033384 13.999199221425172 13.999751074845468 13.999923096110471 13.999976360941238 13.99999276081641 13.999997776652291 13.999999269430097 13.999999594995138 13.999999269403647 13.999997776587131 13.999992760685277 13.99997636069704 13.999923095680984 13.999751074129167 13.999199220297081 13.99744360134449 13.991917770964655 13.974773116949871 13.922640082749258 13.768730232850846 13.339047319607758 12.278620142740444 9.987133714704818 
9.94506842983973 12.21547345982518 13.372560788978756 13.792032451169849 13.932462985685381 13.978430341214876 13.993195768753427 13.997873064589177 13.999340049123779 13.999796429709138 13.999937513488147 13.999980897020432 13.999994176939241 13.999998218445075 13.99999941635277 13.999999676927011 13.999999416342161 13.999998218419496 13.99999417688928 13.99998089693025 13.999937513334185 13.999796429461135 13.999340048735728 13.997873064052058 13.993195767929986 13.978430340313045 13.932462984403804 13.792032449458524 13.372560788461021 12.215473456368892 9.945068430096065 
9.073441989163776 12.404370289964938 13.505002600786254 13.841297752204422 13.949567616700609 13.984152260666146 13.995054361904854 13.998467659011848 13.99952773698545 13.999855143292443 13.999955740938693 13.999986522632332 13.999995905520006 13.99999875093803 13.999999591860067 13.999999774439624 13.999999591855042 13.999998750926103 13.999995905497022 13.999986522591977 13.999955740870792 13.999855143182957 13.999527736838218 13.998467658702689 13.995054361871057 13.984152259490283 13.94956761756328 13.841297751047419 13.505002595764205 12.404370304059436 9.073441962424608 
5.270427088721808 13.576619859720378 14.001510941930878 13.987844433188098 13.997946453890556 13.9993089133041 13.999822245421875 13.99994817600398 13.999985590155381 13.999995866455377 13.99999882514979 13.999999662421533 13.999999902797194 13.999999971471222 13.999999990797901 13.999999994853004 13.999999990798004 13.999999971471084 13.999999902798427 13.999999662418764 13.999998825158473 13.999995866454597 13.999985590044616 13.999948176834636 13.99982224160459 13.999308926169185 13.997946423514154 13.987844473986257 14.001510949933332 13.576619707048037 5.270427384348547 
5.5950331244961165 13.388443177803344 14.05060486421372 13.997030067808177 14.000044181018973 13.999994124070334 13.999994644557482 13.999999729832222 13.999999710898944 13.999999972899793 13.99999999623237 14.000000010631402 14.00000001331558 14.000000014264016 14.000000014493143 14.000000014544598 14.000000014492983 14.000000014264849 14.000000013311798 14.000000010646474 13.999999996181955 13.999999973018712 13.999999710890759 13.999999727872334 13.999994658307862 13.999994062989591 14.000044371469544 13.997029687307384 14.050605158699843 13.388443758013459 5.595031471343733 
5.566423673162891 13.403655133726268 14.040353011062944 13.999075298869133 13.999928759848046 14.000006120416897 14.000000350970556 13.999999225145665 13.999999695684389 13.99999959764036 13.999999616412307 13.999999613575488 13.999999614083652 13.99999961402405 13.999999614037273 13.999999614036065 13.999999614037668 13.999999614021723 13.999999614095621 13.999999613520089 13.999999616639682 13.999999596857776 13.999999697590134 13.999999224877213 14.000000319633576 14.00000634164539 13.999927804683576 13.999078012753749 14.040348885468328 13.403654913860825 5.5664326080615165 
5.514739373315245 13.47266967618772 14.05177593410502 13.997170681823803 14.000062806931338 14.00002489738034 14.000005205604246 14.00000965237472 14.000008916617496 14.000009026881912 14.00000901116079 14.000009013340852 14.000009013048516 14.000009013086803 14.000009013082092 14.000009013082812 14.00000901308128 14.000009013092201 14.00000901301674 14.000009013509558 14.000009010351508 14.000009030319346 14.000008904365645 14.000009683447557 14.000005197852726 14.00002439158972 14.00006642043589 13.99715565398923 14.051812825371393 13.47264003784989 5.514692059375098 
7.286617959490207 13.862635909798021 14.041287988856636 13.994411673740261 14.000462296728347 13.99978109639301 13.999852708983804 13.999845615541924 13.999846265251664 13.999846214311615 13.999846216612037 13.999846216914126 13.999846216784507 13.999846216815781 13.999846216809278 13.99984621681071 13.999846216810335 13.999846216806073 13.999846216853475 13.999846216488628 13.999846218968912 13.9998462025478 13.999846317219028 13.999845422638728 13.999853222109515 13.999780903676132 14.00045399256017 13.994471972793223 14.041050539023477 13.863078122358244 7.286821672717951 
8.572785339214882 14.08714047617125 14.028180803163947 13.995096475833009 14.001838831002816 14.000837138110667 14.00097159736908 14.000954107996757 14.00095639710543 14.000956088347037 14.000956131801836 14.000956125411696 14.00095612638654 14.000956126233891 14.000956126258448 14.000956126253206 14.000956126259162 14.000956126240972 14.00095612628948 14.000956126204628 14.000956126473897 14.000956119852596 14.00095623093368 14.000954877448365 14.000968639809507 14.00084499127692 14.00183916132319 13.994937214652534 14.029208857495112 14.084111954907245 8.573486698762963 
8.490904539975398 14.080591577076131 14.026829541473283 13.986415082675304 13.99453657129373 13.993382192071248 13.993522034732438 13.993507157772044 13.993508486906034 13.993508409413066 13.993508405374403 13.993508407928594 13.993508407309532 13.993508407430253 13.99350840740822 13.993508407415666 13.993508407398103 13.993508407463466 13.99350840727441 13.993508407309056 13.99350841298102 13.993508347905088 13.99350890156624 13.993504710840472 13.993534622793968 13.993328588491751 13.99469391159617 13.986415459019534 14.023297344535221 14.100764337113166 8.47305931397797 
8.26027513402226 14.20559340678753 14.051849467297389 14.023868094337216 14.031105377473862 14.029905057936961 14.030078911943459 14.030055155700614 14.030058313493711 14.03005789966634 14.030057953355765 14.030057946477584 14.030057947339703 14.03005794723564 14.030057947248965 14.030057947238666 14.030057947284067 14.0300579470711 14.030057948006519 14.030057944342785 14.030057955554794 14.030057944840674 14.030057739493852 14.030060003159667 14.030044924367848 14.030109944693312 14.030082905507989 14.027399438973116 14.051849565309722 14.10740706116251 8.50285889922535 
11.188313638996508 14.172427146177 14.108188499135414 14.095621414390266 14.098408504396625 14.097999625835483 14.098053916172889 14.09804660474719 14.098047671767 14.098047499620435 14.098047529657945 14.098047524189356 14.09804752519968 14.09804752501364 14.098047525044759 14.098047525055241 14.098047524968393 14.098047525421562 14.098047523156973 14.09804753392251 14.098047487044427 14.098047655566914 14.09804737046416 14.098044383310686 14.098092365896653 14.097620770165308 14.101431670537654 14.075448738204226 14.206374819674974 14.172427915697039 8.317300725279534 
8.893800460053527 8.317172599136526 8.502928014479986 8.478557219993824 8.480632848340592 8.480596578991095 8.480562582320626 8.480572977092786 8.480570714302287 8.480571149295388 8.480571070514536 8.480571084342793 8.480571081955912 8.480571082363639 8.480571082298207 8.480571082287028 8.480571082410624 8.480571081731092 8.480571085377568 8.480571066041927 8.480571167064426 8.480570649899654 8.480573216332688 8.480561165325785 8.480611203053531 8.48047509781842 8.479913707855149 8.496405809737867 8.260343917768203 11.188187874915876 8.893802646326915 