Step: 3735.0
9.734472510751809 9.534703720658667 10.111538215405677 10.70890617020561 11.374855911316713 12.03829522984751 12.665560443428117 13.238623791883601 13.748134586424998 14.189341728462677 14.559979021893989 14.859088751601089 15.08633497180302 15.241581901464 15.324624173279725 15.335009712263426 15.271923235440239 15.134112354337757 14.919845649236512 14.626896334659662 14.252548415596175 13.793626489183664 13.24655837696295 12.607496938156713 11.872567356157543 11.038385100417475 10.103320268670245 9.06900847436037 7.957426759680071 6.590729550862932 6.666782443365143 
9.071609509360677 8.515452473931166 8.973175256408947 9.687350300853094 10.438682837117268 11.174626598100655 11.864006855611846 12.49078415623925 13.046536655341022 13.527021440330692 13.930276394523636 14.255543458954477 14.50262306902384 14.671468633920767 14.761921883858697 14.773536323861304 14.70545977660481 14.556359353275104 14.324378714110011 14.007121160277633 13.601654830149581 13.104539729096114 12.511882774944292 11.819440874103316 11.022821418516275 10.117908946840036 9.101697395026067 7.975363608272018 6.738257769901745 5.561813362543525 4.742224582795729 
6.06590587194075 6.81809172062716 7.681683443182328 8.589424875838596 9.477767677931812 10.311958646703719 11.077200643151723 11.764984440998619 12.370803732610975 12.892515226464825 13.329347324890774 13.68125134631715 13.948467488958567 14.131226276183497 14.229539213879576 14.2430514096249 14.170939859478072 14.011847136237556 13.763843335579278 13.424410645617016 12.990445693429697 12.458275598912017 11.823685117686667 11.08195497214714 10.227916947311595 9.256028649104534 8.160572571845682 6.935219178235793 5.583131834009196 4.083794480181179 1.9887975355427538 
2.8491139835579573 4.940343245244913 6.307563864769304 7.474527875499416 8.521398203778045 9.466767096471218 10.315035055843316 11.067713312965747 11.725570658279407 12.28940462036523 12.760150946075155 13.13879245916871 13.426213957858405 13.623057796810915 13.729598664338132 13.745643189305323 13.67045520774387 13.5027054089153 13.240442669020618 12.881082955494465 12.421409925814418 11.85757885123808 11.185111239127004 10.39885878216221 9.492893511014941 8.46023283536159 7.2920903435701225 5.976505855771032 4.488770162218267 2.745934602948331 0.6702135211425998 
1.2663151331869942 3.3528765338436144 5.033110287083768 6.413638615080429 7.608164124061183 8.660646168128249 9.590476218576113 10.407251799360123 11.116483854759919 11.72180083393821 12.225875354279994 12.630784456743935 12.938120260629097 13.148991799508849 13.263984524126219 13.283109886861736 13.205760968299666 13.0306813665484 12.75594918223719 12.378973841124346 11.896499526158836 11.304604026347665 10.598673993730959 9.773322819002246 8.822186564228888 7.737456730065647 6.50886643081707 5.120977176582409 3.5464138279471498 1.7491380117079358 -0.3025262787076459 
0.12494863486843276 2.1898620472079156 3.9550643793098814 5.464778167735909 6.770878192032788 7.913652393613129 8.916163867178167 9.79189881173245 10.549240082990632 11.193809192826087 11.729631696561414 12.159704135880894 12.486250196084619 12.710818451616172 12.834303377849192 12.856934417299374 12.778257734626775 12.597123535659621 12.311684208857868 11.919402822691772 11.417066305775249 10.800791767871543 10.066006304075321 9.207367562266139 8.218568911428708 7.091933911960951 5.817615512994481 4.382256559592874 2.7688948866934155 0.9601494669059203 -1.0533018510697936 
-0.7405169393342925 1.285100101064882 3.0765055255909863 4.648921455370412 6.028202725214876 7.23937353337301 8.301687229209422 9.228410224682218 10.028682902019252 10.70899978789993 11.274141364216552 11.727701786237061 12.072363738078485 12.310025521374087 12.441848290179244 12.468265915586535 12.388983371868527 12.20297847737786 11.908513989603652 11.503160954127667 10.983828855951444 10.346792782678191 9.587701867530894 8.701546375074539 7.682554328112638 6.523989088540172 5.217874718770841 3.7549916516399726 2.125815210033388 0.32316627819665983 -1.6538258132090795 
-1.4222466395999227 0.564961277551256 2.3578696747017274 3.960269239561158 5.384016187265231 6.64359031484021 7.752346739103135 8.721109217945225 9.55820819425858 10.270025372573064 10.86149630215023 11.336454300880225 11.69783000594918 11.94775006515768 12.087575895290485 12.117913898910832 12.038618932271635 11.848804736433937 11.54686845035207 11.130530835058794 10.596889108779733 9.942475192374037 9.163309014630363 8.254935774300913 7.212441956406914 6.030470211126973 4.7033289571016965 3.2254053872690096 1.5921626779175186 -0.19817689068275676 -2.1425942655890524 
-1.9700989259123536 -0.017430836034194017 1.7673370867921334 3.382657947196137 4.832932716773648 6.1257158732823225 7.269383033207286 8.271753922855526 9.139570504083025 9.878455693170947 10.493039467888302 10.987087398170624 11.363582002461152 11.624757278555068 11.772103204109579 11.806359054024881 11.727511170323456 11.534806105185417 11.226785255677141 10.801342691200075 10.255804038412423 9.587021340991413 8.79147754938758 7.865396573046604 6.804864536606725 5.605991493477533 4.2651808365927035 2.77960806289005 1.1479913209098551 -0.6283783681472525 -2.54457445717937 
-2.415963918796155 -0.49322308929044434 1.2800487419928783 2.899639521324604 4.365702571961069 5.681305914789915 6.8510333809641715 7.879956277795476 8.773032132150295 9.53482116187541 10.169372919632885 10.680176367800177 11.070120623597292 11.34145143165555 11.49572680227805 11.533781631927686 11.455711447047625 11.26088311433814 10.947977139480129 10.515062821347236 9.959704465393303 9.279094522347014 8.47020866307605 7.5299797963574155 6.4554948578708204 5.244230821951393 3.8943611901684867 2.405168675790017 0.7775762901138231 -0.9852514992067537 -2.877363602965116 
-2.7820029622649733 -0.8847252141456995 0.8766688244630608 2.496504356614976 3.9723233470544588 5.304159103485363 6.493747581499677 7.543845158119257 8.457720959585767 9.238809105223405 9.890470492734146 10.415816289054804 10.817564192477311 11.09791675167242 11.258462417950385 11.300104965070497 11.223027804525938 11.026698494135246 10.709916553444776 10.270905170983891 9.707444841334441 9.017044673999505 8.197145466505695 7.245348249444521 6.159663538080635 4.938779907199802 3.582353746540054 2.0913207571085066 0.4682189951232939 -1.2825074660803213 -3.154277951476261 
-3.0847983017350167 -1.2089202514554007 0.5417294317980714 2.1605418667383867 3.6432424866633712 4.987622640120141 6.193181211117461 7.260738768990753 8.19206558388238 8.98954235163929 9.655857720965956 10.193741306064236 10.605731526138527 10.893980285151292 11.060098641551532 11.10504841300396 11.02908427638728 10.831749775453739 10.511929058717723 10.067954287280434 9.497766485999213 8.799125088503466 7.969858439143727 7.008143960216806 5.912802577040851 4.683587683196428 3.321445582739942 1.8287240387479662 0.20931054052755751 -1.5313073917115056 -3.3860541616727917 
-3.337671822709731 -1.479580285066364 0.2623559535931468 1.8807432887687885 3.3697654406871376 4.72529472117321 5.944899603888977 7.027720034932697 7.974223525174454 8.785882773113967 9.464821744001092 10.013468727872496 10.43424220695686 10.729284992800837 10.900255530317342 10.948181584513819 10.87337944383948 10.675440450654875 10.353285604352125 9.905287814443694 9.329459746254981 8.62370264271216 7.78610738518263 6.815292512035227 5.7107540645495405 4.473189277523193 3.1047439772641847 1.6091312848790227 -0.008411669634079761 -1.7413172408892446 -3.581962454040974 
-3.5522336113017863 -1.708727332997819 0.027258909344797064 1.6473898091074088 3.1441528750351977 4.511424975759322 5.744879942920022 6.842110203857631 7.802469375903888 8.626724411276896 9.316621496495053 9.874444950695526 10.302616604500207 10.60335959267841 10.77843713758639 10.828970207469151 10.755334991516932 10.557140117203321 10.23328335587822 9.782087480948663 9.201514311087521 8.489454038983133 7.644082653681636 6.6642719609963486 5.550021946326982 4.302861342444883 2.9261323784916238 1.4250557212452137 -0.19350482421553106 -1.9215676630544252 -3.750698175210624 
-3.739685781865009 -1.9078726169434483 -0.17414374415784228 1.4516631932384139 2.959663670225871 4.3412309117354635 5.589934735313473 6.701882995184442 7.675541944487114 8.511258091299936 9.210676350799302 9.776173137335064 10.210358880118307 10.515671490300099 10.694066584683368 10.746803566529508 10.674324576391522 10.476223606893546 10.151304450066293 9.697727744069224 9.113248452660494 8.395544804487724 7.542636853871933 6.553385352868919 5.428045511008642 4.168817774941965 2.780275581422324 1.2694775546799477 -0.354451270978397 -2.0813337924252737 -3.901304988099149 
-3.912297530278759 -2.089381602614885 -0.3525983516783529 1.2853706220620749 2.8107406562030923 4.211311945703372 5.478169715796981 6.606066377837928 7.59295709194486 8.439195467207966 9.146715197882187 9.7183047899699 10.15700750252175 10.465650006139851 10.64649298111416 10.700993994128273 10.629673711575728 10.432079189498744 10.10684165974477 9.651830161979458 9.064405868931559 8.341784307909164 7.481513018642968 6.482069025741189 5.343570287924854 4.068567363867148 2.662808116880361 1.1356524665764371 -0.5003634246009608 -2.23127605121114 -4.0444176139792765 
-4.085660360790336 -2.2684026293730595 -0.5199758303293001 1.1410083910192712 2.693611087996023 4.120352965059041 5.409555431773206 6.5551522727402425 7.555279089341696 8.410935104581776 9.124866845123547 9.700678066886633 10.142139235871408 10.452668802235157 10.634961234217906 10.69074052491565 10.620622695405334 10.424076692205112 10.099479669155631 9.644269453902583 9.055203504263547 8.328739389697883 7.461556504806564 6.451242435694104 5.297170332633806 4.001593139757287 2.5709505285877867 1.0172408313552912 -0.6418302394685107 -2.385223217044711 -4.194368233162897 
-4.282876735840882 -2.4663980720611725 -0.6900338659750633 1.012754508324401 2.6078772846742804 4.070237237640987 5.386607883141224 6.551478639162892 7.564314615351794 8.427640858581464 9.145668716556163 9.723285805513138 10.16531446416439 10.475979054268391 10.658538667117007 10.715051637402729 10.64624710340037 10.45148818127115 10.128821181788531 9.675115343938593 9.086307401068144 8.35777460105876 7.484868643311252 6.46365291247754 5.291901782849984 3.970456586327861 2.505116634452912 0.9093478656131351 -0.7916017988732786 -2.56360364333829 -4.373273500743659 
-4.5468259564584255 -2.7165288322576666 -0.8788782844835631 0.9015847749984292 2.559244489903616 4.067424267154158 5.415018054730409 6.5994763465145345 7.623162413414637 8.491191138525263 9.209968127631402 9.786157586724768 10.22595491719783 10.534588882711146 10.71599657645417 10.77262617789676 10.705334264288844 10.513357190682171 10.194349340593138 9.744494481002425 9.158709776806084 8.430974836093418 7.5548300348044135 6.524100256239198 5.333918696728256 3.982174426010951 2.4716548716348408 0.8136643341701538 -0.964997702926518 -2.7987584930113885 -4.623211712141601 
-4.954178438520505 -3.0975939410171365 -1.0787674612587128 0.8228625714836082 2.562502307951029 4.1239598569950235 5.503915460769693 6.705622574685155 7.736037111982377 8.60395551300771 9.31869292300561 9.889144643431404 10.323150188402314 10.627090207857362 10.805650569695386 10.861697202269191 10.79621964071271 10.60831772965603 10.295222711955974 9.852360608208148 9.273482650417435 8.550904199794951 7.6759081273299685 6.639378137434612 5.432731641507544 4.049232686760774 2.485841514118493 0.746069122257979 -1.153747993855907 -3.1687550666112236 -5.020176034561192 
-6.111845244012983 -3.5209337028053653 -1.2402661709067688 0.8117951335405694 2.6422349903523776 4.257275989109957 5.665435609792687 6.877963791076107 7.907803999515608 8.768367896263932 9.472477924160092 10.031604769258605 10.455397243481114 10.751441661446478 10.925170722683024 10.979850529505555 10.91659412003678 10.73437155627359 10.430006633070056 9.998169292716648 9.431392984926347 8.720168137179733 7.85318302389866 6.81779230529384 5.600776571066374 4.189395466207459 2.5726071932106533 0.7421005387177241 -1.3081438071004188 -3.584891956885197 -6.169152191182189 
-11.87394800900613 -5.752669180971212 -1.9930927682307722 0.9086034617892481 3.2456118638590574 5.145514901294261 6.686744315528074 7.929729429624189 8.924939843492268 9.71464672566653 10.333230311757132 10.807547266497275 11.157659155556672 11.397792723613259 11.537307726468645 11.58148949967112 11.532057498913701 11.387340517180304 11.142105158004806 10.787049810940667 10.308012612209952 9.685002262794288 8.891236322178278 7.892415266411669 6.646366988118995 5.102763896478313 3.201396389111165 0.8641706425826076 -2.035964820759613 -5.791186913714187 -11.90077215962544 
-12.988448320804597 -7.214773193666115 -2.6341325095404966 0.8594684822603927 3.5778827219935763 5.693240701302218 7.327904500310023 8.580030029282915 9.531344184199684 10.248814723406015 10.785260564838554 11.180481982346837 11.463058937456356 11.652453791888027 11.760994085385422 11.795431202665927 11.757915150959517 11.646324610282427 11.45393846216508 11.168460849406816 10.770459292591767 10.231375637572752 9.511416888036038 8.557758021267125 7.30343372873833 5.666783134388425 3.549865700430452 0.8307732948050852 -2.6618677211699624 -7.238695013840594 -13.005202277187973 
-13.446491024545297 -7.741083158180205 -2.996738619201533 0.7755375627117665 3.6989699071108486 5.9253165642557555 7.590632060120888 8.815829886033852 9.705073172479654 10.34399686544205 10.799343829129615 11.120382738425478 11.341584916208008 11.48575711489351 11.566940280402406 11.59264456718621 11.565226121191124 11.48234901725054 11.33652420738848 11.113731100255094 10.79117603855043 10.33438087806322 9.694033403441685 8.803298765083882 7.576417568225666 5.909150484439517 3.680718612156775 0.755604068899653 -3.0169519489462244 -7.759057536856123 -13.459163499238523 
-13.54387099667359 -7.862993646131339 -3.1478246694634198 0.657350523598229 3.614289305516739 5.835920624828671 7.456418118989644 8.608135832990234 9.409441221583213 9.958256145738678 10.330145565902347 10.579809732936884 10.744546754075015 10.848322189855562 10.905463550106953 10.923447367820827 10.904585450195205 10.846585191963037 10.741991305016724 10.576498355413063 10.326155486489476 9.95365292351263 9.404220773205063 8.60212723158655 7.449160826381414 5.826598399852802 3.6019338571692274 0.6414894621891505 -3.166205461814429 -7.880932222618053 -13.556954441594657 
-13.11876737552915 -7.799736424931768 -3.255412660113828 0.4296651797080808 3.2774833489271162 5.383845850861144 6.880732439922071 7.906898990454144 8.589055044714863 9.0317807378056 9.314443844274054 9.492997874471744 9.60434192003 9.671306898771146 9.707029687849147 9.718145327925054 9.706667448573642 9.67060449818318 9.603348787426295 9.491797887785781 9.31315587093089 9.030537316404125 8.587936072041806 7.905790990059675 6.879086210968574 5.380329524886407 3.269797373386288 0.4154699265514169 -3.27640860719224 -7.823462779365662 -13.137690946887808 
-12.934509644751884 -8.011232193881451 -3.7276311005869727 -0.2676532324479126 2.382104334046675 4.315844925235995 5.662632765737617 6.560262640348238 7.135359101675837 7.491866215484923 7.707512378139112 7.835887528190295 7.911338559376844 7.954422172002707 7.976558665213423 7.983338799657861 7.976429097837536 7.954189226807905 7.911063734267971 7.835683034327755 7.707555003136112 7.49239354375701 7.136620692722617 6.562384485858773 5.665327347825148 4.317859297535089 2.380085123540773 -0.27985451178950443 -3.7537758048640124 -8.04737278424342 -12.96529543755552 
-13.492464151423997 -8.868542642232967 -4.997701068406167 -1.92067292149496 0.42368318599546206 2.1212553964376726 3.2878712072819014 4.04989898876703 4.5245923996222075 4.80811511952719 4.971732717743691 5.063819239578395 5.114721281005071 5.142125942743209 5.155572023850206 5.159601009435436 5.155545178762248 5.142102889175728 5.114776310950068 5.064094809620261 4.972470131027594 4.8096790201668025 4.5274672745028814 4.05462381245951 3.2948540309164613 2.1302795455508536 0.432683163624418 -1.9216690077195706 -5.031529888191834 -8.929739170730235 -13.55614043699224 
-14.481847773509948 -10.3273051214357 -7.1599474462597925 -4.6143937469908085 -2.6608552737626314 -1.2473403444536264 -0.28279179851052183 0.33903428228957444 0.7188170887974774 0.9394696540165716 1.0621693453133887 1.1280179652028972 1.1624074929363837 1.1798441882433812 1.1879698363192635 1.1903398681571862 1.1879836835384834 1.1799045191634605 1.1625951148657108 1.1284929032054243 1.063215529758357 0.941547544329757 0.7226156378436479 0.34551794426417004 -0.2723349126083367 -1.2312158050282864 -2.6373448055132838 -4.581640788163954 -7.15978071488185 -10.485252026356184 -14.602246812692718 
-14.812675836275362 -12.528433025238963 -10.299985490205131 -8.368053271448678 -6.856108420001783 -5.756771631030682 -5.008365517336372 -4.529403125459189 -4.240417270767131 -4.0754958552600815 -3.986062962973247 -3.939676623000238 -3.916489361085445 -3.90531226901149 -3.900345840359936 -3.8989358322873513 -3.900320868040112 -3.9052321102853775 -3.9162782691525853 -3.939181685128642 -3.985005360444563 -4.073404931324578 -4.236543524188358 -4.52258595500784 -4.996763218044076 -5.737227072707641 -6.822009517127082 -8.307295018956774 -10.140318778393313 -12.526321339668309 -15.92080248391468 
-16.414291702412914 -15.882267490820887 -14.419076094651247 -13.089769296494524 -12.03349941162482 -11.262793444582472 -10.73822926016166 -10.403374289667298 -10.202264997954813 -10.088292887023805 -10.027108034620925 -9.99581851563261 -9.980472102386761 -9.973244736759911 -9.970107583592572 -9.969229308289577 -9.970086591158925 -9.973180017263804 -9.980306396346588 -9.99543540832259 -10.026293125854899 -10.08667900438408 -10.199254724278486 -10.398010914055261 -10.728923518968656 -11.246560165219796 -12.004165065876947 -13.026235291297796 -14.297132130620357 -14.766206765106123 -16.40841873118457 