Step: 4005.0
9.557750685435684 9.350797085073886 9.92498968419376 10.516450348596182 11.177408971484086 11.837110537585719 12.461943591283559 13.033749909026426 13.542959465258512 13.984553705382957 14.355979974727841 14.655998710408191 14.884017020329287 15.039684367869086 15.122636851151062 15.132330435501657 15.067930743709688 14.928241120498981 14.711658240008063 14.416148954318574 14.039245527778137 13.578060780677877 13.029332726083297 12.389525278621045 11.655050939464374 10.822758282896904 9.89115333372124 8.861810370490007 7.756338468403979 6.392379768861816 6.476144056575559 
8.89165195895442 8.322506389182585 8.771421024782915 9.478778485963844 10.224454444779914 10.956239029068106 11.642923511639319 12.268304114500939 12.82371041962662 13.304604225041137 13.708709787114383 14.034961534149453 14.282880001471149 14.4521848305456 14.5425452232801 14.553414573574052 14.483919810605505 14.332788492986031 14.098303403669522 13.778278276487757 13.370051206699406 12.87049590531312 12.276057480289086 11.5828331729766 10.786747420755107 9.88394890930687 8.871603403638092 7.750918733301349 6.520877923761122 5.353807296181666 4.548300993776105 
5.876925571648407 6.614369271074723 7.466539332601906 8.36555086972092 9.247292929278952 10.076738430667739 10.838928486470717 11.525119629541972 12.130512727113329 12.65263363636429 13.090365856131799 13.44332522393979 13.711447734172307 13.894710295674571 13.992937338763461 14.005665310129999 13.932048208968968 13.77079354511655 13.52012144742602 13.177741394180698 12.740842053295973 12.20609070192976 11.569640312810053 10.827145229711725 9.973791947590142 9.004349061878623 7.9133452395770485 6.694618467371102 5.35162165785406 3.8644454594389748 1.785398219253562 
2.649574136579273 4.724732862080871 6.078980388216091 7.235812746781835 8.275069615905085 9.215041187388085 10.059847753992974 10.810700179197452 11.468026508882359 12.032254864252934 12.503942712403703 12.883708048064902 13.172106252707978 13.369505599016104 13.47597869978599 13.491214614969268 13.414451778460945 13.244430052003276 12.979359068244099 12.616898871646333 12.154147377271258 11.587626938186878 10.91325832090619 10.1263019544697 9.221225071478878 8.191406484724162 7.028375791698571 5.720466170571022 4.243285103780334 2.5142234323562667 0.45572119736603506 
1.0554210549068785 3.124828854642584 4.790907352138862 6.1602113756573775 7.346242234578794 8.392691908127581 9.318643333625142 10.133347739053912 10.84193414992102 11.447624729136109 11.95268063159464 12.35878448310799 12.667173445069809 12.87866167746686 12.993617250605054 13.01192484731895 12.932949453055047 12.755507790595598 12.477849170272519 12.097643640844547 11.61197166270363 11.017304869527793 10.30945999356305 9.483493635245498 8.533475359124065 7.452000878858736 6.229167092133459 4.849857260035863 3.2869722873427367 1.5046731462801761 -0.528660926676292 
-0.09761133087801019 1.9491137926075537 3.6991489858262976 5.196717993961515 6.4935603396624115 7.6297264143222785 8.627966278974311 9.501395137970253 10.257981981194014 10.902909245855948 11.439759529319382 11.871105997475038 12.198791986096508 12.424050336823496 12.547542667027525 12.569362218483088 12.489024098167201 12.305455287097173 12.016989502066242 11.621366599471825 11.115731334426048 10.496620751008521 9.759921700380167 8.900767276134873 7.913317890110864 6.79033392319069 5.522356902357267 4.096354449203129 2.495606530157135 0.7028633497108856 -1.291212620289735 
-0.974835423525506 1.0315865388918493 2.8068964259999922 4.366350361680613 5.7357001518984925 6.939750328282061 7.997440124898762 8.921648795318264 9.721077817081584 10.401753782475552 10.967984752543327 11.42291349281145 11.768817308163705 12.007257961799464 12.139148163090754 12.164775952354693 12.08381202863408 11.89531433577992 11.597736726152421 11.18894276418353 10.666220723164614 10.026290826109856 9.265290161674985 8.378714086769113 7.361286654649711 6.206733011251856 4.907481401810676 3.454636778121566 1.838896996411263 0.05318032178100881 -1.9034326996993076 
-1.6682735001601416 0.29875501960202894 2.074692855163971 3.663382392377779 5.076593097238891 6.328593261185901 7.432420678031747 8.398497968116185 9.234694816396097 9.946898626338454 10.53954455681645 11.015987262830889 11.37872723875356 11.629533785087725 11.76950414275764 11.799089039177339 11.718105588438744 11.525750734251156 11.220622172111291 10.80074854424302 10.263626316777303 9.60625698261239 8.825175389858963 7.91645948736839 6.875717793469936 5.698076091138913 4.378260213152809 2.9109840913745915 1.2919242034724763 -0.4806168902643304 -2.403686953067623 
-2.2276793592223543 -0.2961510982750227 1.470813491938711 3.071730409355882 4.510922168132423 5.795733804181539 6.934217462297784 7.933777336468439 8.800673521749303 9.540009133392086 10.15588632902316 10.651564910191436 11.029572394862084 11.291764391201005 11.439350686086195 11.472904753044363 11.392371470243047 11.197083450149451 10.88579191873673 10.45671400754778 9.907594827688397 9.235780080037415 8.438293999567849 7.511919956064427 6.453290884185016 5.259020320423222 3.925942660735838 2.4515654787603993 0.8348174656628746 -0.9229387830825126 -2.816854707037617 
-2.68486153084641 -0.7841938048217642 0.9704808966259989 2.575021802797657 4.029508198572136 5.336797203753576 6.50114061898162 7.527178503638168 8.419364731897439 9.181713737887948 9.817719294989292 10.330336873135614 10.721975081497924 10.994479625482365 11.149111796301995 11.186530167398836 11.106784809604742 10.909331364880208 10.593069426187276 10.156406646183521 9.597347266304828 8.913601752403215 8.102713688883096 7.1622023652656965 6.08972652648277 4.883287491475616 3.5415046372827295 2.0640006053252775 0.45190992620341713 -1.2915359271952318 -3.1604719646867676 
-3.061917839084584 -1.1876159501742438 0.5544256605385489 2.1586110636792086 3.6224111906476497 4.945645351899445 6.129707282279651 7.176904806719652 8.089980010789468 8.871793600299227 9.525121086954764 10.052510871570963 10.456173285424288 10.737888098970886 10.898929707315466 10.94001449926147 10.861276147694488 10.6622736507633 10.342035076447672 9.899137737489244 9.3318232872741 8.63814425915239 7.8161372675691565 6.864018053378812 5.780395401647545 4.564504580321793 3.216464285205914 1.7375596833315852 0.13054308811619497 -1.6000774123544375 -3.4478143738221485 
-3.375383684781507 -1.5233512828010278 0.207228752969809 1.8098347689253413 3.2801248063968633 4.61567319993557 5.815625642470295 6.880335139315722 7.811019072083807 8.609454217563686 9.27771131623655 9.81792529946343 10.232098182419056 10.521934707055893 10.688713403265986 10.733196949659204 10.655585690801383 10.455517323342805 10.132114438210685 9.684079975023069 9.109838746276326 8.407720975372383 7.576181173585204 6.614042554192871 5.52075352466154 4.296638903701681 2.9431254141630063 1.4629206257753997 -0.13987099386861165 -1.8597014453734508 -3.689596161122026 
-3.6385500474519876 -1.8051402373633951 -0.08395535402656086 1.5177093800382149 2.9939771624475537 4.340502486647875 5.5544898832319 6.634590759684787 7.580690246191307 8.393622125212335 9.074855409842465 9.626187822994359 10.04946928523016 10.346368835330136 10.518192477659012 10.565756271891997 10.489317264964875 10.288563797500242 9.962665838723218 9.510384999962119 8.930242431836904 8.220740512625525 7.38063048900485 6.409212199166908 5.306642804169861 4.074219300136864 2.7145879889765885 1.2318319177870207 -0.36859428708875475 -2.0800692408082684 -3.8950815438423976 
-3.8630097205070855 -2.0449893901564415 -0.33040810350496014 1.2725147217866308 2.756220525927625 4.11437307106154 5.342272942305025 6.4370003109893 7.397291232364912 8.223231819841802 8.915869556010732 9.47681671340936 9.907890260724376 10.210810198509435 10.386965763291819 10.437252814429327 10.36198310629108 10.160865290910632 9.833057374882229 9.377290298638291 8.79206173519245 8.075897437632095 7.227673510093536 6.246985251443856 5.134534323813006 3.8924832478160374 2.5246975218019343 1.036776382613197 -0.564203916465263 -2.2702224220640868 -4.072973019938331 
-4.059954435728109 -2.25440542226265 -0.5427237676422156 1.0653999235774692 2.5600654595767858 3.9324487309666787 5.175739707776436 6.285505312532212 7.2595495461370465 8.097485381240714 8.80020555754563 9.369365430751829 9.806929144951788 10.114799063079646 10.294533703231208 10.34715328854692 10.273030148804688 10.071861482313867 9.742723225261173 9.284205198929405 8.694628637832114 7.972346889312395 7.116127434032296 6.125606477768817 5.001792297981144 3.7475627202506505 2.368042223523095 0.8706738957314389 -0.7352210187345277 -2.43945656533275 -4.232326949563746 
-4.241633913440568 -2.445746963241208 -0.7316772409373395 0.888102050583437 2.3998538212244727 3.7912169932048108 5.052892797013559 6.179053276446357 7.166929965687923 8.016073534447319 8.727598352367634 9.303513243006915 9.746167977834544 10.057818422051966 10.240304036551324 10.294828982074971 10.221838776990568 10.020986866152757 9.691188732915212 9.230764674493344 8.63767545525515 7.909857135436002 7.045661700562715 6.044407386027318 4.907033454682958 3.6368282567465786 2.2401293164895435 0.7266844106887499 -0.8908108612944352 -2.5984478835403233 -4.383779390195666 
-4.423574631722792 -2.6341244226937124 -0.9091762983187702 0.7329969553686724 2.2716370830707295 3.6891715998785406 4.973529488440853 6.117999408766647 7.119902970111336 7.979341950595068 8.698158075219727 9.279105452140746 9.72520827617279 10.03927727431297 10.223561962367127 10.279519608115924 10.207686194247378 10.00763989275639 9.678053412547133 9.2168376333876 8.621384703300317 7.888923852139657 7.0170074355100365 6.004148519659241 4.850635118019843 3.5595476260264105 2.137979562366034 0.5983248376168306 -1.0416205555077025 -2.7610065198273888 -4.5416150062637 
-4.62868703365129 -2.8408655299891117 -1.0890181890196062 0.594058625878385 2.1747224073944698 3.627894593436089 4.939906000534205 6.104483369836463 7.1201403916669666 7.988374795263834 8.71238489859075 9.296126949638419 9.743620562201038 10.058446619150219 10.243398596829516 10.3002575533443 10.229668820048534 10.031106603674228 9.702921456362812 9.242474546453156 8.646371393444092 7.910815875647692 7.032113119516396 6.007359243790892 4.83537270527207 3.5179593927186663 2.061689950454695 0.4804760363829028 -1.2004575180440817 -2.947440835396369 -4.7277711786968855 
-4.899278727162418 -3.098787129571583 -1.287352986577737 0.4718540545574513 2.1143262047345317 3.6133956945296157 4.957353325067386 6.142677632218599 7.170574630557271 8.044956491759914 8.771082386898021 9.354594131677773 9.800829141857745 10.114343443371965 10.298595423147754 10.355751129296227 10.286581705552946 10.090434511004217 9.7652713484593 9.307779405774898 8.713572418890491 7.977510597092987 7.094177725344516 6.058564105710143 4.867022081945174 3.5186112554413125 2.0171003459250576 0.3744009776697504 -1.3826995521776888 -3.189756355136746 -4.983758660748148 
-5.310731553077624 -3.4854525356377013 -1.497014180313238 0.3809353656656331 2.104464025000715 3.657089059690752 5.034538733791407 6.238755684749746 7.2752445006812145 8.151371050756996 8.875147643033582 9.45435439655412 9.895928233587838 10.205563178037739 10.38746770484773 10.44423064309882 10.376758018845663 10.184257265377882 9.864260551501845 9.41269461031724 8.824019853889716 8.091475753619802 7.207480547766296 6.164239281022933 4.954616339886398 3.573340916903269 2.018694772251809 0.29514782662268196 -1.5806708876115392 -3.5647759702218074 -5.384274247893234 
-6.458199594517326 -3.9140459710237057 -1.6701718975858537 0.35510089710466847 2.168600153207481 3.7755858019588198 5.183055137331118 6.4004513946909665 7.4388700033594555 8.310011329674953 9.025225857049167 9.594790165874509 10.027432651434689 10.33006793550874 10.50767650052008 10.563267673906852 10.497878202531407 10.310577277694952 9.998468070977584 9.556694878924334 8.978484303647582 8.255267775848436 7.376947194960533 6.332367399223494 5.110036875227502 3.699077908165656 2.0902677176011513 0.276825471931641 -1.7462959209594575 -3.985693011263875 -6.5223596532937655 
-12.166925371542074 -6.179511419765725 -2.496345844901251 0.3600563837457102 2.6762605485179236 4.574417749991898 6.127517399790501 7.390817187047869 8.410351532079304 9.22497131948076 9.866682614124743 10.360861207408858 10.72674424811701 10.978154877262767 11.12428443402743 11.170363354151657 11.118104937252646 10.96586068075187 10.708468401291642 10.336810814751669 9.83714516265431 9.190319920458517 8.371049277222523 7.347424649589812 6.080712286384522 4.5250388980369625 2.6253866586830825 0.30912829693689653 -2.545314047779666 -6.2233816814535325 -12.197459144936586 
-13.306483406032768 -7.681007725700954 -3.2041149848469757 0.22988174718660404 2.9245938063007246 5.043660032543358 6.700662247015447 7.985618872412463 8.9735907358586 9.72674820196001 10.294924644455563 10.716385134183497 11.019149308231174 11.222653671636047 11.339405156751777 11.376334130445608 11.335664464566271 11.215212406994828 11.008088949472892 10.701829370240889 10.277037106641215 9.705724604424917 8.949645949606111 7.958976870172807 6.671569011556044 5.0124507005099455 2.8918434342176527 0.1966458736168241 -3.2359838898787623 -7.708345508159583 -13.325586802568049 
-13.800315055779103 -8.261674541408508 -3.635808188434069 0.06828996139735302 2.9674383231160846 5.203009991019921 6.899586515679567 8.167462060365052 9.102357982541056 9.784162499995467 10.27638648777613 10.626982723343605 10.870303027324512 11.029601358571702 11.119486283450062 11.147892878716798 11.117333504348485 11.025323844535142 10.863957193073803 10.618651607292504 10.266171508315995 9.772163547236493 9.088639110447398 8.152008926380512 6.882282463628973 5.183691315879044 2.9461043741749764 0.04549429768228737 -3.6585076144336393 -8.281613468356808 -13.814304348459126 
-13.942702660231545 -8.448925990084721 -3.862106919395399 -0.12860005002093328 2.806401917893366 5.043740895549326 6.703705499056241 7.905935641371113 8.75904936251309 9.354752106586584 9.76554493957101 10.045331579206104 10.231907642833985 10.350234662533962 10.415610344243813 10.436173331186557 10.414468496419943 10.347975870654976 10.228582886598328 10.04101703725579 9.760332522183687 9.3487219836387 8.752214346337617 7.898152489686997 6.6945673680921445 5.032527235711701 2.7922824113953197 -0.1459486982931176 -3.881599154267667 -8.467597802512117 -13.956231424177808 
-13.585277750742488 -8.461011872409147 -4.050647262488952 -0.4366004529135259 2.39506419380898 4.525571001100569 6.070439296594497 7.153837983026893 7.891862290907867 8.382918879706576 8.70393417724798 8.910904543154327 9.042014365024777 9.12169239213827 9.164435522779991 9.177748650796326 9.163942134838178 9.120732532864539 9.040645939231984 8.909220903699357 8.702060767372174 8.380988343085118 7.889948630474288 7.151825688906874 6.067804604748032 4.52107090218231 2.3865765481731245 -0.451199821629435 -4.07153359780897 -8.484256716598054 -13.603721748678508 
-13.449783000566837 -8.721728315186521 -4.572451977189348 -1.1802535792176168 1.4587402448667177 3.4221856894150515 4.821249551991671 5.778359270978988 6.409430053854364 6.812661885404587 7.064029032879689 7.217862251627965 7.310350704486181 7.364017996342114 7.391850163680891 7.4004017344989865 7.3916617797762765 7.363672280565781 7.309917438079098 7.217461912961006 7.063840962558709 6.812913982203473 6.410346995411785 5.7800349188054705 4.823384289598574 3.4235867660421873 1.4562705013115007 -1.1923317481282867 -4.597607584231613 -8.756194266808825 -13.47907533267347 
-14.019281857886165 -9.591706085282592 -5.849227640850931 -2.8334036818372077 -0.49578640184594475 1.232756457809275 2.4504964707826367 3.2690011075148324 3.7955056287273865 4.121128272399051 4.315973997885634 4.429579032327895 4.494374495236527 4.530116058012785 4.547926607408936 4.553299166911785 4.547880600223372 4.530059793805596 4.494390865485713 4.429818476524716 4.316677853670758 4.122643675166324 3.7982743900859623 3.273496465288416 2.457059044946528 1.2411530686590944 -0.4874874736871964 -2.8345544931076985 -5.881343429630899 -9.649561105703718 -14.079463313376879 
-14.991215201602007 -11.023354415610113 -7.963363465365886 -5.467841809660196 -3.517737412948985 -2.075346122086188 -1.065068918412607 -0.3937148384420055 0.03069797183579027 0.286899539189056 0.43535539133173784 0.5184672531956067 0.5636598595957745 0.58737435154411 0.5986981721793635 0.6020408833522345 0.5987119469086405 0.5874396547608745 0.5638660556841589 0.5189819754842605 0.4364609810268875 0.28903389862679746 0.034494556347852014 -0.387385936559903 -1.0550459919176274 -2.0600716415576414 -3.4955825866078793 -5.436950845143637 -7.963206977301327 -11.17285297287271 -15.10494142053816 
-15.326505384683879 -13.143959722409225 -10.988612542180515 -9.092985818833967 -7.582042455218306 -6.458508479842831 -5.672858737931751 -5.154069220412813 -4.829607878892044 -4.636801269825973 -4.527488981683668 -4.468039728636923 -4.436867021005999 -4.421165439209847 -4.413945690764019 -4.411857938490765 -4.413913910415535 -4.4210670905139375 -4.436618730624789 -4.467481976141442 -4.526345252678073 -4.634623988248346 -4.825705079045655 -5.147383806987231 -5.661706348094077 -6.439955824605088 -7.5498459587834015 -9.035628062587225 -10.837348256672406 -13.14179508359303 -16.37774377048841 
-16.853594941273922 -16.33934857402409 -14.922708710033058 -13.617483367547857 -12.56132546162665 -11.77312915859198 -11.221966501040889 -10.858811975565251 -10.632609873553582 -10.49901766599956 -10.42393714788125 -10.38359148680277 -10.36276403829282 -10.352465612922185 -10.347814714340453 -10.346483553562228 -10.347787200140097 -10.352384451889977 -10.362566311116066 -10.383155923825464 -10.423051313561198 -10.497332388626019 -10.62957285932178 -10.853549395897696 -11.213020138503213 -11.757718574669191 -12.53362762877628 -13.557468926179526 -14.807384967836033 -15.280074177100593 -16.847666827103783 