Step: 315.0
14.298021479199516 14.184610559493676 14.541457654869223 14.8453655573164 15.092158197719735 15.259831422210041 15.362573023255415 15.420834428699802 15.451907962271365 15.467660348944511 15.475309025346366 15.478886645777132 15.480504000975849 15.481207219225375 15.481486235056286 15.48154588074264 15.4814290194378 15.48104091455761 15.48008253293853 15.477855566593396 15.472844823282903 15.461908227377867 15.438822623347741 15.391902976695562 15.300583122541658 15.131485750065712 14.836079849276977 14.35379644398074 13.638595813524306 12.571340620722438 12.543161793386796 
13.790262458910481 13.465898268665528 13.836135406314266 14.239097819407284 14.537134025197926 14.733073318765657 14.850712080374114 14.916593895395883 14.95143505513486 14.968990767304687 14.977476651572804 14.981432121033887 14.983215454943455 14.983989266783132 14.984296042626651 14.984362244387095 14.984235944617785 14.983814791956503 14.982773989743754 14.980354135342727 14.974905773399048 14.963003906107872 14.937852538575095 14.886656425300231 14.786797311030865 14.601301526347518 14.275477739654756 13.73981857897361 12.91832531263962 11.869589409913626 10.757296604525429 
11.218886734705043 12.251124410192102 13.07006377364135 13.67001167623121 14.071362674941915 14.318721037240206 14.461673614045392 14.539712369019027 14.580245357676619 14.600398205659923 14.610040357147648 14.614498834298606 14.616496165019024 14.617358648861469 14.61769994139274 14.617775355688028 14.617641003581948 14.61718812482283 14.616066676119356 14.613455699653576 14.607567630811578 14.594679258793454 14.567371686121906 14.511591764537105 14.402266459813221 14.19775913575165 13.834761125003984 13.226283594734824 12.272573890043802 10.84132730958366 8.399110117159555 
8.5729297740097 10.987895147912566 12.327616714633013 13.175567064375935 13.70021319488745 14.009978191361458 14.183648170288336 14.276391465569983 14.32375955368232 14.347002259385832 14.358005550552091 14.363049583667957 14.365293267642974 14.366256833608938 14.366637401962864 14.366724071418005 14.366583104730521 14.366100594928804 14.364902663170774 14.362109063403992 14.355797816807117 14.34195261916605 14.3125361298439 14.252234279168748 14.133493803271561 13.909981705763517 13.509680065070082 12.830510582525864 11.736731914364483 10.034581694467478 7.571545935031917 
7.630019140708514 10.081392347880984 11.744739913543999 12.789142711778755 13.424129244428768 13.79257418262831 13.996216021593371 14.103645163426554 14.157947428023036 14.184356857857763 14.1967640802174 14.202414282309269 14.204913436380956 14.205981927609002 14.20640345464407 14.206502436035446 14.206356283924222 14.20584720460746 14.204580012143495 14.20162089091623 14.194926561118505 14.18021764144687 14.148907216946562 14.08457990076592 13.957581915553252 13.717802257459068 13.28700144421048 12.553597146490407 11.373839485617916 9.598568115898411 7.122138379895682 
7.1368514794523525 9.607772607769462 11.366018442586855 12.523159656556501 13.234743167152706 13.64841823317399 13.876622153443147 13.996615445087647 14.057037291454307 14.086307469378639 14.10000581650749 14.106221231082996 14.108961173601854 14.110129431460633 14.11059028913467 14.110701537502276 14.110551546039668 14.110019810100015 14.108693305874263 14.105593276073101 14.098575902402732 14.083147904712364 14.05028767042849 13.982743263483787 13.8493609205801 13.597605382627632 13.14593602372212 12.380261052362474 11.162677472178457 9.359257135702073 6.885203099273658 
6.885649931986644 9.356977288056376 11.152857678316717 12.360243604322953 13.115609503838183 13.55867866142811 13.804232772549677 13.933627631377728 13.998830590727666 14.030411861141365 14.045181438237067 14.051876039209477 14.054823769580516 14.056079407048722 14.05657520553416 14.056697706214367 14.056545064509454 14.055995072597183 14.05462080850722 14.05140867356849 14.044138579838906 14.028159982084706 13.994145072169134 13.924287203276373 13.786525392120186 13.527068624195731 13.063207494642421 12.281273707129598 11.046932845518786 9.233237329107853 6.762116323395628 
6.759333723740622 9.229096675987972 11.039458866191943 12.269281682566072 13.046507948890769 13.506263831595135 13.762603453647209 13.8982515195688 13.966803923163798 14.000072532428854 14.015650957681526 14.022717575181977 14.025830413806672 14.0271568609 14.027681484864711 14.027813553487317 14.027659240361114 14.027095415902815 14.02568511492131 14.022389816792925 14.014936477921637 13.998569817844054 13.963769199838136 13.892404870410138 13.751946141262946 13.488078906044203 13.017860370582932 12.228231232133428 10.986749384305911 9.169285351254562 6.700272665049787 
6.6976993856184945 9.166044707245845 10.982048129962774 12.221564916272984 13.009106611712923 13.477443457830068 13.739821588552328 13.879223457822714 13.949904064283714 13.984295920954118 14.000434032396242 14.007766551965707 14.0110006725804 14.01238035220374 14.012927097592836 14.013066735160614 14.01291150258638 14.012337888964188 14.01090221563433 14.007549514540377 13.999973020892899 13.98335400354446 13.948062512279021 13.875801678056977 13.733829706495323 13.467654335254316 12.994348079293923 12.201257414819871 10.956812353705304 9.138021421906585 6.670238206480006 
6.668534807516994 9.135997722268032 10.954158597898317 12.197767683384217 12.989959459601739 13.462434282599306 13.727928545056889 13.869397234869762 13.941317995315378 13.976396902297342 13.992891694845229 14.000399638582287 14.003716134669691 14.00513286567082 14.005695346930926 14.00584054631678 14.005684946626817 14.005104986271295 14.00365286397197 14.00026361261572 13.992610719392175 13.975840239356076 13.940265778183031 13.867512369411026 13.724753661993317 13.45744786134921 12.98271926255812 12.188128755064694 10.942486840284133 9.123251675343928 6.6561185244520935 
6.655123017788998 9.122107475115998 10.941081736702458 12.186384616533433 12.980607000145461 13.45498596419991 13.721994305828304 13.864522877292275 13.937112558001644 13.972578918100602 13.989282612543814 13.996896570821963 14.00026413438011 14.001704317258161 14.002276956105714 14.002425893316737 14.002270348395792 14.001686896552982 14.000225491260322 13.996815664322106 13.989120308539734 13.972267398131834 13.936543344211493 13.86353885072689 13.720395619125156 13.452561734651946 12.977198647224816 12.181970019255669 10.935847857872707 9.116468534240546 6.649656078146636 
6.649060910695302 9.11580980927668 10.935103462700942 12.18111989992712 12.976228535390128 13.451466673326271 13.719181526301565 13.862221106794541 13.935142963528655 13.97080646816134 13.987618375655055 13.995287875586875 13.998682341452467 14.000134906549059 14.000712960236951 14.00086404760334 14.000708954114598 14.0001245259154 13.998659855154717 13.995242068092447 13.987529182695548 13.970640616800763 13.934849767652974 13.86173098329202 13.71841110229416 13.450334169262076 12.974679940863192 12.179160219249463 10.932820763352826 9.113377843248065 6.646712407438102 
6.646216927826821 9.112867902580302 10.932344304452986 12.178735129454939 12.974290789990233 13.449945849528001 13.71798832910401 13.861252124815131 13.934310204273398 13.97004818367145 13.986897107559152 13.994583459243316 13.997984992489371 13.999440333249456 14.00001952103953 14.000171334094066 14.000017198930236 13.999434421372216 13.997972492206708 13.994558689553779 13.986850289533296 13.969963780692426 13.934165620434912 13.861017849730706 13.717630912057567 13.44943472120013 12.9736085691317 12.177888876923294 10.931373270036156 9.111843143801394 6.645230632097506 
6.644472720135757 9.111122724006824 10.930861850600602 12.177653132689628 12.97360146472316 13.449543741296933 13.717742573410593 13.861059286249215 13.934111967083616 13.969823245552975 13.986644862159341 13.994310843290533 13.997699515829472 13.999147696570377 13.99972353134394 13.99987464158721 13.99972224179077 13.999144470794267 13.99769285773266 13.994298006745682 13.98662129313471 13.969781997902304 13.934043367812533 13.860951274158433 13.717582170432047 13.449319895156421 12.973308959759454 12.177296540860759 10.930457957601034 9.11069995322078 6.644066982533799 
6.642383961627772 9.109170466661826 10.929563253650334 12.177191970311892 12.973818383089265 13.450108519824262 13.718349685111468 13.861532489171639 13.934401637480352 13.969953575997282 13.986663261737853 13.994260451330428 13.997610761561987 13.999039291424946 13.999606246676455 13.99975500310984 13.999605558981868 13.99903760062894 13.997607353269325 13.994254053271789 13.986651837403796 13.969934135966938 13.934370183714954 13.861484246907802 13.718279764871825 13.45001304865609 12.973695945022337 12.17704496311971 10.929398625486794 9.10899936723276 6.642220165391179 
6.63807997524308 9.105350236707501 10.927561991493679 12.17731040327959 12.97542730828583 13.452240678222642 13.720272353822951 13.862931704109842 13.935278206580971 13.970438730833335 13.986898871592416 13.994353258986363 13.997628203764938 13.99901972743086 13.999570400684407 13.999714711013116 13.99957004763549 13.999018873748863 13.997626521743706 13.994350181320256 13.98689351979311 13.97042986060894 13.935264215198318 13.86291075318684 13.72024264873377 13.452200902406252 12.975377140909597 12.177250976062096 10.927496104477711 9.105282188368728 6.638014974653618 
6.627545253931249 9.096411068156376 10.923763937972147 12.179027630070367 12.980363269491662 13.457732399533187 13.724697560943206 13.86590170156934 13.937040567827346 13.971392317119012 13.987376185273796 13.994573970043245 13.997719747973678 13.999050159152661 13.999574639326918 13.999711809578416 13.999574464357002 13.9990497427256 13.997718945134228 13.994572536352694 13.987373753670058 13.97138838465051 13.937034508931506 13.865892825522122 13.724685224386494 13.457716168470322 12.980343101493085 12.179004025356631 10.92373799983324 9.096384428336675 6.627519856993172 
6.600757613952023 9.07443753042122 10.917178762018446 12.186270793258767 12.99390939852098 13.470368281258226 13.73375007157601 13.871476080925392 13.940143882827261 13.972996700166277 13.988158123142588 13.99493592501915 13.997879011692028 13.999116661990053 13.99960234225193 13.999729035974116 13.999602258221502 13.999116464968417 13.99787863958567 13.994935275615154 13.988157047251148 13.972994999563374 13.940141318906987 13.87147239962481 13.733745047102799 13.470361775121292 12.993901422558421 12.186261558813316 10.917168695796477 9.074427243671705 6.600747824361608 
6.526357781707028 9.022186917495462 10.908229330064993 12.213998415250208 13.02759716540735 13.496533383778184 13.750424496496079 13.880937296536912 13.945105246374021 13.975449192118045 13.989314396246243 13.995459786014013 13.99810841387225 13.999215090745665 13.99964713913228 13.999759504416161 13.999647099672055 13.999214999520543 13.998108244900408 13.9954594974668 13.98931392866201 13.97544846873524 13.945104177620376 13.880935790359542 13.750422474931124 13.49653080407386 13.027594041644564 12.213994834236162 10.908225455208939 9.022182976055959 6.526354036979334 
6.336381989897444 8.864268872554394 10.9445621395145 12.298897834815392 13.100427137975453 13.544269662638756 13.777836798440365 13.895442273271573 13.952339984732522 13.978892693302667 13.99089098742096 13.996158250371476 13.9984096602046 13.999343687490592 13.999706257156985 13.999800234806068 13.999706238397808 13.999343644679257 13.998409582319105 13.996158120025784 13.990890780498637 13.978892379517355 13.952339529744062 13.895441643028505 13.777835965690507 13.544268614374925 13.100425882537625 12.298896408117287 10.944560606188297 8.864267321506134 6.3363805183480135 
5.119891811435147 8.83091829263818 11.156622110822951 12.49945693585022 13.23238632514406 13.61965836678676 13.817770252968014 13.915489594310872 13.961968490874316 13.983345466333027 13.992883873040334 13.99702524699886 13.998778312827438 13.999499487657621 13.999777529751947 13.999849303453942 13.999777519379657 13.999499464158394 13.998778270511455 13.997025177003142 13.992883763249122 13.983345301772337 13.961968255038375 13.915489270729818 13.817769829205153 13.619657839266202 13.232385698771134 12.499456223040887 11.156621344637971 8.83091752135369 5.119891098440451 
-0.8902784862895334 8.98773712189481 12.45307012201206 13.513213803080278 13.813344408059216 13.919334322001895 13.965198635197257 13.985386333839454 13.994002122297974 13.997587750312906 13.999047653488814 13.999630169001483 13.999858257953877 13.999945662875957 13.999977400885651 13.999985293138508 13.999977400413373 13.99994566180887 13.999858256043874 13.99963016583863 13.99904764864259 13.997587742998558 13.994002111033785 13.98538632397988 13.965198611865052 13.919334281004408 13.813344401175973 13.51321386303677 12.453070128754815 8.987737069163089 -0.8902785384198026 
-1.0304605144946202 8.602595673048803 12.722362242801738 13.78483175758564 13.962096956974124 13.987439414739734 13.994903461249187 13.998043499051517 13.999265213493633 13.99972676950956 13.99989962386225 13.999963465012902 13.999986735433806 13.999995088647198 13.999997956839556 13.999998645129665 13.99999795682833 13.9999950886214 13.999986735387628 13.999963464983361 13.999899623511382 13.999726770212202 13.999265213167499 13.998043484198613 13.994903524398689 13.987439379874665 13.962096655257886 13.784831603209234 12.722363016055706 8.602596701435832 -1.0304595987209428 
-1.0104618578311781 8.664703609189932 12.769734974080894 13.84004245808876 13.991145171148599 13.999180674616849 13.999439577934135 13.9998051074056 13.999942693923263 13.999987507445336 14.0000032671416 14.00000868542262 14.000010531899555 14.000011156552423 14.000011360111454 14.000011407348667 14.000011360111012 14.0000111565558 14.000010531889757 14.00000868540355 14.00000326766119 13.999987503787851 13.999942707307389 13.999805104958014 13.999439341087918 13.999181603763459 13.991145336242413 13.840038727832807 12.769727986465982 8.66470103846522 -1.0104634210704213 
-0.6743754603759758 9.063250694961202 12.942142992818464 13.882550467779977 13.998085447415857 14.000447968375516 13.99991581753419 13.999970104747263 13.999983166078955 13.999986089687718 13.999987251356366 13.99998759785297 13.99998771148653 13.999987747790502 13.999987759025784 13.999987761562155 13.999987759025958 13.99998774778494 13.999987711529428 13.999987597679837 13.999987251311827 13.999986096306987 13.999983112323497 13.999970316964033 13.999915774147835 14.000444085498433 13.998098444285947 13.882563640266898 12.94212234983101 9.063173966198857 -0.6744318850348276 
1.2807149315667294 10.259579308114537 13.39267169898386 13.964904672131414 14.001195948908338 13.999298146586957 13.999328477197988 13.999344398452362 13.999340624284212 13.999341390142842 13.999341393666146 13.99934140173887 13.999341407524165 13.999341408355665 13.999341408749217 13.999341408821206 13.999341408751715 13.999341408352453 13.999341407471135 13.999341402286056 13.999341390933461 13.999341392970095 13.999340704946698 13.99934361657285 13.99933184738014 13.999297465957133 14.001131871098329 13.965068562125193 13.392965638003705 10.259852798665161 1.2806997676019818 
2.8543358332273105 11.143429693639147 13.693798520664545 14.013146472613759 14.00414295653118 14.00168329718663 14.002113088399481 14.002091477722676 14.002087129486956 14.002088364926173 14.002088193483425 14.00208820456046 14.002088205207807 14.002088204686588 14.002088204763968 14.00208820474407 14.0020882047568 14.002088204728498 14.002088205057255 14.00208820453015 14.002088198698395 14.002088323738334 14.002087259314129 14.002092147342639 14.002102123618117 14.00173960763765 14.004144675387687 14.01200595094714 13.69460001618733 11.145581784150108 2.858050574960756 
3.0796715566236577 11.38519564498284 13.802070276127676 14.043527631626548 14.023704049167655 14.021626815737244 14.02215457479852 14.022116933422602 14.02211342121496 14.022114825862078 14.022114604615627 14.022114624713279 14.022114624739746 14.022114624296991 14.022114624412287 14.022114624391472 14.02211462441012 14.022114624266232 14.022114625132835 14.022114622031568 14.022114615351358 14.022114828537072 14.022113000061596 14.022120026540437 14.022151512266122 14.021486660784255 14.024845617481807 14.043526961617575 13.779716059191557 11.370185414240513 3.056110335638332 
3.148328246682268 11.568085411420439 13.601569985007398 13.787682227802838 13.770156695085483 13.768472272749957 13.768911709967869 13.768881218999153 13.768878242678339 13.768879361789445 13.768879194877996 13.768879208472553 13.768879208779103 13.768879208425794 13.768879208506245 13.768879208489139 13.768879208524735 13.768879208318854 13.768879209188817 13.768879208448736 13.768879178331954 13.768879527979605 13.768877359345398 13.768881950313398 13.76894397711608 13.768237942255707 13.769348214299821 13.810036269607178 13.601570240130044 11.234111020021775 2.96534691478997 
5.585159366767877 10.000786128260618 11.232281977742423 11.377041777813572 11.366866935373531 11.365309056249325 11.365610055511285 11.365598702120492 11.365594922815628 11.365595817997614 11.365595717047661 11.365595720090695 11.365595721520723 11.36559572112088 11.365595721187626 11.36559572117635 11.365595721197527 11.365595721104576 11.365595721250658 11.365595723911362 11.365595687015581 11.3655959612996 11.365594902325928 11.365591531513763 11.365679631235324 11.365096496312377 11.364698454101605 11.392053513755332 11.566256818306634 10.000786941951967 2.2224947186219914 
2.189880923844804 2.222527326377971 2.963114552907237 3.062416887269827 3.0577029082837606 3.0563733170805594 3.0565770584873984 3.0565744888272586 3.0565709993103196 3.0565716863255674 3.056571620568967 3.0565716201671327 3.0565716216959093 3.0565716213352836 3.0565716213918024 3.056571621382879 3.056571621398239 3.0565716213372913 3.0565716213714533 3.0565716237426646 3.056571595991031 3.0565717826792422 3.056571177538125 3.056568139600065 3.056622227502718 3.0564101225987326 3.0539751171441 3.0859796718560233 3.146095915829396 5.585200836006414 2.1898887788628842 