Step: 3825.0
9.674509704369173 9.472317381691818 10.048298642686733 10.64373417439925 11.30808881341803 11.97038113516484 12.596960182731214 13.169747819308377 13.67931202714496 14.120803619984159 14.491851823730379 14.79139625749048 15.019007477721505 15.174471572819495 15.257525450864177 15.267683441497988 15.204123062105344 15.065611833478677 14.850464477193594 14.556524141922598 14.181164646390595 13.721315027710904 13.173515728053406 12.534032863425145 11.799096753439077 10.96540912685166 10.031392480158424 8.998666599551264 7.889087013320944 6.5232756294538214 6.601936411191858 
9.010546238392637 8.449997316931062 8.904778183573857 9.616717741941535 10.366237489858843 11.10090134518575 11.78951762302755 12.415984482999416 12.971788243645847 13.452577836939591 13.85627672290608 14.182014871441433 14.429490895884301 14.598573177161143 14.689040638551287 14.700410219982603 14.631821871453091 14.481964295786009 14.249031261487655 13.930702058825274 13.524142472380584 13.02602615494748 12.432582768560506 11.739693065227838 10.94308031123547 10.03872645391749 9.023690563939846 7.8991654898335675 6.664380510193975 5.491075082216785 4.6762602672211555 
6.001773467588225 6.748972820870274 7.608738515226918 8.513600664700775 9.399817621789229 10.232539026188544 10.996907024269827 11.684325777411008 12.290181559631925 12.812210256979156 13.249514633192799 13.601923971987665 13.869567888262415 14.052584713662561 14.1509178894449 14.164172859581255 14.09151797083501 13.93161898639085 13.6826000228061 13.342025313178363 12.906897069293704 12.373665566435369 11.738249086750812 10.99606411848022 10.142071728762257 9.170843429081495 8.076752637126276 6.853532675010574 5.504449656290342 4.009196312031538 1.9196076246176201 
2.781385527182225 4.867177449643993 6.23004772741515 7.393661200023011 8.438068617735897 9.381755253531319 10.229020318422133 10.981265516090275 11.639135417838665 12.20329307301859 12.674536688576271 13.053716547254709 13.341597817283771 13.538723306642957 13.645294241398567 13.661074373844627 13.585318011429138 13.416720538452916 13.153388685861009 12.79282647613378 12.331931107775231 11.766990644847924 11.093671215040837 10.306972784632919 9.401111002287779 8.369234862783403 7.202673102752867 5.889571580188528 4.405333314648171 2.6671276176219263 0.5972458823409601 
1.1947157528910173 3.2754717409504366 4.950955612006698 6.327766431635629 7.519535917567354 8.5701279862193 9.498822851569084 10.315092476459 11.024309101892296 11.629953638669713 12.134549357296635 12.540030198283276 12.847859517956323 13.059039359094914 13.174076224164569 13.192935384725464 13.114999415935024 12.939038011305223 12.663190852272676 12.284961324595562 11.801215012481492 11.208172046707483 10.501374682242416 9.675596835970367 8.724631741931038 7.640817543672131 6.414019189397501 5.028914227762863 3.458226141314196 1.6659869347405163 -0.37946037265243654 
0.04936808011599579 2.108124006776598 3.8682342360276647 5.373921447545355 6.677011842695117 7.817707823094783 8.81895936462478 9.694118300257195 10.451417457093388 11.096319166915691 11.632688433771914 12.063368381027574 12.39044487566125 12.615352056892192 12.738899923773593 12.761268364562884 12.681991970718522 12.499948333102612 12.213355016508867 11.81977480035164 11.316123683954405 10.698670403748993 9.963008213264535 9.103966739921384 8.115408422217211 6.989815015690492 5.717480140669374 4.285164027522589 2.6759918069148347 0.8726297516976377 -1.1342493043831572 
-0.820113520283162 1.1990031060557282 2.9850021675719978 4.553117067227321 5.929164892802579 7.13809015223102 8.199032387518479 9.125117756157792 9.925327655800146 10.605987152940376 11.171705693852749 11.625914049295945 11.971148181034884 12.209184553635874 12.341094297970177 12.367258300224487 12.287368808308416 12.100432204940294 11.804779882319144 11.398088174787349 10.877403075840787 10.239160246213716 9.479184992638658 8.592650093799364 7.573962955075035 6.416554053785762 5.11259380928825 3.6529802534622373 2.0282695443419674 0.231318452485645 -1.7387600739886335 
-1.5058443092214135 0.4745276862775978 2.2617333227970704 3.859580577333495 5.279893331423178 6.537074241912683 7.644363215553031 8.612438623323328 9.449464069660396 10.161642390967172 10.753728152900251 11.229381605034458 11.591377878441252 11.841714407195749 11.981657009060015 12.011755610018339 11.931851104101227 11.741086874977254 11.437932032928432 11.020218053591762 10.485185897605335 9.8295367084616 9.049476145237048 8.14074174233362 7.098608632479999 5.917894245232697 4.593058215586573 3.1186063825141197 1.4900798233862145 -0.29426900318835014 -2.231443552508737 
-2.057645729182888 -0.1121410311579074 1.666641963299204 3.2771774420805175 4.723836738207043 6.01409766573992 7.156218231529419 8.157867509778226 9.025613038381117 9.764889774316677 10.380136975013414 10.874937546407946 11.252109716612232 11.513750842284072 11.661249652247193 11.69528537100842 11.615829058968567 11.42215790632663 11.112888534806169 10.686031064626011 10.13906198855158 9.469011065286418 8.672556291303241 7.74612337683002 6.685995914066993 5.488466039694711 4.150093332439135 2.668174040058621 1.0415034848212545 -0.7285999764824153 -2.637236086197469 
-2.507378665364816 -0.5921194077266069 1.1748986012672835 2.7894872238029826 4.251771513680306 5.564742098156136 6.732861974623062 7.761046085183688 8.65406972648985 9.416295920132503 10.051573608016833 10.563199314374424 10.953888894757299 11.225743850532286 11.38021514442904 11.418073930364109 11.339399046262814 11.143588935468536 10.829402556732198 10.3950306037351 9.838195408616674 9.156275683737933 8.346451514765308 7.405867116804138 6.3318157659837935 5.121963984955294 3.7746468643096835 2.289270833604149 0.6668366324516722 -1.089465358191748 -2.9737130678551704 
-2.8771814335973467 -0.9876928641716942 0.7671917370199898 2.3818240359863525 3.8537185990870326 5.182830034835636 6.370769669874156 7.420131253514881 8.333993331996139 9.115583044599596 9.768050252209802 10.29430341569999 10.696877578163395 10.977823108720546 11.138615367371766 11.180090528879806 11.10241381621106 10.905085276864556 10.586986158627754 10.146466518700171 9.581472261857263 8.88970762263447 8.068827579097377 7.11665442523254 6.031414370734486 4.8119935064513255 3.4582157529473907 1.9711440836964453 0.35339545791317684 -1.3905610031719335 -3.2541760245500657 
-3.18361911206388 -1.3158263119588998 0.42807162442459756 2.0414950720638245 3.5201431252393705 4.861727121321596 6.06561722288019 7.132464504551149 8.063839460185138 8.861905050502871 9.52912749278423 10.068022564197523 10.480935937383 10.769858884155322 10.936282978245467 10.981098370541279 10.904539951702484 10.706184674938452 10.385001813826644 9.939456134615765 9.367661889295498 8.667583120923528 7.837272914682776 6.875140824484583 5.7802337520833555 4.552511394868829 3.193094125596196 1.7044608421038694 0.0905791408206859 -1.6430394308944332 -3.489353265505725 
-3.440002160594751 -1.5902800455051598 0.1446747401483426 1.7575015665872376 3.242359928936092 4.595041514487953 5.812982003049431 6.895144267538062 7.841785581690744 8.654148624745016 9.334122020079008 9.883907781196301 10.30572054283994 10.601533327712414 10.772878258652721 10.820707120482975 10.745314721123018 10.546326766422844 10.222752962237685 9.773104945297106 9.195577074936477 8.488285649118872 7.649558117982981 6.678257503557288 5.5741176122305 4.338052021823773 2.972387871425037 1.4809732595933887 -0.13087406620511674 -1.8565644991217147 -3.6885125505775975 
-3.6579343255892365 -1.823070288639758 -0.09428495023519708 1.5201252012648248 3.0126280785284316 4.377021105639003 5.608841654700466 6.705496495912197 7.666116567964935 8.49122415282119 9.18231492618226 9.741432638370492 10.170782828698067 10.47240881961509 10.64794017769026 10.698417332579327 10.624193216252337 10.424911821865493 10.099563420707154 9.646616101561202 9.064222684572076 8.350500185260715 7.503874828078783 6.523477505994466 5.409560123986322 4.16387977953047 2.789968263822403 1.293184649950092 -0.31952793753844494 -2.0401705408147333 -3.860351658668545 
-3.848614330044758 -2.025706809515286 -0.2993935686537148 1.320537002072194 2.824190740472716 4.202866244021935 5.449993991990773 6.56148579741394 7.53556948562147 8.37232855683185 9.07313896862974 9.640119779340857 10.075651029445764 10.38197984797051 10.56092040745774 10.613646839534804 10.540576207653475 10.341338907870146 10.01483519385798 9.559378058172058 8.972923719824271 8.253390656937668 7.399065332376964 6.409085484698583 5.283976106571431 4.026181359817112 2.6404743021859978 1.1340545924601608 -0.48387839218165907 -2.2031401726398876 -4.013919119375012 
-4.024305638359723 -2.2105536349206347 -0.48140787920339584 1.1505199251455935 2.671456471142166 4.069138857904775 5.334510726544114 6.462114229513224 7.449644564253914 8.29716827929388 9.006327054213264 9.579632079118044 10.01988028576219 10.32969575161865 10.51118968669034 10.565729669784979 10.49380950839749 10.295013678141734 9.968073834935 9.511018669171266 8.921421727192707 8.196754082131422 7.334849063322481 6.334483234375381 5.196067965103299 3.922418715032474 2.5194968930618855 0.9968054362358808 -0.6330569211075241 -2.3561404497667713 -4.159851351409497 
-4.200579457022894 -2.3927480685104054 -0.6522130109148891 1.0025280364657 2.550592053605105 3.9744587914990275 5.262304061839114 6.407828295790068 7.408875574789694 8.26612543315229 8.982003164221283 9.559811537659192 10.003057034953999 10.314943311570497 10.498007612279048 10.553879625117608 10.483146914613979 10.285316716280876 9.958870209560734 9.501411936180064 8.909923279439784 8.181134417571155 7.31203368169847 6.3005369765112205 5.146343144725666 3.8520013286869417 2.424187633510092 0.8750471778875478 -0.7776742534810589 -2.512995987019816 -4.312466483511564 
-4.400475883254424 -2.5937097486004403 -0.8255829653253484 0.8706676241424878 2.4610978816995748 3.920606222983522 5.235801829242862 6.400899311206476 7.415024470674193 8.280337981371428 9.000693135337773 9.580649126133281 10.024745665320323 10.3369807542794 10.520449737611225 10.577113384464829 10.507671200399763 10.311525093395966 9.986827999714722 9.530621761577159 8.939078011552814 8.207864716659603 7.332669495493207 6.3099205169420385 5.137762287804522 3.817379999467686 2.354850817942414 0.7638061596963465 -0.9305030779832404 -2.694097632900282 -4.493823375697224 
-4.666684050619583 -2.8464870710223775 -1.0176429581540314 0.7557718052605777 2.4085104541298454 3.9138864953735126 5.260572528605092 6.44567098103044 7.47113446829247 8.341653356096272 9.063230064564786 9.642170149911472 10.084368534676846 10.394818592690228 10.577289957389258 10.634132057631456 10.56617143652098 10.372683037913491 10.051428463393709 9.59876722927209 9.009859904168765 8.278994204106445 7.400076273602675 6.367340642645824 5.176350652827512 3.8254106124748137 2.3176592844056128 0.6646238531215417 -1.1068873066256093 -2.9316771031559825 -4.745811765262604 
-5.075441877659776 -3.229464991456855 -1.2208533611032508 0.6729227020132021 2.4073526015860103 3.9661290419334585 5.345588521928947 6.548518205875603 7.581361655724806 8.452412965003852 9.170531624205779 9.744224057260839 10.181015629503419 10.487048226391472 10.666841719077365 10.72316561035082 10.656980254054275 10.467422706360345 10.15182858842944 9.70579771416366 9.12332763917309 8.397055108600428 7.5186586849775825 6.4794840047291835 5.271456425636611 3.8883571017207754 2.3276162900880246 0.5930912046170602 -1.2987655460060914 -3.303384852380068 -5.1439898568743985 
-6.229667005901504 -3.654620078319227 -1.3863345396208124 0.6568407983411126 2.481823142580253 4.094485189124778 5.502801578030007 6.717383058561004 7.750523834500167 8.615037885439246 9.323236101372974 9.886175742897688 10.313187699977222 10.611626473040955 10.786768625802367 10.841791481602858 10.777781582570018 10.593743082029892 10.286596077000336 9.851174026168382 9.28024936490205 8.564637343403515 7.693446230132313 6.654548399778822 5.435327774732565 4.023698274005149 2.409261557470225 0.5842528241642123 -1.4569939734219608 -3.7211729891270586 -6.2892870653854995 
-11.973745314759936 -5.897987037320159 -2.164192114637923 0.72249245150619 3.0529570758672953 4.952869707060467 6.498743682819549 7.749196726672617 8.753158971847045 9.551727964504776 10.178480697370647 10.65978148552873 11.015423775983345 11.259506812122881 11.40133931000463 11.446191086035213 11.395780364258282 11.248442592529722 10.998965242945856 10.638102965661556 10.151826487273174 9.52041767255396 8.717591621445834 7.7098576163559045 6.456223234343132 4.907906848536559 3.0065173747518994 0.6758877259872415 -2.2091046671753154 -5.938298093478005 -12.001812648066617 
-13.096813742820705 -7.373528332890964 -2.827886414944303 0.645988411018134 3.3570675648620574 5.474484620490621 7.117510952255702 8.381459805171 9.345755243320516 10.07573298268571 10.623218855304037 11.027522048302988 11.317061129906119 11.511311583930071 11.62267566223476 11.65797256370288 11.619379412443779 11.504751470743084 11.307303393526142 11.01466800793216 10.607402938377668 10.05711469883042 9.324505178046955 8.35774737938448 7.091514526309087 5.446456402845273 3.327483572715416 0.6157877733169392 -2.8569940361387847 -7.398585427800705 -13.114348901083607 
-13.567077531057098 -7.918368973096364 -3.21395860462157 0.5358089619626005 3.451868393226796 5.6822966557943575 7.359108873726639 8.599515838109832 9.504776208445362 10.158585433441942 10.626630384248484 10.957783028055891 11.186518176031074 11.335825925427528 11.419958772848384 11.44658030525652 11.418102298482129 11.332135717563029 11.181040416830198 10.950586247100837 10.617797834498825 10.148195116355886 9.492864906603774 8.586032651079755 7.343885744584745 5.665099197762209 3.432606657195891 0.5149358820804809 -3.234988857025663 -7.936989227971894 -13.580182992569613 
-13.679898192192985 -8.062667835106867 -3.390736839371823 0.3908554834178411 3.3413512289977043 5.569375324691284 7.204210377040527 8.373785346977296 9.193128467759236 9.758084068241729 10.143242124253323 10.40310192494323 10.575186650625353 10.683837000891781 10.74372999235535 10.7625757300724 10.74276743272454 10.681932946379405 10.572384989545832 10.399469620163766 10.138861084762148 9.753024297560152 9.187390753869375 8.36720687697902 7.1963472435193925 5.559442176983852 3.3284253891275153 0.3745144543793505 -3.409473806398709 -8.080838706873843 -13.693121656683838 
-13.278125110932622 -8.025419366838879 -3.5262147917738007 0.13559600519444787 2.9790562802779257 5.094764076129612 6.608898828275417 7.655149834399658 8.356612044026045 8.815831973881068 9.111441482324032 9.299496691747528 9.417397364629819 9.488554344626806 9.52658323008401 9.538419914529143 9.52617976752627 9.48777113123809 9.416286717505374 9.298145754587054 9.109971393840592 8.814375176584 8.355245890039583 7.653759022470385 6.606941168944517 5.090936271144381 2.9711181687530455 0.12128127322851584 -3.5471576211759066 -8.04896855401182 -13.296875937605048 
-13.110824651551086 -8.254125729594524 -4.015796696003046 -0.577956898689405 2.0693093476122932 4.014293185699972 5.379751777561596 6.298150888088974 6.8924855499771445 7.264833718169577 7.492438481142122 7.629238169055421 7.710270381357973 7.756793255138454 7.780770574900246 7.7881219509869615 7.7806230044849025 7.7565259912401165 7.7099478533736905 7.628975639878493 7.492413931704433 7.265281648930997 6.893646810556803 6.30013952769693 5.3822744159105715 4.016115515493217 2.0671508397216756 -0.5901036023467215 -4.0415915188698195 -8.289682497192016 -13.14109103173079 
-13.673078094815006 -9.116250645396713 -5.288740982692619 -2.231683264545778 0.11147474148086911 1.8206309169718666 3.0054253610328185 3.787100211311722 4.2795263109793815 4.577247411050341 4.751248605638013 4.8503932959546825 4.905795600441495 4.935872293199596 4.950706614362798 4.955161411003001 4.950674243520642 4.935839996020516 4.905840792284744 4.85066154162618 4.751981773690829 4.5788046739410175 4.2823776259960225 3.7917612464096244 3.012279280416164 1.829453150249127 0.12024419871767703 -2.232724957070532 -5.3219736364214345 -9.176290118287266 -13.735545761483822 
-14.656813680931053 -10.566192120664807 -7.435097454521166 -4.9058345535320464 -2.9525206345965347 -1.5282887162066259 -0.54753262662409 0.09147472040610809 0.4864839289544017 0.719077660570181 0.8502963602411734 0.9217674036180614 0.9596233162118866 0.9790477879749929 0.9881758580094323 0.9908491621750172 0.988190056158653 0.9791106491329773 0.9598188015118178 0.922258599693884 0.8513673337994516 0.7211818369904323 0.4902915113666009 0.09791715608537505 -0.5372123782395097 -1.512445704195492 -2.9294693216076575 -4.873718585173415 -7.434930764697881 -10.721224249018073 -14.774907887013386 
-14.98944722860673 -12.740005937523167 -10.536193773857065 -8.616029580162829 -7.103676390756085 -5.995405179015219 -5.233827777535043 -4.741075767268206 -4.44001274280899 -4.265749757311505 -4.169765258348501 -4.119145477773248 -4.0934133729644016 -4.080816791994753 -4.07515226204087 -4.0735337159954605 -4.07512489881277 -4.080730208225836 -4.093188989399087 -4.118627672875628 -4.168675334105602 -4.2636242644120115 -4.4361215760275785 -4.7342943584685475 -5.222370067883884 -5.976193370991352 -7.07022737063639 -8.556441313393028 -10.379420542336918 -12.737873189737588 -16.07798869721377 
-16.565509739683964 -16.03947661461124 -14.591943223467522 -13.270413710973969 -12.2136525356758 -11.436501932565143 -10.902539481796296 -10.55789372572314 -10.34824928484674 -10.227711537967737 -10.161953766430786 -10.12773525751224 -10.110647113925197 -10.102460076379527 -10.098856375104791 -10.09783958237748 -10.098833169465427 -10.102389707391307 -10.110470214490226 -10.127333409105521 -10.161112729516972 -10.226069766551728 -10.345224566611373 -10.55255816507811 -10.893350041013607 -11.420545675222598 -12.184878338557573 -13.208091779760549 -14.472282090130399 -14.94295853295719 -16.559612893181516 