Step: 405.0
14.056248526279063 13.95130933199452 14.355634940245903 14.724241143497473 15.042880375468403 15.276958237400683 15.433394476593072 15.530725871320197 15.587878705639502 15.619827273123482 15.636935403497185 15.645750766692375 15.65012903303258 15.652207051487045 15.653092326733248 15.653285789203638 15.652893117605494 15.651664671454439 15.648866136956563 15.64293412602369 15.630820114051728 15.60688612733931 15.561221343990145 15.477368107486878 15.32977991696683 15.081977256572879 14.687472930864631 14.096078420871503 13.281082634349985 12.138609032988931 12.098779344759613 
13.521486035714387 13.19848526290845 13.61381157606546 14.088862823096497 14.467168387342571 14.737253931768482 14.914693209496885 15.023964538383433 15.087689666359813 15.123139379844435 15.142053802685194 15.15177283308384 15.15658948169894 15.158871984319607 15.159844024990837 15.160058638906886 15.159634447243496 15.158301949140487 15.15526403795407 15.148821536622831 15.135658075428694 15.109633300404541 15.059935709251286 14.96856742673003 14.807474138720501 14.536294448232315 14.102595025319646 13.448432764348333 12.519117497848153 11.403116185218408 10.292306524929268 
10.876171564395058 11.906739417207078 12.77492090661928 13.457034277052696 13.951122617311428 14.283924183922727 14.49540299576846 14.622846990405723 14.696065625106641 14.736352881100744 14.757669871771936 14.768552076868678 14.7739174104415 14.776450358611555 14.77752823285234 14.777772443725404 14.777321757650366 14.775890378399126 14.77262051917497 14.765677885953867 14.751474375945207 14.723348570691595 14.669527475352343 14.57030259287711 14.394675421011218 14.097312704773268 13.617444797581822 12.88104165141772 11.813411428490445 10.314518392853861 7.877600946521397 
8.13048252867945 10.540195102930689 11.935570551501575 12.878501751673232 13.510720245731504 13.919341043496816 14.171855628705531 14.32108028169472 14.405575191435785 14.451548693248519 14.475658550559762 14.487877818747569 14.493867133912826 14.49668243876408 14.497879759874865 14.498160187127562 14.497688119544405 14.496165085586066 14.492676591342747 14.485259144040498 14.470062028731276 14.439915448774341 14.38209887287268 14.275200797935746 14.085264248007217 13.761963969153262 13.236105679761225 12.419968447747742 11.205250163970259 9.432882716882084 6.9784173130501 
7.082274601360871 9.524756519031994 11.250246407890089 12.402605120690083 13.160145728342147 13.641022079448758 13.934023106303222 14.105187608044783 14.201190735322184 14.253013525500776 14.280009258854989 14.293613101801187 14.300249016628083 14.303357077025147 14.304678947852418 14.304999226721055 14.304510731268325 14.302905789411394 14.299219467502295 14.291371633160395 14.275274401816569 14.243300827326513 14.18188587920467 14.068124740670246 13.865544455447736 13.51979955079386 12.955744324330002 12.077265995860929 10.77004541360351 8.921983701962395 6.457311147063553 
6.494766397937779 8.953366819914805 10.779163626848721 12.055414257952178 12.902638476444304 13.440776188530409 13.767791605375761 13.958131665584984 14.064475125046899 14.121660818303226 14.151342641611874 14.166250022992529 14.173500088432046 14.176888275173576 14.178330478307167 14.17869084802307 14.178190466172943 14.176515571876884 14.172658979407032 14.164442137237991 14.147578919199587 14.114066738382352 14.049664234030717 13.930316800517467 13.71773314568785 13.354981305103385 12.763860390459858 11.846648625670356 10.496466350820889 8.618363952243357 6.158907726624749 
6.16893945464458 8.62507377270945 10.492393008053163 11.827308589982826 12.72843345644216 13.305467150370385 13.657451302159773 13.862625780432726 13.977281633757006 14.038906269520682 14.070862990115224 14.08689484598337 14.094682698717564 14.098319308073183 14.099869630322589 14.100267260840193 14.099758905394223 14.098027275838348 14.094032065720581 14.085517483387873 14.06804459262148 14.033329306332046 13.966643405882637 13.843152143344831 13.623442488874302 13.2492433325538 12.641407813591549 11.703323574711186 10.332830997542787 8.443304138195428 5.989053314013683 
5.989274590147688 8.441668195940249 10.325947315344262 11.689004790007568 12.619041368588663 13.21955051579747 13.587896207534051 13.803393786626396 13.924103281818537 13.989078283100644 14.022802217446978 14.039728526216496 14.047952670731714 14.051794220045975 14.053435170206427 14.053865011279909 14.053351835304984 14.051576733071103 14.047475190334202 14.038735125041113 14.02080897606107 13.985219913705382 13.916923368450666 13.790614940282259 13.566284849095059 13.185113277718804 12.567904481857502 11.61913433582838 10.239288924016904 8.345402799420967 5.894908235764996 
5.8925878370645615 8.342052545480954 10.233398394884045 11.609679373055048 12.554528349667933 13.168064441004514 13.546196617278746 13.768254245744021 13.893002757078222 13.960303493580811 13.99529496055096 14.012880554774068 14.021433737621447 14.025432887079289 14.02714479632594 14.027600628431468 14.02708501506047 14.02527868210534 14.021100663336737 14.012200780505843 13.99396009943151 13.957780639835343 13.888430877847066 13.760352699507031 13.533259132627501 13.148157282319035 12.52600337766252 11.571986094101485 10.187915816002988 8.292449379120978 5.84428212466942 
5.841970870238731 8.289580739438634 10.183836139613076 11.566234980129035 12.518396103873593 13.138772795614704 13.522359637449176 13.748280872113359 13.875524060038789 13.944320275959228 13.980154845702733 13.998191597106612 14.006975363731646 14.011087196970582 14.01285079827493 14.013326178392346 14.012809862190283 14.01098292670581 14.00675407835628 13.997749220452421 13.979305917323916 13.942755707291022 13.872765240015934 13.74365107280392 13.515011213877594 13.127818271190613 12.50317141117939 11.546656127102446 10.160716660161228 8.264720255424864 5.81788265434471 
5.816180469272235 8.262727581754453 10.158171080930368 11.543364845632452 12.49904546846675 13.12287400817667 13.509345318530544 13.737403479373356 13.866084102524079 13.93577309324921 13.972126148719514 13.990447171909015 13.999379098616428 14.003564512534417 14.005362437749534 14.005851329492199 14.005335638385079 14.003497153709931 13.999238781614412 13.99017269051543 13.971611859901726 13.934849345288773 13.86449915097837 13.734818431299244 13.50535953625893 13.117098221549659 12.491226135124764 11.533534320545217 10.14676537469302 8.25060142143707 5.804478220919931 
5.803276600294024 8.249260809521925 10.145220035053237 11.531725064844872 12.48910991525473 13.114656437244376 13.50260156579584 13.731778438845689 13.861227332649811 13.931401112895813 13.968038641862835 13.986516413524992 13.995530081607312 13.999756054134227 14.001573072129059 14.002070073457457 14.001556270829058 13.99971440237092 13.995444967094997 13.986353591953941 13.967740883255246 13.93087984372613 13.860356452008798 13.730395905534394 13.500525901191605 13.11172357255253 12.485228771508842 11.52693863007009 10.139747911177981 8.243497566705633 5.797733319576394 
5.796674984056975 8.242397713552753 10.138690895778723 11.52595346283298 12.484282306819305 13.110744873145032 13.499442797165392 13.72916262889398 13.858962266591929 13.929341784893198 13.966090005250535 13.984622815978783 13.993661961720184 13.997899126275897 13.99972123578354 14.000221422940971 13.999711130612383 13.997874422027987 13.993612452546277 13.98453021152613 13.965924695914545 13.929059560433851 13.858502623107732 13.728451141532847 13.498400254782757 13.109304618929041 12.482414044697899 11.523687394833313 10.136132645851909 8.23972484159 5.794111369680175 
5.792638530140034 8.238309783678543 10.135087507286777 11.523142409751472 12.482295323950577 13.109411166492682 13.498515663947757 13.728423595452933 13.858268110796619 13.928622578252353 13.965324973086275 13.983815554871695 13.992824058838846 13.997042284389803 13.998854939775041 13.99935341497992 13.998849097684136 13.997028199341857 13.992796373186318 13.983764909423513 13.96523667585367 13.92847543250919 13.858034169623906 13.728069863498426 13.498008691116546 13.108724802079816 12.481420570038962 11.522096719247939 10.13391984818883 8.237098227411678 5.7914793267170515 
5.788581279539224 8.234446560607221 10.132329574335294 11.52186584701251 12.482299260638587 13.11016677328625 13.499480303206326 13.729236072871323 13.858779507062685 13.928831265236504 13.965295632291804 13.983624258012947 13.992533439867456 13.996696207912953 13.99848204855022 13.998973318568014 13.998478795334545 13.99668847068489 13.992518517674469 13.983597546512273 13.965250112351384 13.928757133341046 13.858664282955038 13.729065580853502 13.499240833657705 13.109848413057238 12.48189985528706 11.521394500111121 10.13180830035993 8.233908966920072 5.788068013522259 
5.781591518900788 8.228161308463836 10.12883625589982 11.521762503346121 12.484761295344766 13.11374706378623 13.502953015644056 13.731956205801 13.860613911469754 13.929919598817639 13.965855223251234 13.983849295320347 13.992564157987383 13.99662269789515 13.998359244597392 13.998836583951507 13.998357495825482 13.996618593147534 13.992556385577986 13.983835670070837 13.965832504579891 13.929883396497038 13.860558817604854 13.731876299218923 13.5028428294059 13.113602969032868 12.484583055323876 11.52155456218575 10.128608252504248 8.227927431719506 5.781368648308571 
5.766297278382308 8.215000013425167 10.122885671181375 11.523889301072451 12.492114843337893 13.122591897020415 13.510684294372892 13.737611866495369 13.864279626719771 13.93208472503079 13.967034299380392 13.984438671812224 13.992825662364156 13.996714150152881 13.998372046300403 13.99882701949858 13.998371136553866 13.996712041495517 13.992821739198554 13.984431930352304 13.967023288910049 13.932067535463759 13.864253977020379 13.73757534534147 13.510634776471603 13.122528102347388 12.492036933440128 11.523799344139821 10.122787791551866 8.214900096549488 5.7662022249622975 
5.730446522738061 8.185170528316482 10.112722823876766 11.532630973458957 12.510817852402964 13.14177201306649 13.52580828990648 13.747880602695705 13.87058390822351 13.935674762173278 13.96895713288312 13.985413507007756 13.993293643784517 13.996927115627788 13.998469563639189 13.998891883721248 13.998469103892717 13.99692606267615 13.993291717310617 13.985410258929887 13.968951930995058 13.935666796064394 13.87057223809817 13.747864268313407 13.525786484170217 13.141744302830803 12.510784402992428 11.532592713397525 10.112681483924185 8.185128512510234 5.730406613453029 
5.638860435485607 8.11812295090701 10.097725910743815 11.564002867543653 12.554625125188684 13.179777417585107 13.55276239172815 13.764868006790225 13.880461172706509 13.941078725345351 13.971770871986658 13.98681773869512 13.993969504069147 13.997246106645662 13.998630064028355 13.999007926198393 13.998629836143406 13.997245590616018 13.993968574892083 13.986816200223924 13.971768453653981 13.941075089002553 13.880455937123246 13.764860795338942 13.552752903341979 13.179765512616925 12.55461090884174 11.563986747436797 10.097708605812109 8.118105434623626 5.638843821824482 
5.416019197852904 7.933734775963902 10.122926077194391 11.657285690941245 12.646590859438781 13.24765975306277 13.596329495480749 13.790535126789509 13.894686338343682 13.948589234913886 13.975577451798937 13.988680334546235 13.994855347861519 13.997663796034379 13.998843158449908 13.999164091042887 13.998843043646675 13.997663538747403 13.994854891319173 13.988679591171843 13.975576303301178 13.948587536975937 13.894683932593315 13.790531861864952 13.596325256861718 13.247654497679175 12.646584646891585 11.657278703523948 10.122918621725024 7.9337272665530225 5.416012083317725 
4.161905238697605 7.839263079039501 10.315823476120208 11.878879688667492 12.813622808253502 13.354873481494321 13.659596556590849 13.82584588407984 13.913532189445197 13.958263538073767 13.98037492708237 13.990988023396278 13.995938832119268 13.998170459387445 13.999100898988951 13.999353030692854 13.999100832186338 13.998170310498926 13.995938569999408 13.990987600470573 13.980374279864936 13.958262590179507 13.913530858658353 13.825844093051375 13.659594248125536 13.354870638495951 12.813619471638432 11.878875958777055 10.315819511403072 7.839259094240197 4.161901552711353 
-2.082404184912808 7.621750749213995 11.56510922944633 13.083655716401797 13.618264883505141 13.823343363026892 13.915947340173384 13.960693507694037 13.982074122325239 13.992013508131683 13.99651738976967 13.998510778223324 13.999373126056147 13.999736079323618 13.999879013984932 13.999916427231955 13.999879009386644 13.99973606905719 13.999373107943413 13.998510748912599 13.996517344979607 13.992013442296651 13.982074028288016 13.960693389074171 13.915947185638126 13.823343134886159 13.618264576740222 13.083655457012192 11.56510908727234 7.621750686475445 -2.0824041497797627 
-2.3649040653880378 7.132739245316553 11.862197153487442 13.468814092112739 13.873902572056203 13.960075039391667 13.983413999825355 13.992836511139988 13.9969861835882 13.998757956149493 13.999497338673049 13.999800707654865 13.999923023923333 13.999971292431711 13.999989294814005 13.999993850708776 13.999989294593643 13.999971291940106 13.999923023069659 13.99980070630717 13.999497336259026 13.998757954600642 13.996986179039673 13.992836479131238 13.983414070104157 13.960075179426768 13.873902337550405 13.468812928378302 11.862195735406617 7.132738180607694 -2.364904573794379 
-2.339123819060993 7.215502951292121 11.955930503376887 13.575300721513283 13.939901037009236 13.991957510064678 13.997523923359255 13.998941665579013 13.999580683608414 13.999835178085416 13.999932775111708 13.99997010773415 13.999984201092813 13.999989435152589 13.999991289046278 13.999991743142802 13.999991289040798 13.999989435142773 13.999984201050086 13.999970107781335 13.999932775322529 13.999835173338141 13.999580706693346 13.998941659208695 13.997523492653718 13.991958492022368 13.939904019394433 13.575302195456318 11.9559227343314 7.215489415781573 -2.339136514092154 
-1.9319158482133982 7.7077227150794245 12.214009846145444 13.666571868408102 13.964859972365353 13.99837855907439 13.999633010760833 13.999700483906638 13.999780956204395 13.999810446476681 13.999820745386664 13.999824453550959 13.99982576498831 13.999826225647443 13.999826380990694 13.999826417855225 13.999826380988994 13.999826225652397 13.99982576500745 13.999824453259867 13.999820746736562 13.999810448307938 13.999780890751499 13.999700848507675 13.999632911488668 13.998371537847595 13.964870222683967 13.666617122817653 12.214083552776547 7.707761801289468 -1.9318905711185879 
-0.012502309783370826 8.997186440391017 12.826438817295392 13.841269666139702 13.991412755780587 14.000087827254292 13.999937294270447 13.999963815428938 13.999968172417129 13.99996949797729 13.99997029341609 13.999970493823625 13.999970564704874 13.999970588932388 13.999970596503216 13.999970598274174 13.999970596506364 13.999970588908552 13.99997056479879 13.999970493878001 13.999970289902887 13.99996951952873 13.99996817052432 13.999962922465576 13.999943009451478 14.000086535343517 13.991299856921037 13.841327987562869 12.826872921001366 8.998096982702315 -0.011825492767458189 
1.5540438363060913 9.982050159010898 13.264518305696276 13.957796813934925 14.011065024873025 14.0073474956811 14.00719492258821 14.00728314067559 14.007273430390073 14.007273118565017 14.007273342114196 14.007273295509785 14.007273296274635 14.00727329559978 14.007273295204612 14.007273295158958 14.007273295209032 14.007273295608202 14.007273296037285 14.007273297199768 14.007273337177327 14.007273094472778 14.007273763676709 14.007282228835823 14.00718449606911 14.00744459633121 14.011066859852578 13.955909911995931 13.262715747823668 9.980625850851139 1.5548834907284605 
1.8622787966377627 10.304013640331084 13.399096144641653 13.966173402472723 13.98966765811646 13.983454969912765 13.983467568675872 13.98357122349308 13.983557929450889 13.983557964666968 13.983558220592704 13.98355817154415 13.983558176304705 13.983558176345023 13.983558176246312 13.983558176277366 13.983558176234968 13.983558176432979 13.983558175917004 13.983558171571913 13.98355823600244 13.983557836929018 13.983558261225747 13.98357425864192 13.983438497117437 13.983404351303225 13.991561239812587 13.966172794072188 13.367828167023438 10.261460237006307 1.8097036103312891 
1.8766981897573134 10.334211461677377 12.935185361550866 13.38856456333416 13.40417031889662 13.39856818957217 13.398585969111817 13.398677523034012 13.39866633187045 13.398666240773268 13.398666473179585 13.398666432337562 13.398666435691107 13.398666435835475 13.398666435732139 13.398666435758896 13.398666435714935 13.39866643588645 13.398666435918807 13.398666427957822 13.398666503769514 13.398666169319991 13.398665486632781 13.39868747560561 13.39856098256448 13.398213949557553 13.405979619840322 13.419830209501963 12.935185732480054 9.96721230794112 1.6304857944045683 
3.8783828095199446 8.35179395937581 9.966578791239353 10.293242598860292 10.3076482354688 10.303595763071218 10.30352301805221 10.303598060154268 10.303590769877301 10.303590370953756 10.303590579864974 10.303590550250277 10.303590551687227 10.303590552018118 10.303590551913615 10.303590551934937 10.303590551906925 10.303590551977248 10.303590552444623 10.303590544382823 10.303590602158986 10.303590441112764 10.303589093358994 10.303607458959696 10.303551502027998 10.302853721695278 10.309069710893324 10.33579363486113 10.33357842986476 8.351796941198469 0.6657000695475639 
0.46448819582215123 0.6653278838853142 1.6290144999527802 1.840645604532074 1.852924416375436 1.850194977862684 1.8501021059295373 1.8501567984593277 1.8501523012727081 1.8501518691530212 1.8501520312136457 1.8501520106293103 1.8501520112527319 1.8501520115675243 1.8501520114834429 1.8501520114991084 1.8501520114819845 1.8501520115079217 1.8501520119653156 1.8501520060796748 1.8501520424172895 1.8501519862257918 1.8501506707472668 1.8501643914964683 1.8501314206023052 1.8496554265944682 1.8520808097597052 1.893218368045919 1.8752300855609 3.87800068454584 0.4644789234354528 