Step: 3645.0
9.795567069391476 9.5982516069875 10.17590734771518 10.775164052963781 11.442629393053094 12.107102328956415 12.734911778395663 13.308088110066903 13.81737118146106 14.258117988867347 14.628177085622669 14.92670316742926 15.153462558525044 15.308404924520604 15.391388081719997 15.401996851114815 15.339424103183951 15.202396080388432 14.98913140679672 14.69732737513547 14.324170315923311 13.8663710577898 13.320234500316747 12.681789537863553 11.94704572210687 11.112522646656174 10.176530008949898 9.140713965657191 8.027171605748821 6.659620271043009 6.733025925641119 
9.133828234309028 8.582129050623104 9.042797219226907 9.759163339488738 10.512224248236494 11.249325824807462 11.939316657090227 12.56622823735189 13.12174062680505 13.601729958431976 14.00435959199594 14.328994022747295 14.575545031898695 14.744058998671647 14.83444638605101 14.846300847762219 14.778779116443895 14.630525130212368 14.399628304236904 14.083609455921186 13.679430549275647 13.183527819067413 12.591874255478855 11.900091285268918 11.103659003671495 10.198354027192016 9.181096297434443 8.053040208616967 6.813654995390139 5.6340590203196825 4.809611421139415 
6.131260415928326 6.888509520157055 7.7559444774195185 8.66652732099623 9.556909354099355 10.392441080644804 11.158393719734818 11.84635423186115 12.451934720217992 12.973124511361505 13.409289579522053 13.760514686519999 14.027160873052283 14.209559406486049 14.307796238785434 14.321560002510635 14.250037465770719 14.091846317557199 13.844998190854565 13.506886249927142 13.07429236807216 12.54340961862597 11.909877186572219 11.16882747584893 10.314950617160218 9.34257881636619 8.245893672371666 7.018494872300889 5.663436056030141 4.159985162232898 2.059482360303694 
2.918147451452233 5.014899483633912 6.386495250887588 7.556775999462217 8.606021735104633 9.552938697685162 10.40203751481049 11.154949482496402 11.81257952046112 12.375872326425272 12.84591398318673 13.223832068784596 13.510641984720401 13.707094776569019 13.813545418544251 13.829847548831102 13.755275742032536 13.588474197297531 13.327429207801536 12.969461248438996 12.511230656310891 11.94874828371555 11.277378144825295 10.491810214437244 9.5859596019336 8.552699667777878 7.383117836521207 6.065138626087326 4.573933138761456 2.826429406536103 0.7447627346670297 
1.3393135391459634 3.4317734279395293 5.1167877128062775 6.501002537413791 7.698195622628313 8.752428818605562 9.683214270760613 10.500286403193957 11.209307615490305 11.814067435171296 12.317401450393998 12.721542789443724 13.02822399457442 13.238670803689017 13.35355486561444 13.37293820974637 13.296225720598844 13.122133015053986 12.848671618388453 12.473149128734965 11.992177973381413 11.401681278580911 10.696876435561476 9.872202020819294 8.921122748908468 7.835670141071979 6.605433621054024 5.214848800542579 3.6364345092082337 1.8340775947454038 -0.22391766529088744 
0.20202943113924618 2.273201220102605 4.043531591918467 5.5572432408612205 6.866263438374041 8.010972783580566 9.014557312857855 9.890649566059354 10.647795929497681 11.29179142428479 11.82683656241945 12.256095025655663 12.581940631378714 12.80604664557616 12.929399677101404 12.952283372743013 12.87425685798457 12.694140988313293 12.410017736685116 12.019242193943171 11.518461327700336 10.903627651218082 10.169987710739665 9.31201210421955 8.323210162161743 7.195733157171732 5.919580875255315 4.4812685364710845 2.863739283542905 1.04956078340158 -0.9705842515477832 
-0.6593143573232759 1.3729119988317606 3.16976490732758 4.746455285999583 6.128879541681795 7.342148812436002 8.405640446162495 9.332773640773807 10.13286194054363 10.812584391358623 11.376907648357085 11.829603665490689 12.173514780338497 12.410671901082502 12.54233424819562 12.568993570166455 12.490369044141307 12.30540789068405 12.01229877143184 11.608498810378185 11.090769599566883 10.455212083919207 9.697284156162304 8.811777778014973 7.7927259032987 6.633210023722005 5.325094815721426 3.859032537368402 2.225410192358669 0.4170089078879365 -1.5670255054972093 
-1.3369351370175664 0.6572257083432872 2.455883125911059 4.06281047642781 5.489900153929146 6.751716538812773 7.861740521783964 8.830954303602649 9.667869972301942 10.37906384160612 10.969668268781302 11.443704704411177 11.804272802380575 12.053639675134976 12.193270744386648 12.223834011207815 12.145199858271276 11.956450293706688 11.655904825248575 11.241164534271888 10.709171060653995 10.056272982762778 9.27828880995149 8.370554956589359 7.327952917379539 6.1449352052330415 4.815645497023546 3.3343414219894973 1.6964006082989627 -0.09998870983712606 -2.051784751161421 
-1.880730795106006 0.0792257275135403 1.8700298433896148 3.4901134707635793 4.9439111453792375 6.239061689268907 7.384069281358253 8.386917871930287 9.254539257744698 9.992760703607791 10.606419380685349 11.09947919819004 11.475101017226324 11.735667175977659 11.882777644170421 11.91723708366929 11.839048767673672 11.647426473998108 11.340830539912082 10.917029721052524 10.373186533042492 9.705960681886987 8.911623810159549 7.986180966179676 6.925503851898595 5.725504509405563 4.382416136688931 2.893282202122058 1.2567358186319713 -0.5259632647843605 -2.449861931182082 
-2.3226230020919267 -0.3922677817759753 1.387313850716477 3.011885786107173 4.481633660985686 5.799710842043476 6.9708333575640005 8.000242973824266 8.893095454498663 9.654165230546235 10.287719557667558 10.797456087505216 11.186451756149575 11.457108664696781 11.611100924062459 11.649332707576653 11.57191796144151 11.378189803848615 11.066744300867446 10.635519830426201 10.081910059202299 9.402906095424822 8.595262403455608 7.655682950790505 6.581030792278668 5.368576869306473 4.016318597680031 2.523403313481538 0.89066818384214 -0.8787522873850845 -2.778877687315804 
-2.68479824439042 -0.7795911618803173 0.9883725312415221 2.613391418608265 4.093039055127384 5.427435703951533 6.618453752123086 7.6690268393820045 8.582631281079944 9.362925814114101 10.013500064434451 10.537684701551045 10.938395104739682 11.21799849293653 11.378205740945837 11.419993933848131 11.343566479243808 11.148356248197889 10.833074918868444 10.39580905764218 9.834160811447253 9.14542866741661 8.326821956828194 7.375702262427523 6.289846290584762 5.067728054765154 3.708821411080057 2.213922714185039 0.5854827118310614 -1.1720837687418024 -3.0521643468368413 
-2.9838577153921544 -1.0997475311479141 0.6577176879581994 2.28189964595758 3.768554482149119 5.11556215310526 6.322562545969046 7.390560937340106 8.321544610471935 9.11813026323914 9.783247256602133 10.31985635753573 10.730704189070112 11.018116115083743 11.183832254334407 11.228891957589681 11.15357156432447 10.957378997149709 10.639107066870306 10.196945387555367 9.628648537817364 8.931755468411895 8.103852032418912 7.142864799062069 6.0473700220527515 4.816897161175656 3.4522029065182287 1.9554913581308124 0.33056116433322175 -1.4171285576969426 -3.28046793385978 
-3.2331360338608808 -1.3665222049291277 0.3824620051633122 2.006389866072341 3.4994738913295733 4.857675998992728 6.0787102753128845 7.161909590386798 8.107969607034807 8.91861196813199 9.596214853153473 10.143450640610228 10.562957508054275 10.857061172520256 11.02755617579585 11.075552252827997 11.001389107229075 10.804621503312195 10.484075453652048 10.03797505568927 9.464137829400864 8.760233755213143 7.92409895460419 6.954088222397424 5.849440530262878 4.610618504569954 3.2395705093399743 1.7398616461106509 0.11663931897986721 -1.623555369497951 -3.473061696275014 
-3.444250328507376 -1.5919437845254623 0.15131162529646064 1.7771416279735144 3.2780581168100134 4.648026825069351 5.882871484528147 6.980386766980359 7.9401676486659065 8.76324539181916 9.451636173453863 10.007883166939088 10.434640682395766 10.734325010297155 10.90884294474492 10.959402065059031 10.88640379581095 10.689419195565613 10.367247227845176 9.918055180373715 9.339600248350518 8.629529309711955 7.7857495081975525 6.8068537472679 5.692570121068191 4.4441800076308 3.0648192200224336 1.5595563757978848 -0.06483357785550958 -1.8003912163089693 -3.6386385619252275 
-3.6284060961418794 -1.7875249556971162 -0.04631150404870217 1.5853471768494765 3.0975812009761294 4.481848340706573 5.731871942560243 6.843973385836373 7.816876942520591 8.65121257798311 9.348914282298265 9.912634555920274 10.345230675964581 10.649344819700222 10.827084025259445 10.879799066809223 10.807959163096372 10.61111972996552 10.287981816264596 9.836543527953587 9.254344864852664 8.538807096875441 7.687664867528886 6.699481538959822 5.574221800871831 4.313822521773523 2.922639795798011 1.4075768379278326 -0.22232569245199313 -1.9569030953976445 -3.7862367007267093 
-3.7978774896707312 -1.9656317726758759 -0.2211424100693081 1.4228387359986916 2.9525207816490315 4.355777503460907 5.623850860600574 6.751722172992893 7.737627303084764 8.582228326811382 9.287771749327039 9.857342518858815 10.29424684656691 10.601527495215725 10.781604539971092 10.836031583394682 10.76535814616152 10.569091746571377 10.245757011906093 9.793053255999766 9.208115604721105 8.4878872147688 7.629610486391053 6.631441868477745 5.493184255807133 4.217102328363495 2.8087115414283486 1.2772134781340578 -0.36492886509294925 -2.103743373608025 -3.9264878308044273 
-3.9682748421600125 -2.1414219047181717 -0.38503577714274917 1.282156979898569 2.839166474226969 4.26856550583213 5.558837572830233 6.704170104205873 7.70301248960573 8.556706213625812 9.268340548632818 9.841839664702995 10.281254633804378 10.590232027366106 10.771633246919313 10.827282478965463 10.757826151644888 10.56269289424841 10.240149859542786 9.78745834655482 9.201138432857519 8.477358303336413 7.612468808700871 6.603707504526281 5.450099065024774 4.153577758356621 2.720326338612855 1.1621797017934088 -0.5032077619120441 -2.2547428153641835 -4.073736278332335 
-4.162761182877546 -2.336398135139775 -0.5517296311882245 1.1575555519749063 2.757226189184846 4.222201397748163 5.539437721195587 6.7037221439217465 7.714883455640798 8.57583508092373 9.291168645489812 9.866119727882504 10.30580963623578 10.614701966928335 10.796228824493927 10.852551691175352 10.784431191853304 10.591189759108811 10.270761449248658 9.819833567360977 9.234094986029564 8.508615777911205 7.638392043116512 6.619099995937133 5.448119693422906 4.12592404945858 2.6580115829087774 1.0576639054405903 -0.6498861335229946 -2.4303645861002905 -4.250154356292389 
-4.424405445850238 -2.5838314354688285 -0.7373053901554243 1.0501597697306992 2.7125799916429414 4.223303161586873 5.571467180894189 6.754897169407488 7.776394323511829 8.641523749904001 9.357117039056298 9.930216329423054 10.367333118407236 10.673943572162715 10.854160756624093 10.910536688867158 10.843959673108055 10.653625778904122 10.337077072065059 9.89031302799225 9.307995343197438 8.583779822035682 7.710821682557008 6.682513229228028 5.493531651910111 4.141323342610136 2.628297662587196 0.9655132630829639 -0.8202539740739423 -2.6630565989103276 -4.4980081474682105 
-4.830313504021451 -2.9629370368963657 -0.9338082615916924 0.9756258738878264 2.7202934706003066 4.2841389220819766 5.664215573606279 6.864275444033106 7.891817934507624 8.756169385491585 9.467123555181006 10.033982966288358 10.464915471992018 10.766551062746382 10.943748967241666 10.999475909610693 10.934752065890253 10.748638633382173 10.438258121810566 9.99885539384534 9.4239247593181 8.70544595647158 7.834287743490341 6.800848827603357 5.596010985950306 4.21248986534198 2.6467432477159276 0.9019063840897287 -1.0058213871324313 -3.0313049899217397 -4.893728599157139 
-5.991469443242421 -3.384395275477665 -1.0912252121694872 0.9696662058464958 2.8053490447838256 4.422428440559012 5.830004765147457 7.040007634579115 8.066065773198607 8.922217681521438 9.62181949602313 10.176771533097185 10.597052229010481 10.89048809372802 11.062673726929251 11.116967445034724 11.054509944217486 10.87423607801201 10.572869940701839 10.144912215319456 9.582648985606136 8.876234130081885 8.01391967214585 6.982520332969483 5.768184094178039 4.357480181885716 2.738682678427573 0.902893717471642 -1.1562921224474814 -3.4457308480425004 -6.046437796031847 
-11.771860777710005 -5.604103546979979 -1.8184276441573446 1.0981658682307607 3.441275684835749 5.340515160414051 6.87634955172467 8.111114816675471 9.09688437626587 9.877136619941629 10.487065200589434 10.954015791622137 11.298309772678886 11.534293446400586 11.671372174611689 11.714843993899775 11.666428796484967 11.52444963262204 11.283655166112151 10.934693061760212 10.46327690450307 9.849150627481661 9.06503767015487 8.075819572687353 6.838110921014013 5.2999736863603015 3.3992844980170633 1.0559074063661111 -1.8592546696662748 -5.640822132637962 -11.79743738885842 
-12.877582003072387 -7.0524729567288125 -2.436414878253188 1.0767261762552638 3.801836176645651 5.91422832780201 7.539535746639005 8.778897018174153 9.71642546872126 10.420751410604973 10.94567995931288 11.331477032881214 11.60685512079434 11.791239804845846 11.896868257854342 11.930415756391989 11.8940027087346 11.78553382380652 11.598360628861327 11.320274362524774 10.931876238587297 10.404472466037426 9.697800790929119 8.758045212082322 7.5165714366572685 5.8893242259379175 3.7753716636052497 1.0495250631465143 -2.46278595805775 -7.075265086345182 -12.893558190310353 
-13.32311457973818 -7.559846896499926 -2.7751352702298857 1.0193710802710765 3.9493620223864516 6.170521709395662 7.823179648182225 9.032125771448564 9.904519223459525 10.527952772011599 10.970195970715006 11.280865208375772 11.494380340567565 11.633328253376737 11.711515365217917 11.736286663806037 11.709939205349135 11.63019373315734 11.489724125354448 11.274742425275056 10.96267334939663 10.519088855405728 9.894326965202808 9.020522107894337 7.809949906370498 6.155365020344271 3.9321018760259805 1.0003609223731489 -2.794544816273799 -7.577185348298782 -13.335360647226588 
-13.404605650720763 -7.658750594736322 -2.899908506179422 0.9284650291389002 3.8908685234260973 6.104841264363623 7.7097343011611175 8.84252403812487 9.625004278080397 10.157170167036517 10.515504189531798 10.75483430751678 10.912169401083181 11.011055014892191 11.065443122001277 11.082564404895697 11.06464582514903 11.00947780555324 10.909849362865817 10.751829636293468 10.511887631996988 10.153003252936836 9.620278828860357 8.83706220186234 7.703060321317535 6.096109195599237 3.8790649789972793 0.9130675645988611 -2.9179476019192645 -7.676468996829208 -13.417557463902561 
-12.955360650389302 -7.568547503606803 -2.9786672801744185 0.7291723753188807 3.5801963693901215 5.675799761724309 7.154102807622855 8.159140326453185 8.821305597824937 9.247173413113655 9.516755226319203 9.68580401229769 9.790641797514208 9.853471938085818 9.88692857605841 9.897336404788298 9.886605043614912 9.852845304117954 9.789758545879458 9.684744633775878 9.515636193376224 9.246127426736997 8.820415636267633 8.15829592395672 7.152749372993655 5.67257812211065 3.572747468170206 0.7150817273093635 -2.9997324504565257 -7.592467282010739 -12.974469581114299 
-12.753391761581398 -7.761969392891057 -3.432628431242586 0.04893069969496705 2.699952059649638 4.620991878428485 5.947790453487419 6.82368377596523 7.378974285660261 7.719405448474719 7.92307566356893 8.043115693271021 8.113102230855581 8.152845861038285 8.17320429218187 8.17943386916799 8.173091186632414 8.152644095234482 8.112870206011364 8.042962249549626 7.923175981233594 7.7199999391521406 7.380321537702061 6.825922964569764 5.950641927932087 4.623185762319138 2.698061527926761 0.03666176551709527 -3.459142963379536 -7.798719625717948 -12.784718870710842 
-13.30654618730626 -8.613805929296422 -4.699108317392329 -1.6026354407023151 0.741748665959366 2.4263720907426474 3.5736114145826785 4.315157152242464 4.771675835550521 5.04087029851932 5.194164764049857 5.2793338694015075 5.325882509282042 5.350730166670767 5.362857902707029 5.366483980299963 5.3628358094962705 5.3507147168393105 5.32594461967129 5.279612409721915 5.194899823195653 5.042431475639668 4.77456231005949 4.319932587269658 3.5807113701591193 2.435590572279679 0.7509762514638636 -1.6035914320063331 -4.733559124873605 -8.676204765809388 -13.371477103625393 
-14.301370492969573 -10.081119117935291 -6.877038336462082 -4.315661355983285 -2.362922389211133 -0.9613027663837723 -0.013973387672786698 0.5899939053405298 0.9542232171470777 1.1628765523301967 1.277154333077123 1.3375341104313465 1.3686039505586602 1.3841629219531022 1.3913514137332188 1.3934394327478397 1.3913646172230776 1.384220025920178 1.36878231107805 1.3379901287469893 1.278171028886928 1.1649207596433486 0.9580027224635722 0.5965077013212845 -0.003388770534384531 -0.9448990552494139 -2.3389451103199748 -4.282253604091624 -6.876874595850972 -10.242086037103038 -14.424160516655437 
-14.630030115500029 -12.310034650112451 -10.056699599284293 -8.113397781222487 -6.602684996096355 -5.5132181147224015 -4.778774289808081 -4.314116648004847 -4.037439468204402 -3.881878287960442 -3.7988977195952263 -3.7566076670452744 -3.735839925127936 -3.725990637133892 -3.7216687862658144 -3.720449968699121 -3.7216462616707595 -3.725917125501174 -3.7356427997604897 -3.75613726655624 -3.7978758564298762 -3.879827752345498 -4.033591307303371 -4.307272716878381 -4.767033779717181 -5.493339267297038 -6.5679198232645675 -8.05143043065042 -9.894039742929161 -12.30794739209154 -15.758408076462592 
-16.257952147252784 -15.719876280026952 -14.24090041476961 -12.904112314067948 -11.848919685179037 -11.085319428379163 -10.5707089379338 -10.246002310821424 -10.05358387793075 -9.94618301999048 -9.88949490759631 -9.861033439777852 -9.84733796405368 -9.841004481884998 -9.838295713895327 -9.837543614967073 -9.838276928876466 -9.84094548322317 -9.847183819287002 -9.860670151494174 -9.888708489045476 -9.944601174678041 -10.050593943929888 -10.240617589007934 -10.561291190649643 -11.068806785259051 -11.819009958033282 -12.839324620340536 -14.116591688363663 -14.583615599936333 -16.25210883529645 