Step: 1800.0
11.45979424401274 11.32134752404169 11.897407172347238 12.508317221625031 13.16294645037188 13.789382339406037 14.356721519624951 14.852061244497843 15.272383991115838 15.619837825657898 15.899110231466016 16.11582409772305 16.27549259001095 16.382805778613584 16.441134517087836 16.452190414489667 16.415807735909592 16.329827966493532 16.190076989222625 15.990431169371885 15.722973491110968 15.378245569984829 14.945608513979685 14.413741411580817 13.771347058246219 13.008226697567853 12.11725170993908 11.0971637922733 9.971011286711532 8.605179918398507 8.612125369166055 
10.83061384113719 10.391929210889543 10.906907737349492 11.63997158991474 12.381548408559715 13.078502087296581 13.703539497980453 14.246406523699909 14.705657943942601 15.08458738776342 15.388805579543975 15.624711111226476 15.798461136338291 15.915251768833134 15.97880914235243 15.991036870659041 15.95178880085318 15.85874913743365 15.707410437737392 15.491145864627056 15.201376433179327 14.827837734357875 14.358955733167097 13.782352606546256 13.0855315132821 12.256871740235258 11.287154368236038 10.17342285980283 8.915849344042849 7.67496125947841 6.7218982617159835 
7.919219083729004 8.805863764650686 9.75066872176872 10.692928103418433 11.576324943863625 12.371664802676458 13.069552384588098 13.66826705042614 14.171058978935314 14.584022897073268 14.914607303867628 15.170506625388379 15.358827092262294 15.485456759168814 15.554596928517977 15.56842755815122 15.52688871580965 15.427566678148388 15.265678229276789 15.034150432782674 14.723795465890092 14.323580784412053 13.820993992841656 13.202499709816996 12.454083726031513 11.56186654764826 10.512830354775291 9.294836321950871 7.90496984059952 6.314612869417859 4.067545462598945 
4.815974565520302 7.054889459523208 8.51732571175056 9.729926436321868 10.777826398675051 11.685634067125662 12.464565154542482 13.123872745202126 13.672884493055673 14.121352803341283 14.479087049858139 14.755399017030197 14.958544479784013 15.095232547006026 15.170228193390592 15.18605485968254 15.142796814919063 15.037998998961207 14.86666238200137 14.621333633516846 14.292287533585784 13.867797544117114 13.334482341229348 12.677700383149622 11.881931023077472 10.931010429882154 9.807834393856536 8.493094234288728 6.955546646763024 5.106799864344303 2.8663147184096576 
3.3583443773339567 5.603766569275244 7.38998736465651 8.8246681188115 10.025372269188733 11.04190495825479 11.900991059675919 12.620709968136335 13.21585185064557 13.699683875935513 14.084387040470824 14.380938942010996 14.598795319734677 14.74553078051162 14.82651376593828 14.844650196561862 14.800210850706346 14.690748699195533 14.511108722517067 14.25353085269664 13.90784406440038 13.46174390004243 12.901133957712704 12.210489184572372 11.373155215624973 10.371402737045461 9.185881889727707 7.7932866978568205 6.159966217495219 4.245799784971797 2.018110519900357 
2.348305494344865 4.583071159256472 6.463690517812641 8.034755989924955 9.351440918407757 10.459749870183511 11.390351827588102 12.165731424992641 12.804163054302029 13.321531780410137 13.73197020460928 14.04792156072745 14.279946216511497 14.436441973464552 14.523368200571596 14.544020494928084 14.498879392163522 14.38554478356123 14.198761869943702 13.930541105714463 13.570370833850141 13.105514671235895 12.52137359139679 11.801871874538765 10.929791530232079 9.886927715843086 8.65384578045876 7.209082610401018 5.529601026608886 3.594560354962819 1.3943580346871371 
1.6171889601213707 3.8235845795661785 5.73927383236489 7.379535538337603 8.773293920073549 9.95127350770036 10.940562439448797 11.763843590856705 12.440675123128008 12.988380680204616 13.42240446011908 13.756301978098591 14.001541142123624 14.167234226055706 14.259875764024175 14.28312995101866 14.237691697464971 14.121234495863954 13.928452456556151 13.6512003974786 13.278732235070917 12.798032026577092 12.194222323134694 11.451020465786984 10.551197434889033 9.476985583460571 8.210433700006542 6.7340279239026986 5.032230696198245 3.094673987590219 0.9205391749828048 
1.0702838708064881 3.2490887406138254 5.174794031043115 6.851086525576072 8.292820995605716 9.520253944722487 10.554816773631584 11.417132586309549 12.126426162714617 12.700427360099365 13.155253090894407 13.505180339106095 13.762346830422663 13.936436710380303 14.034397906179809 14.060222507202049 14.014809259169885 13.895919537506304 13.698233975609245 13.413514475263204 13.030873704672684 12.537149863863538 11.91737788683016 11.155340705307765 10.234180990660791 9.137069746795184 7.847996484652259 6.352853352276685 4.641052039209213 2.7077237750433225 0.5561088965441239 
0.6555093779079503 2.810368824414898 4.73610730254992 6.430982338778796 7.902404236164447 9.163839765729133 10.232005233491055 11.1248946962327 11.860595827347105 12.456567300982892 12.929106313223988 13.292874655321048 13.560457257078314 13.741966917333071 13.844716607503987 13.872976806409225 13.827829591797734 13.707127190494468 13.505560778299694 13.2148444921577 12.82401840154658 12.319871404702441 11.687480488576622 10.910858192875997 9.97370009524841 8.860236681976028 7.556221247726715 6.050110641074033 4.334469032602628 2.407505443675923 0.2744607201252971 
0.3390299288192486 2.474199903248013 4.396209844940541 6.100594848379102 7.5905723980306306 8.87529595191145 9.967975827522517 10.884236555103804 11.640822974530838 12.254600158617182 12.741747429251985 13.117077234321938 13.393451458769677 13.581293570461765 13.688203494561481 13.718682062186602 13.673969744168904 13.552003189422805 13.347493385607839 13.052130200102514 12.654918269454098 12.142647497335696 11.50049742902785 10.71276951409316 9.763737295237528 8.63860427527409 7.324560969941997 5.81192602875154 4.095325573485195 2.174802737101446 0.05667717151598776 
0.09705726018180043 2.216519946894915 4.133919079029805 5.843287373710176 7.3453105199441415 8.646305393112312 9.756939937270857 10.690913989639705 11.463727656076053 12.091582223527634 12.590416548643404 12.975072621537915 13.258588509382664 13.45162107773956 13.562001050848455 13.59442096025851 13.550255083420653 13.427510923303672 13.22091394560416 12.92212997712172 12.520131249755263 12.001711026592625 11.352147140352558 10.556006662036843 9.598073371909598 8.464368193086003 7.143220775818172 5.626336658804738 3.9097869100340823 1.994827387583761 -0.11155870919677875 
-0.08823668196190473 2.018997095338487 3.932325244332775 5.6448131996839725 7.155421775803378 8.468441424822476 9.592629138040849 10.540159216881095 11.325491547937427 11.964242503769281 12.472122595299897 12.863985631740274 13.153017390820002 13.350077853325386 13.463200415755754 13.497244855210402 13.453698452821154 13.330621079750248 13.122733932398654 12.821656141565489 12.416296588013115 11.893407892980042 11.238304028696984 10.435731319300526 9.470864941822184 8.330381316462422 7.003535284999485 5.483156120460853 3.7664748028696753 1.8557096611501134 -0.24163519786762103 
-0.23098476706735918 1.866978965059368 3.777603401565856 5.493128935861621 7.0110641761592145 8.334006516310769 9.469133448125312 10.427382727879952 11.222403366373694 11.869395669324515 12.383957512835764 12.781027211278671 13.073978205606274 13.2738902051774 13.389000410928642 13.424327246194142 13.381455833764491 13.258477015465738 13.050077618166261 12.747786464571904 12.34038578995146 11.814498706560483 11.155357642182816 10.347744007867625 9.377064375410216 8.230494663927383 6.898088591190173 5.373725448148943 3.6557838778763667 1.7474820210781417 -0.3430962308308255 
-0.3431480674569118 1.7480675916502781 3.6580649060418624 5.3780691010087125 6.9039535774942635 8.236545042161195 9.381510751122443 10.348742956920137 11.151331218617953 11.804310585524846 12.32337732633943 12.723710334889205 13.018973438186773 13.220525264976557 13.33683432017353 13.373083600325021 13.330946851325841 13.208523429125371 13.00042741802985 12.69803638358397 12.289913226519937 11.762418252311535 11.10052456354252 10.28883443622404 9.31276333110192 8.159808669562052 6.820758885632365 5.290649247916827 3.5692823191261946 1.6612373579813076 -0.4245244948021742 
-0.4358446502113182 1.6508694951159366 3.563307989773348 5.2910278066167065 6.827504468679514 8.171261049824523 9.326297407752007 10.301626824766847 11.110118129319014 11.767012519199463 12.28842503990708 12.690013978879557 12.985891921608486 13.187789736498958 13.304454085530358 13.341248685989068 13.299931473598953 13.178588757997527 12.971719872133882 12.670479130602338 12.263093884722412 11.735485564265169 11.072121385967698 10.257112830150726 9.275545429645296 8.114961918962678 6.766812705164899 5.227564098278766 3.4991000370375698 1.5882289401454495 -0.49449867056928926 
-0.5209393000761443 1.5635434747416896 3.483341430359738 5.224761970644655 6.777135901254009 8.135544717240494 9.302042484284026 10.285088112151879 11.097903466699721 11.756503069362573 12.2778754137712 12.67847769790817 12.973072361812186 13.173875282764493 13.289965510803471 13.326906363239747 13.286537796118273 13.166914802890087 12.962383277889854 12.663801839426984 12.258934503471005 11.733053395320564 11.069800111050068 10.25235364521854 9.264932508062381 8.094600407670985 6.73321262403827 5.1790240827126715 3.4372171138662653 1.5186397523009174 -0.5629536387993631 
-0.6136024290305894 1.4716449986944653 3.407592003085804 5.173603576787081 6.751075813144035 8.129833247907094 9.309949460515393 10.300256141358362 11.115353462298174 11.772874063169674 12.291280740717704 12.688211886486673 12.979297308671837 13.177345859300797 13.291812545021761 13.328471084458029 13.289239813319302 13.1721305080193 12.971310118276026 12.67728517852865 12.277238907711597 11.755572357314653 11.094722531811067 10.276348389032679 9.282981816755921 8.100219791368582 6.7194433282361565 5.1407840625331875 3.374588978111644 1.4395746210852285 -0.643589322556214 
-0.7372236694646841 1.3540318001079485 3.3241696359377046 5.1348257076223724 6.752374394101365 8.158947964316555 9.354603221977742 10.350653363776217 11.16474479244443 11.817275196942814 12.32889292079666 12.718811054506919 13.003713067787999 13.197067448526273 13.30871372987982 13.344625130806133 13.30678866355096 13.193171058290353 12.997760549268916 12.710694185842245 12.318501922567043 11.80452606382062 11.149610078879201 10.333193526369737 9.33499477351681 8.13750410312819 6.729553680471705 5.1112249522916064 3.300498117640184 1.3310692283491374 -0.7586808915661379 
-0.938100097690315 1.1765044602629615 3.2195800733360618 5.115070858335827 6.792341815404317 8.233719734447371 9.444555303007244 10.442259699376457 11.24980071281782 11.891680231219267 12.391436443286393 12.770162597789795 13.045677685855628 13.23208693684222 13.339559439225605 13.374220732281627 13.338106058601912 13.229149094513394 13.04119887762616 12.764071923228121 12.383664368516564 11.8821780263827 11.23856200301601 10.429342051616226 9.430099323360974 8.21796286558158 6.775624001519433 5.097829473174972 3.202331861520626 1.1598055871889588 -0.9536905612811121 
-1.3026676156103367 0.8511419360371252 3.11063889609758 5.1400956541887615 6.894365466814183 8.372087090467089 9.592316602416451 10.583077595244985 11.375154035979538 11.998396562269368 12.479716676202008 12.842155256104716 13.104549267898404 13.28147455251594 13.383284314641726 13.416161243794718 13.38215418690812 13.279192144276964 13.101074574910225 12.837438756135214 12.473711126040925 11.991071357632178 11.3665109099137 10.573166180498644 9.581248243624586 8.360045231154059 6.881610897737544 5.126964989460211 3.097534617171534 0.8385143846128378 -1.3144446976702315 
-2.5543352876540615 0.4909277642968457 3.068087524578026 5.262393781702206 7.095003681379564 8.598507960886444 9.81322481279753 10.781947146226035 11.54533058498248 12.139290548466963 12.59407452391459 12.934312378887832 13.179440972121354 13.344152777583064 13.438734362604434 13.469279448834651 13.437801350104191 13.342268704294664 13.176573295181223 12.930420919059737 12.589121096325123 12.13325052578273 11.538205306338229 10.77377604535958 9.804096373447734 8.588568909877695 7.084465778250894 5.251537040438901 3.057259328448382 0.4805408207508189 -2.5637228988056804 
-8.82063130662885 -1.3568581360544578 3.0353393500796546 6.148168871342846 8.386553550010415 9.984233038490114 11.116002454416124 11.91739354595558 12.488421075021511 12.898643309457206 13.194427121723828 13.406182760852522 13.553959083240944 13.65104934445214 13.70601296447932 13.723689667992073 13.705647966108685 13.650310602908139 13.552830667217913 13.404644484490232 13.19245829915391 12.896226152351954 12.485542058966209 11.914041975663075 11.112169077795915 9.979916862891724 8.381786463539642 6.14305965224724 3.030125951065855 -1.3617436381735253 -8.82405181544527 
-9.706206777785445 -2.47601977628255 2.9427840539435466 6.686773367462741 9.222506033656021 10.88803185017762 11.954647681885987 12.629915965410792 13.06000101931937 13.339439723521613 13.525306864889195 13.650680830967593 13.73460074354245 13.788207899167464 13.818033001236035 13.827563209964927 13.81790055615521 13.787939277881447 13.734189181988915 13.65011779860459 13.524583212565124 13.33854455885876 13.05891403630295 12.628589283910523 11.95298237583704 10.885873237934504 9.219695887538041 6.6832762593765995 2.9388461898859473 -2.479760922072767 -9.708925069167295 
-9.851083587486855 -2.5427274344786186 3.115689410726716 7.132860162097675 9.792470027346546 11.454902315240185 12.444319720968231 13.014083671861528 13.339124469814626 13.527751537695965 13.641221730782581 13.712022872179695 13.75690291620477 13.784572887553683 13.799644876181103 13.804419291846035 13.799600385577378 13.784482544022142 13.756764466962977 13.711834219343965 13.640982081130689 13.52745948671499 13.338763541457006 13.013579213889088 12.443462046682633 11.453285151279674 9.789559839250561 7.128302369545138 3.1097622845236423 -2.5488421260096312 -9.85564256327794 
-9.51528613902744 -2.05572383236855 3.6081304667096457 7.613143161669447 10.215968871419093 11.77769813879857 12.651334696149746 13.114001232800101 13.351736535201978 13.474350264656863 13.540069893361604 13.577337682239124 13.599407889660228 13.612437342183236 13.619358835916778 13.621528136897048 13.619345212759503 13.612409724570034 13.599366076299692 13.577283407562724 13.540010700526798 13.474303329836152 13.351717792750724 13.113959758048427 12.650974826900121 11.776216973848223 10.212016267014665 7.605413519292634 3.596654340560659 -2.0685781584781684 -9.52510238070663 
-8.340295202438417 -1.1652523963501558 4.3311177680786175 8.133851497022798 10.511340552474284 11.859755405651438 12.558574258973472 12.893757760541948 13.046023256168676 13.114080278444707 13.145561163347248 13.16128190802861 13.169782346445079 13.174524789541668 13.176965236517624 13.177719654021962 13.176962165061925 13.174518611287354 13.169773585296687 13.161274393204193 13.145570909446628 13.114154812334654 13.046260906950438 12.894262646003137 12.559187933342987 11.859355393029745 10.507014358023108 8.121710145485444 4.3093636029594675 -1.1922250931321838 -8.362541068869383 
-7.519361782196754 -0.6985155999570046 4.536720091370126 8.059788218726938 10.175124946968227 11.313765678064048 11.8642455722626 12.104899047203826 12.201643306104732 12.238675845008103 12.253016594644215 12.259065621210755 12.261949819284801 12.263440058450385 12.264175545854696 12.26439881292309 12.264175021897033 12.263439024411 12.261948920300444 12.259069852044224 12.253050217656595 12.238824350599732 12.202131091619759 12.106143933242913 11.866645352060113 11.316720608809517 10.174486205791615 8.045668557572276 4.501535774748251 -0.7503502867494738 -7.564300382366799 
-7.753479933764411 -1.1447759019645627 3.672204729999475 6.793687715300018 8.616109766481367 9.563306064342502 9.999387061137693 10.177202942441966 10.241852733130832 10.263268316080788 10.27008132385326 10.272376330085347 10.273281881631842 10.273699102134314 10.273893602645693 10.27395127654979 10.273893517334319 10.273698933386541 10.273282336679006 10.272383818381591 10.270130547568918 10.26349466879068 10.242659000565759 10.179509979435746 10.004741481400165 9.573119212126986 8.628807070228254 6.793225503921452 3.6192797142378272 -1.2438352152167609 -7.857224011945123 
-8.706196523388845 -2.5773597834369233 1.3936540655262732 3.9589516879496047 5.449126866271532 6.211401294053587 6.552674561206582 6.685817069561815 6.730988686175551 6.7443813494997835 6.7479442647629915 6.748867772144342 6.749142277189119 6.749247026296507 6.749291910000309 6.749304813904234 6.749291884775176 6.749246958856913 6.7491428825285125 6.748876389969953 6.7480034570903005 6.744667735004685 6.732066996951312 6.689123059153662 6.561134388179128 6.2297840250244425 5.482641656849909 4.01118774296125 1.3936073945789664 -2.836976938404126 -8.908511972828606 
-8.784069413263156 -5.437373341926843 -2.696037455191499 -0.7779197175393081 0.356140842867818 0.9361468947555567 1.1928178439999306 1.2906942849853513 1.3226314195470559 1.331482043519619 1.3335623222980937 1.3339899466817076 1.334078386114268 1.3341027279909274 1.3341117952777215 1.3341142994350175 1.3341117774680282 1.334102665277339 1.3340789181916404 1.3339981872680502 1.3336212353860593 1.3317764131053296 1.3237769334575489 1.2943467439616922 1.2026904439237074 0.9594009174183128 0.40629715179609494 -0.6794195567146992 -2.4359331364703753 -5.436551823902254 -10.568588931572751 
-11.193970338171148 -10.541042064832324 -8.770383581435727 -7.465885413217641 -6.680362644611102 -6.277449192213415 -6.099607308062052 -6.032287462559072 -6.010616214125947 -6.004756093168429 -6.0034435447430035 -6.003200876265647 -6.003161171399565 -6.003153354012826 -6.003150911411666 -6.00315026252299 -6.003150924631351 -6.003153404053636 -6.003160783431516 -6.003194604732027 -6.0033980039465895 -6.0045257924347935 -6.009709278285546 -6.0293535783399514 -6.091532524972698 -6.25779463757098 -6.636758170414819 -7.362528707409612 -8.567679504916587 -8.752374146027384 -11.190694959551735 