Step: 1575.0
11.754610272488078 11.624687735043741 12.194762781826002 12.798379555323395 13.43823488659412 14.04299795426392 14.583106287182595 15.047459215884375 15.435020555887885 15.749921866484385 15.998706198131826 16.188635263808777 16.326591359172017 16.41833948727689 16.468025505153875 16.477838804967124 16.447796356403206 16.37562293616574 16.256715889819528 16.08419384193584 15.849037912462979 15.540341713503539 15.14569471902529 14.65173847379863 14.044973320210472 13.312983282004543 12.446613595676293 11.443100956908818 10.324859559702997 8.965627042398543 8.962291176602072 
11.131864664715739 10.71119868846477 11.22963515219038 11.95554832524282 12.681558952559735 13.35521682980337 13.950836754139521 14.460160180230808 14.88391142531496 15.227546520480916 15.498695567659743 15.705539037476983 15.855721869419243 15.955607727401937 16.009764116438262 16.02061298604153 15.988205972021897 15.910099950483144 15.78132165673444 15.594421126201334 15.339622703966741 15.005089381691846 14.577322535396565 14.041729316705204 13.383414599505711 12.588332537311937 11.645022075100355 10.548715737776371 9.298834021498365 8.053319208116546 7.078526625711455 
8.23858760740788 9.146165912647396 10.098198142812533 11.035315726104907 11.90301059716123 12.673884282822103 13.340485263040655 13.903341164475936 14.368083922638682 14.743161146610559 15.038209743738713 15.262850982258549 15.425797595711536 15.5341968284089 15.593156216846626 15.605412952117439 15.57111848764048 15.487720115107878 15.349931162944507 15.149790668965515 14.876820644595128 14.518293167451057 14.059619774083 13.484871878865057 12.777434370119177 11.920774096342404 10.899353081091048 9.698841840876419 8.314270638908486 6.714899377764646 4.4428342424737775 
5.158023403752772 7.420256298833339 8.892092479645534 10.100894091004774 11.133252881714656 12.01571097112256 12.761743918953837 13.383096752104452 13.89169471985724 14.299836050327185 14.619688379578514 14.862634767896232 15.03865478856624 15.15580645801844 15.219823755192714 15.233824283909778 15.198115735365286 15.110091527717762 14.964211591536383 14.752070843945008 14.46256277911684 14.082146184871357 13.595216434717333 12.984564980425091 12.231871543908438 11.3180936361804 10.223347917938888 8.925787606477018 7.391976544549422 5.531850039310828 3.2641030018346853 
3.7261317207607703 5.9969968071655355 7.794328257408678 9.226197967961525 10.41147125377921 11.401915141501672 12.226675578338838 12.906529387426673 13.459064684858996 13.900280422457046 14.244881210370714 14.506056607310963 14.69509996480993 14.821021259961922 14.89021780149454 14.906224234814673 14.86954519613858 14.777569012414482 14.62456272036921 14.401752946372833 14.097500109288777 13.697571446279701 13.185507665844654 12.543053050000546 11.750569306218061 10.787248920258362 9.630756754041395 8.25509245782794 6.624409994340692 4.697132610606344 2.440127334231531 
2.743635634808639 5.006005518127936 6.899288536042112 8.468383207111273 9.76970365749731 10.851250343824697 11.746230161895207 12.479989750329684 13.073780564859105 13.546392628891928 13.914638759618805 14.193308044059194 14.394906636177286 14.529349432879973 14.603680698696781 14.621856504769319 14.5846000704 14.489333328701235 14.330188089128162 14.0981032834409 13.781016872439617 13.364158343704306 12.8304367768952 12.160896391570697 11.335171159274315 10.331809436408832 9.128239514547865 7.700204993254738 6.022465578134683 4.072809538562037 1.8413003613348093 
2.0409438941439513 4.277131672741755 6.2069907768102635 7.846063447693282 9.224510462535987 10.375103999969117 11.327576702770575 12.107617558463355 12.73792217635547 13.238878091664795 13.628755148431658 13.923579500691785 14.136865460164955 14.279317945325117 14.358567636127054 14.378967683267195 14.34146290984165 14.243535792155944 14.079233899311136 13.839286832352471 13.51132322587509 13.080196717358115 12.5284214104502 11.836701140209897 10.984515195106324 9.950706803980113 8.714064138341056 7.254196166434328 5.553333092478578 3.599758759435396 1.3923720320404265 
1.5225054032118825 3.733277731094394 5.674623823261804 7.350477936879507 8.77695375291571 9.976421112701372 10.973061343347812 11.79063731627214 12.45165798473477 12.97706259479907 13.385927024734537 13.695113045253 13.918896288828014 14.068621610445847 14.152418639133446 14.1749931777218 14.13749953563932 14.037495737415705 13.868985873681035 13.622558591193293 13.285634578224327 12.842836071664847 12.276486276682453 11.567236913569303 10.694813219982507 9.638873270269412 8.380037056702607 6.901238797952406 5.189614101062179 3.238939164645009 1.0521933489069437 
1.135480097038366 3.3244194013078707 5.2672127627873735 6.962361766060346 8.418571414969765 9.651495595199625 10.680706254813218 11.527464476282722 12.21327840669826 12.758949499285924 13.183854938704854 13.505343825337734 13.7382201144456 13.894316693510945 13.98216719120566 14.006776354126744 13.969485897163405 13.867933548200895 13.696107931299661 13.44450862540024 13.1004263236497 12.648359991539435 12.070585024550454 11.34787968291504 10.460411170420247 9.388786316090295 8.115288394406196 6.62533605921633 4.909164806528358 2.963606650388954 0.7936486307186127 
0.8453835461577511 3.0166340986563074 4.957022551944825 6.662331722866076 8.137117106569432 9.392797884278501 10.44554598629658 11.314375681610574 12.019580157185677 12.581489682623369 13.019472366150556 13.351118129914319 13.591577473567561 13.753043449950464 13.844368028369836 13.870802106178273 13.833848239721394 13.731219071376499 13.556901882516108 13.301338504227791 12.951737153749342 12.49253607615606 11.906036667765498 11.173216369843402 10.274721519788983 9.192030591671553 7.908768582013781 6.412135219993723 4.694369692707504 2.7541074546755095 0.5974133925570827 
0.6279226946787055 2.785313677802961 4.722289029259287 6.433137921856319 7.919932798014198 9.191338834635003 10.26109254916052 11.146403435658435 11.866441208102001 12.440984927030032 12.889258970163501 13.228959916166243 13.475471291838312 13.641257813249881 13.735424924679148 13.763425568973279 13.726896805047005 13.62361471650283 13.447565700169879 13.189143107629965 12.83548724559087 12.370991000835643 11.77799073862965 11.037651917718582 10.131041988190212 9.040361677109061 7.7502816769097915 6.249305854945199 4.531054923137646 2.595339871175403 0.44888242645882875 
0.46493417943554877 2.611760548607821 4.545704355469614 6.260100772379378 7.755351567822761 9.038183187632685 10.120531412784256 11.018200121029267 11.749435938938626 12.33353724623812 12.789585001162141 13.135350832245225 13.38640857032507 13.555451384786537 13.651799894448125 13.68107824889108 13.64503521456356 13.541494403068787 13.364429468528343 13.104173159072202 12.747779996410873 12.279567634392208 11.681858705799561 10.935931352489755 10.023162526241107 8.926315994741927 7.630892564478816 6.126432126226984 4.407645217797675 2.4752615141482965 0.3365119127402909 
0.3421320983764887 2.481151563730207 4.413246258303543 6.130943992322836 7.633255084537436 8.92530855430918 10.017578411709982 10.924756582571085 11.664395687922678 12.255476135708461 12.717039690037744 13.066990621491033 13.32111667144553 13.492340849988345 13.590187952319866 13.620437092399749 13.584931208404083 13.48152314751618 13.30415196667117 13.043058682305091 12.68516396281052 12.214637275701497 11.613684021504532 10.863560956218274 9.94579885389352 8.843566653325166 7.543062009378054 6.034777418636269 4.314491222897183 2.3838813581065508 0.25074200498242266 
0.24758413967124762 2.381113283739072 4.313231783745872 6.035473204224327 7.545280926257065 8.846121090763495 9.947089666443675 10.861969979734054 11.60787788908315 12.20372368101912 12.668709645053475 13.021011644192583 13.2767145819352 13.449012047078378 13.547645738490848 13.578546343342124 13.543638834686377 13.440786561200913 13.263865568230278 13.002979288605884 12.644840182493676 12.173355050648865 11.570450172527194 10.817156211332868 9.894935949919693 8.787177098689856 7.480695016277366 5.967023812524233 4.243271709858448 2.3124174518770855 0.18311243878434313 
0.1703693784280676 2.3004594133710294 4.235458649191505 5.9652513691276035 7.484957183873145 8.795864060546457 9.905558604784693 10.82710712700024 11.577542789647026 12.176078430354718 12.64238530642876 12.995128870472744 13.250825260408565 13.42300895843456 13.521667151292567 13.552886795534064 13.518666841626196 13.416864017252596 13.241261430283311 12.981771486462437 12.624805020487733 12.153853604077524 11.550337233556828 10.79475874619219 9.868170344248654 8.75388416328269 7.439232607797248 5.91703800811893 4.186376217795015 2.2523877667711347 0.125295147698669 
0.09896032965061138 2.2277130447393834 4.170312992800607 5.913393905130617 7.448000641596034 8.77212981201535 9.891626962798517 10.819213383212734 11.572443439618574 12.171405530015171 12.63667951795061 12.987712271757466 13.241620473024932 13.412362983478845 13.510204038971766 13.541391777839683 13.507992515704531 13.40784330955234 13.234610199709623 12.97796502091117 12.62391821203786 12.155366612548347 11.552930401166167 10.796155846698287 9.865139072196365 8.742559300412045 7.415958584292061 5.879755733899258 4.1361844803368175 2.1943606028576834 0.06771199051297445 
0.01860917137843138 2.148907436748132 4.10776079830409 5.874786571432139 7.43312537743512 8.77570851424831 9.906696001427093 10.83948060710936 11.593213991477835 12.1897126155021 12.651041711897763 12.997771638196893 13.247794058559172 13.41556271266791 13.511634747097498 13.542413733222354 13.510024471594088 13.412278399993555 13.242716065989866 12.990740235431701 12.641880657571827 12.178259874567907 11.579358013883486 10.823199277157782 9.888093896146056 8.755046856721856 7.410838525137196 5.8514794993038235 4.0841843175613555 2.125911463857242 -0.0029212040928389494 
-0.09368223805579082 2.0434018071359734 4.0366193852975325 5.847502633615713 7.444097282619843 8.811917829289833 9.95561163752885 10.891509314600587 11.642100040437978 12.23207405700006 12.685647666798822 13.02484643870522 13.26846426763144 13.431469387625453 13.524687955728666 13.554649587780998 13.523522115476698 13.429095914994521 13.264805223262501 13.01979894619028 12.679100412276924 12.223928402729053 11.63229444584319 10.88004494893224 9.942576225759861 8.797504122568782 7.428612341740537 5.831364564268833 4.020339081686673 2.027551035738225 -0.10851312759997656 
-0.28425279466860437 1.877382492143279 3.944323972277039 5.8394614377599146 7.493257661724596 8.892210380243226 10.047179550176093 10.981293006991523 11.722728419389902 12.300351657574243 12.741145092267182 13.06879904520675 13.303012348693494 13.459188884621039 13.548333861071594 13.577037221981255 13.547483821472802 13.45746109076223 13.300355415791874 13.065145888055353 12.736424513459076 12.29450294822803 11.71571795230809 10.973131319869069 10.03793695508515 8.882028811455658 7.482356409946653 5.82813465832507 3.9329283435324403 1.8663095038972457 -0.2946043580377899 
-0.6405284115828616 1.5620472686991456 3.8499522835399684 5.878566195125163 7.605425471790142 9.035192239843568 10.194024849743872 11.116662885427312 11.839489593905675 12.396663103649054 12.818247686458903 13.129522393001062 13.350874360379605 13.49791762725662 13.58165909619662 13.608638872615284 13.581020026198155 13.49662010350874 13.348882610389834 13.126790119715505 12.81472650723768 12.392313038797726 11.83429080517758 11.110627599521916 10.18720819942287 9.027700639474768 7.597421120292264 5.870266456890789 3.8416229131567583 1.5539903041491037 -0.6480531281340691 
-1.90620252691727 1.2160220440420602 3.829058665664345 6.020712415263021 7.8189292151118766 9.265799616423225 10.411211312018903 11.305926532017263 11.996433258285688 12.522585376382898 12.917201826950363 13.206595310914773 13.411316312654998 13.546786515142692 13.623744884794665 13.64852925244149 13.623230479141668 13.545742293852582 13.409713872245128 13.204397970513888 12.914371369778596 12.51909033139081 11.992258017710853 11.301080476336905 10.405737165043268 9.25978039742333 7.812493159298968 6.014035010716854 3.8223615261439834 1.2095707776768474 -1.9120455393035187 
-8.24982724240896 -0.5485352741104453 3.921433266697499 7.013227846742265 9.16755041560094 10.651995311560162 11.667160512463731 12.363366292240181 12.846079415747399 13.184819579375521 13.423873364754414 13.591493824409728 13.706161104377673 13.78018465927368 13.821547422302169 13.834784070199191 13.821367416571759 13.779818210839709 13.705596274866325 13.590714981370521 13.42286361362508 13.183563164662262 12.844562970628845 12.361578135027251 11.665089380599136 10.649633655225001 9.164908903218404 7.01036282001014 3.9184794734823405 -0.5513267914164498 -8.251779305531397 
-9.0999929237972 -1.6199407764375438 3.8949502809542174 7.600066300980933 10.014285802265714 11.527438243027266 12.448386344924451 13.003383986519662 13.342288239906724 13.55545277677952 13.693756746508573 13.785073151328787 13.844963364069272 13.882506970410452 13.903089823397234 13.909622836303644 13.903031907979 13.882388752909998 13.844780430695902 13.784819763675381 13.693426615677632 13.555038702565696 13.341777583981125 13.002746174925832 12.447554278372353 11.52629993400182 10.012716026782874 7.598015015055133 3.8925597345317664 -1.622258161135469 -9.101689122723851 
-9.20846634727525 -1.6375942162462869 4.111417764483966 8.069033229786795 10.578924906574002 12.065059236111301 12.895766263884983 13.343509127031256 13.583655457773025 13.716317641752484 13.793433646061207 13.840409455682439 13.869589650378094 13.887242858346397 13.896709950890783 13.899685168792574 13.896692847389536 13.887207871127675 13.869535410851142 13.840334520198772 13.793337322303408 13.716199592057874 13.583507550191047 13.343285149937152 12.895319145050234 12.064079165864557 10.576974924662455 8.065786306888006 4.107035962974659 -1.6422080391675895 -9.211932815771288 
-8.818399538705302 -1.080073493528599 4.661535006105134 8.582215810128595 11.011546954610019 12.383436738893284 13.097424367253625 13.446440791676089 13.611911916172263 13.691520291564315 13.732142764178677 13.754504038702922 13.76748292512148 13.775009677198405 13.778946578337798 13.780169901855704 13.778942000160228 13.775000300723853 13.76746847417694 13.754484929776423 13.732122424723647 13.691509111898423 13.611924352480166 13.446452511056773 13.097226068370421 12.382381145576147 11.008458196242277 8.57586622186225 4.651824802323451 -1.0911396841889545 -8.826895772379412 
-7.52128130713057 -0.06422670723577727 5.4909711650878394 9.177271297909144 11.355167087384824 12.504802216434275 13.05136810469603 13.289069269133382 13.386515650325874 13.426170654945157 13.443310924852858 13.451568562852914 13.455956679761295 13.458370118600401 13.45959455023043 13.459969724914455 13.459593668626077 13.458368303483322 13.455953936681738 13.4515658846872 13.443314830391325 13.42620718114255 13.386653895786896 13.289410182715477 13.051843214387254 12.504510398857464 11.351454250994657 9.166351146984825 5.470846498227143 -0.089561258395521 -7.54230792501929 
-6.5770896265590055 0.5336945690754595 5.820925358136471 9.212347622422898 11.119172149684779 12.062916552832972 12.474676407336252 12.634279096989982 12.69044347333484 12.70928874540298 12.715871308366863 12.718508416132124 12.719748323256967 12.720383535601224 12.720693012960067 12.72078604643791 12.720692898426895 12.720383281758759 12.71974792177269 12.718508887048065 12.71588162510751 12.70935384440399 12.690716361070752 12.635116764057614 12.476542049150241 12.065505816200739 11.11867737968963 9.198740220775159 5.7860608428861005 0.4815294562406643 -6.6224845310375064 
-6.719264765692312 0.20793553117787825 5.087045861692051 8.085260800542613 9.714500562211871 10.486781542208764 10.803843141811873 10.916349325765067 10.951083278485587 10.960692187467279 10.96328060554595 10.964073169587321 10.964382611744137 10.964526449862824 10.964593058523228 10.96461261542594 10.96459304764708 10.964526399134723 10.964382452025298 10.964073964670918 10.963294571206134 10.960789751832632 10.951539231811028 10.917939990441614 10.808137269816136 10.495610095656128 9.726978318504354 8.084927254424377 5.0315826508541655 0.10327182569526622 -6.829307830417957 
-7.614461458328114 -1.1473369738851198 2.880307581757654 5.3396694170754815 6.665630475869807 7.281799652867628 7.526231380973909 7.608265352333154 7.631375897341434 7.636843245411795 7.6379714546124875 7.638209192279119 7.638277467822338 7.638305126213388 7.638317165539621 7.638320594366048 7.638317165988026 7.638305093243825 7.638277279245349 7.638209877600899 7.637987508937823 7.636966032476515 7.6319918887399 7.610586173831589 7.533163242787473 7.298717187388003 6.699091017648389 5.394627676363995 2.8802734055220056 -1.4268295396487753 -7.832985261977371 
-7.59382085820495 -4.0685275528943485 -1.3025660999232245 0.5289620248031277 1.5339449887163301 2.000532874379162 2.183089714026142 2.2426727793117753 2.25862583726854 2.2620495107899963 2.2626250265056926 2.262703917733291 2.262716963888076 2.262721311798469 2.2627231236048466 2.2627236193262092 2.26272312521675 2.2627212821773486 2.262716761264934 2.2627044229420634 2.262640550405853 2.2621752607386383 2.2592841257576715 2.2452641906966386 2.191286575997375 2.022210751250388 1.5846428026652728 0.6331823950583408 -1.022739788054849 -4.0679537156114005 -9.513772573478663 
-10.146254841599559 -9.490244964843914 -7.71164234146986 -6.470179088301058 -5.775571790401723 -5.452086332347255 -5.325881806921168 -5.28504611182613 -5.274299645537093 -5.272073576468422 -5.271729804481066 -5.271693207135689 -5.271690089116374 -5.271689277955369 -5.271688913943745 -5.271688818336443 -5.271688912553214 -5.2716893002368455 -5.271690250019733 -5.271692866933092 -5.271717941029383 -5.271975345809247 -5.27377740748722 -5.282956230518083 -5.3191474685866575 -5.433667669469603 -5.731361937837218 -6.360454668773859 -7.492883382724198 -7.567070553008126 -10.14366866541104 