Step: 2295.0
10.906001904005702 10.749863352900999 11.332156009618053 11.948617018303255 12.620259072010636 13.274808044925978 13.879680742768286 14.419432258676542 14.888078470901936 15.284643144584727 15.610744400383583 15.869161393191325 16.062922779378752 16.194693369038202 16.26634929265743 16.278686192294526 16.231231459563553 16.122144594698398 15.948196162327804 15.704819046398606 15.386227889640345 14.985605717502256 14.495363825377739 13.907498122912289 13.214107692038905 12.408232020805391 11.485521101526906 10.446534598657683 9.314654584058069 7.94214608197764 7.9697788843164865 
10.265436040005333 9.791145410239537 10.294216054008347 11.031907376225742 11.791094099732257 12.518148391359743 13.183669159480148 13.774570886747389 14.28615493000843 14.71830793077227 15.07330076403196 15.354440860457633 15.565186204055491 15.70853343599117 15.786585793078611 15.800252583499455 15.7490546468896 15.631021477768776 15.442671087569671 15.179066205574436 14.833941900980376 14.399901812377104 13.868685334245821 13.231521224050747 12.479613694771722 11.604891714182662 10.60123205254601 9.467978067046833 8.20577895773997 6.979250068982255 6.067988222158937 
7.322070205561879 8.167665927194843 9.093212329575158 10.035759833508937 10.936206042385553 11.76284172692296 12.503608174854394 13.153555149867527 13.712350008732175 14.182378611802138 14.567471636408737 14.871983223033547 15.10010692815648 15.255359466251763 15.340193561069809 15.355718454117518 15.30151593526488 15.175544317871513 14.974124549648282 14.692002805949699 14.322483208685059 13.857623358591004 13.288484821086161 12.605431204553053 11.798469298887051 10.857622406811124 9.773403960609361 8.536597022556695 7.1470932143677395 5.579468433228874 3.380252776619638 
4.179559925580113 6.373088417691863 7.8120092179785585 9.021896336815523 10.085800397794259 11.025619874440029 11.84938881814973 12.562750626116536 13.171115508184199 13.680222236690128 14.095984504782017 14.424127056929507 14.669783057879485 14.8371222815833 14.929038896117303 14.946911671549527 14.890442336920561 14.757573856729882 14.544487383516488 14.245673648525562 13.854071040508 13.361257991483782 12.757680314511155 12.03288176864737 11.175678958387083 10.174162295215403 9.015165311496 7.682871203937354 6.149039296776754 4.327614473493149 2.13913428211456 
2.677950312643293 4.874221297078942 6.633616661386433 8.063321544029257 9.27914738699541 10.328198510301235 11.23379008861243 12.010083155838608 12.667645029954977 13.215437999268167 13.661478501416301 14.012917849580898 14.275886011527827 14.455256213327168 14.554408627787286 14.575033718602304 14.516996652286062 14.378273328320637 14.154961390091831 13.841363744722566 13.430136192222939 12.912483371065498 12.27837626062227 11.516745499400683 10.61556803021572 9.561679221561851 8.339983360151498 6.930892861807238 5.303714060958599 3.420233875590996 1.2482739152082378 
1.6212087268786395 3.803048795748582 5.653888395955293 7.2180546814124344 8.549124514672274 9.690398911295034 10.668990751671478 11.503232716808487 12.206909291417174 12.791332189990623 13.266216066819956 13.63995065047013 13.919577307741667 14.11063856156571 14.216994265592836 14.240657743403768 14.181682238886747 14.03811401863438 13.806018946832896 13.47958179269301 13.051270263689172 12.512047339266946 11.85160412436025 11.058568339154393 10.120615399834929 9.02436516605182 7.7548608480078585 6.294485847314778 4.623130493053481 2.7216762987874548 0.5807843262030234 
0.8419735505493274 2.99164545444499 4.874725368771017 6.506322192425806 7.913811812275873 9.12517731604282 10.16382082519586 11.048074872615937 11.792772559336452 12.4104194450375 12.911806783067416 13.306224335484117 13.601440240801255 13.803567732870901 13.916898208111903 13.94375155068899 13.884375298869855 13.736910932373846 13.497435820821073 13.160081442104042 12.717221072853514 12.159712283087726 11.477170494318276 10.658239335914955 9.690813507112626 8.562168590397176 7.259010171712893 5.76777772598157 4.0758746206393885 2.1745856128302297 0.0632504237563626 
0.24668148877063106 2.364981278030678 4.255327059245409 5.921280980365342 7.3761464989922745 8.637372004176271 9.72257131959042 10.647833812691616 11.427444771187119 12.074091685490922 12.599021970105868 13.012050955209354 13.32145002562086 13.53377229633363 13.653667837825775 13.68372794935118 13.624385734701015 13.473889980977816 13.22836092673588 12.881929281143993 12.426953166464424 11.854301118367522 11.153683125070845 10.314007549934578 9.323744522800256 8.1712997342728 6.845478333943198 5.33623274477521 3.635960187781615 1.7414321216058026 -0.34400305141569404 
-0.21570756908150265 1.8749464451989015 3.7626731488685476 5.445627379574463 6.929638480985449 8.225280135431591 9.345314332737647 10.303024254007726 11.111356858639189 11.782520491306789 12.327743415832757 12.757046522544341 13.078997127284765 13.300458106071403 13.426359926663062 13.459522118010428 13.400544882740858 13.247784773805263 12.997421896804115 12.643620135265087 12.17877627418326 11.593848638493322 10.878751649128217 10.022801534518335 9.015204656085235 7.845600592404028 6.50470816180986 4.985155822257374 3.282557572324683 1.3967795372412126 -0.6668533101804611 
-0.5781104100476364 1.4893023666985585 3.3707903802164747 5.061795285113484 6.56390873329789 7.883294075007132 9.029065283184874 10.011961034595272 10.84339262775408 11.534779611806009 12.097048321499372 12.540207499526883 12.872966208765437 13.102393397574298 13.233633082675519 13.269692116267443 13.21131516344151 13.05695729251909 12.802859958581516 12.443231556314359 11.970529136027261 11.375833390986282 10.64930520076765 9.780710286039808 8.760001214828769 7.577954630339457 6.226873112543953 4.701363455167492 2.9991789338007395 1.122053547771151 -0.9236184763360334 
-0.8635562554490496 1.184807488145419 3.059368451115159 4.754067064836059 6.267908100311476 7.604111940173168 8.769102185078978 9.771516812709004 10.621333960554441 11.3291236600148 11.905401241796831 12.36005826330487 12.701861578922184 12.938024556267148 13.073861205905336 13.112535156365961 13.054913595614247 12.899533377873553 12.642683302586182 12.2786032435187 11.799797143399804 11.197452696628458 10.46195590762472 9.58348420438969 8.552658340113643 7.361231524100136 6.002793033009197 4.4734596085367455 2.772517171430654 0.9029575991001595 -1.1281618042457318 
-1.0893113003009738 0.9437411227476478 2.81215846397515 4.508909321384415 6.031210389362049 7.380140020671273 8.560054484870893 9.57788490166838 10.442380415104498 11.163346043022782 11.750909632960763 12.214843603717377 12.563962016851137 12.805609768191989 12.945257134450681 12.986209465390665 12.929438789301452 12.773541670416513 12.514825659345627 12.147524656605352 11.664140837321586 11.055906794210195 10.313355671994184 9.426978964750441 8.387941512209094 7.188812173926209 5.824259239601229 4.291655774216348 2.5915457239387996 0.7279377070401236 -1.2915842636759831 
-1.269171147865653 0.7518212768049181 2.6157469787388803 4.314741804361088 5.844500450428767 7.204282017611278 8.396693821079095 9.427236960848697 10.303653649907158 11.035153161066354 11.631600398867207 12.102737095146583 12.457484181157348 12.703354744630321 12.845993436855148 12.88884994573876 12.83298976393183 12.677043586718515 12.41729608878248 12.047914462333697 11.561315855897016 10.94866955486765 10.200523085517375 9.307530032136478 8.26124022444658 7.054891025208766 5.6841172736736985 4.147489379742384 2.4468090667608484 0.5871465689457069 -1.4233250665464874 
-1.4149963984854441 0.5967641916595582 2.458585791091758 4.161583900899739 5.69974549126838 7.070420454302426 8.274515441144528 9.316269062492422 10.202649814356873 10.94251492844086 11.545683162108693 12.022038224961227 12.380733623289343 12.629534038056471 12.774306755420145 12.818665519836046 12.763764784071366 12.60824189942688 12.348306326449464 11.97797691521583 11.489469311500445 10.873734050436994 10.121139946901817 9.222284383755277 8.168888825739923 6.954701607855306 5.57628574519644 4.033537985030857 2.3298080083557875 0.471592614675485 -1.5320511005189235 
-1.5380338405675993 0.46703818016745 2.3301360932363075 4.040719683813581 5.590314673131019 6.973815723937897 8.190237009726555 9.242677812987248 10.137635650122673 10.883969236219864 11.491774335293234 11.971334868450507 12.332224161926764 12.58258254148065 12.72857304124673 12.774006972357771 12.720129281614865 12.565556240905416 12.30636267853447 11.936321108868777 11.447299412279033 10.829825613301416 10.073825535634581 9.169528111173857 8.108508057346128 6.884787223616188 5.49583012224303 3.9431718940548044 2.232382412646153 0.3722447839416203 -1.626605542753927 
-1.6504693846801373 0.3504404655766855 2.219997974884196 3.94448558011991 5.511262244135981 6.9116177131286305 8.142332870955899 9.205612004991023 10.107990309881298 10.858863152916564 11.469059796870468 11.94961051206844 12.310748768496303 12.561144011274463 12.707343209644609 12.753396189974362 12.700643784167985 12.547655238040933 12.290310053334073 11.922028408223898 11.434162792004411 10.816570470029694 10.058389888825984 9.149040503785875 8.079448080803735 6.843451842018665 5.439243961343404 3.870420512871523 2.1460020396304484 0.278827753274941 -1.7173341578031818 
-1.76789299437448 0.2320117969342559 2.1169296753332834 3.8664439810152897 5.460085304552864 6.883703757076819 8.131685477780323 9.206113594867938 10.11447700548417 10.867506068544847 11.47737225500535 11.956276889667105 12.315387762985191 12.564066657186611 12.709332079760777 12.755510926428961 12.7040456663111 12.553437188434087 12.299316556968856 11.934651689387467 11.450107945154224 10.834594926555805 10.076044410440705 9.162473600617023 8.08338922310744 6.831572722662077 5.40522141546276 3.8102099460088037 2.060896848879715 0.17787817361744626 -1.818405705867509 
-1.9139903461721777 0.09011200966892165 2.008095510422392 3.802632487425044 5.4386212777428184 6.893978651635782 8.162338772209223 9.247494771201904 10.159392795066951 10.911194262235687 11.517154797246022 11.991113697548869 12.345443607789854 12.590340224692591 12.733358009523537 12.779123646951604 12.729182674323505 12.581954684676298 12.332789121262966 11.974128947929998 11.495806031835292 10.885511956226821 10.129511580929153 9.21369242050313 8.125069197746104 6.853893411812289 5.396574111463137 3.7596621212633643 1.9653826890028656 0.04891618542618492 -1.9524068936000398 
-2.134464664889581 -0.10965385734743292 1.8786943744586504 3.7575557519434244 5.456280302803336 6.951968965039783 8.242153120398125 9.335507949186093 10.246504400503573 10.992051347795035 11.589279698505516 12.054100436658517 12.400297176575926 12.638975043926699 12.778236505295572 12.822998646061457 12.774901721067287 12.632283988008334 12.390215239831912 12.040595992946695 11.572346681189956 10.971736384665842 10.222935975205882 9.308924517395676 8.212926696891612 6.920620456119543 5.423482828519711 3.7241222227177744 1.845545266932723 -0.14156137116689588 -2.164191822683675 
-2.5132643172233107 -0.45293602422150336 1.7419073683708728 3.753202597723839 5.533632163911989 7.07397088707472 8.382965804863991 9.478093772347458 10.380654551216889 11.112625820370996 11.694697142530947 12.145134213175366 12.47918943913795 12.708831644495389 12.842638180063298 12.885758243913648 12.839903329662187 12.703347667787757 12.470934392937803 12.134091134427015 11.680871610691108 11.09606681646765 10.361476631736783 9.456498396212629 8.359259616122118 7.048578719485483 5.50710237332058 3.726202207844435 1.7152037341370598 -0.4785086626695586 -2.537060495451376 
-3.7360470780563926 -0.8359987615907888 1.6604490110369556 3.8359362249132958 5.703464842600013 7.282727062802463 8.59980863477629 9.68449536370091 10.566937103955778 11.275204304273782 11.833906673688627 12.263643856129349 12.58094590618162 12.79841964527192 12.924929151088081 12.965735686633169 12.922579709095345 12.793708931125291 12.57385590701803 12.254161121937829 11.822037076814608 11.260990283842432 10.55047566970552 9.665955340381593 8.579446169244472 7.26089881174866 5.680637897472651 3.8126928727414353 1.637485976362273 -0.8578704706664462 -3.7557462056465143 
-9.844437532758946 -2.8185305898315263 1.3992156706484244 4.499227313769985 6.8369950859051265 8.598166182669829 9.916750974842696 10.90025558781512 11.633753862721683 12.181502934300529 12.589808785040018 12.890870975507971 13.10655946228941 13.251416142661434 13.334688188508034 13.36152759106423 13.333589337840683 13.249209885841896 13.10323162953706 12.8864070547672 12.584200119047914 12.174751616498856 11.625874193593127 10.89127263611589 9.906702851404251 8.587123078014898 6.825107256049285 4.486801243567117 1.386806544265447 -2.829973255534923 -9.852441666390256 
-10.796887884430495 -4.033256572102065 1.1615165435386634 4.904446873665341 7.591155311534421 9.485017020978516 10.795860483441874 11.692618609650925 12.304936108856435 12.725920892621888 13.0183178115324 13.222291841250007 13.362665519724255 13.45442991349599 13.506347708924089 13.523015062688856 13.505864487483457 13.453458673530946 13.361198266441232 13.220319871818216 13.015833063246097 12.72291210041117 12.301374574151803 11.688432568746059 10.7909119799894 9.479117029321754 7.584161024648083 4.8964502775349725 1.15306447157436 -4.04098191396072 -10.802421629115434 
-11.026053225251099 -4.2193689228577576 1.2090092104629 5.247874642064519 8.10193404189748 10.037994344527045 11.304750089089305 12.111718166919148 12.61915972259813 12.939130858426722 13.143974513045057 13.277418678337314 13.364646818591234 13.419714120416847 13.450231623223795 13.459959393955911 13.45003257553729 13.419314205155592 13.364043793626438 13.2766121144506 13.14296639076855 12.937917701740432 12.617703767276641 12.10988530573343 11.302225883465304 10.034250191511118 8.096368625821178 5.2402124719706835 1.1998196421977592 -4.2284270689275445 -11.032694001049645 
-10.814889997358659 -3.9020201790091473 1.5386000576340038 5.598427377777674 8.436920819138264 10.304792113736248 11.470446413222344 12.167371391462703 12.572673739613775 12.806593283126675 12.943429996035963 13.025641523751002 13.076080344003584 13.106566133269828 13.123030086419405 13.12822536450457 13.122955000003774 13.106416162407024 13.07585798411939 13.025356034579598 12.94310266404992 12.806254758678714 12.572330227349516 12.166900996631721 11.46939716268555 10.302159992501206 8.431228807726873 5.588449694601923 1.5246787473159196 -3.917077929236265 -10.826259012717657 
-9.883750820696648 -3.2743664559298016 2.01456192390748 5.9172390831839845 8.578025809598692 10.261218335000972 11.255067550895685 11.807693874388152 12.101291641805114 12.253673964970858 12.333213200563623 12.376124484737918 12.400257794123963 12.413994783243513 12.421157093965101 12.423384718590349 12.421135607365072 12.413953083660648 12.400201629708539 12.376072718380186 12.3332141130825 12.253823501905385 12.101723003649681 11.80846214866768 11.255811125119205 10.260510149227837 8.572805291978383 5.903853545926717 1.991740795244621 -3.3019213967096586 -9.906242510923422 
-9.29099189562176 -3.053634150583347 1.9785824620656196 5.625112590511506 8.04468480237938 9.522332315951171 10.354524014129765 10.788980362120034 11.001528748943151 11.100928739373511 11.146804903769233 11.16856585332647 11.17949849540624 11.185238722910357 11.188093507869782 11.188964002600395 11.188088549771795 11.185230515866234 11.179494808509308 11.168593899550881 11.146941855269185 11.101352570028508 11.00256385873701 10.791043431119734 10.357765032925371 9.525676439409452 8.043797508752261 5.611004226483043 1.944994561531889 -3.101959660910985 -9.332622423240178 
-9.672400460244928 -3.6910728395711705 0.9127953947227103 4.152494701143273 6.262286243241443 7.520977763931648 8.206884164670218 8.548722698602802 8.705427336999316 8.772391489643454 8.799784085167472 8.811001537996276 8.815853829241888 8.81811669263832 8.819164430732126 8.819474385940746 8.819163683206448 8.818117268460828 8.815865574664318 8.811060960107067 8.800001952187955 8.773046589331331 8.707100901319755 8.552394903411876 8.21378090676396 7.531703972836128 6.274533523525347 4.1518321336544215 0.8657329208986329 -3.7779827630441605 -9.7630138006335 
-10.688284939588742 -5.204690069273337 -1.4186369138573722 1.251680583366534 2.9901041581512118 4.01707390930841 4.566144101523345 4.831705179891728 4.9480989516571565 4.994613721646913 5.011832872918257 5.017947280030583 5.020162258849554 5.021033995493483 5.021394038446839 5.021495351434989 5.021394217968345 5.021036601459519 5.020178381196919 5.018019649151944 5.012096736947927 4.9954278622898025 4.9502697346140705 4.836776594271059 4.5766312904264925 4.036458503697767 3.021716879973265 1.2978105262516682 -1.4186671614645165 -5.42847341497302 -10.861447702042344 
-10.899829548285679 -7.8972382363699865 -5.262788259510369 -3.253747453135948 -1.9219376878208012 -1.1340443234276314 -0.7162058283235939 -0.5173722370709101 -0.4324856070937434 -0.39993858301710417 -0.38866578561281206 -0.3850732037216323 -0.38397035526443823 -0.38361706557516567 -0.38349448630940325 -0.3834628394591284 -0.3834941725153563 -0.3836143321205676 -0.3839545629928777 -0.38500241427565646 -0.3884039550598286 -0.3991137911642632 -0.4302262850630921 -0.5118980774885464 -0.7042565784322297 -1.1100370408883629 -1.8754517013645087 -3.167480865950124 -5.03814734243885 -7.895925965376873 -12.445113003151453 
-13.041306598578462 -12.411581331913 -10.698363762854097 -9.325262644296851 -8.399600505171739 -7.850402599199047 -7.559698005096334 -7.422120434286587 -7.363940692339482 -7.3419761625361994 -7.334562957665112 -7.33230512582482 -7.331665490080081 -7.331484843476341 -7.331430313131197 -7.3314173615239975 -7.331430062792632 -7.331482750359114 -7.331653438964148 -7.332250859461383 -7.334360897874397 -7.341334512279582 -7.362165512260868 -7.417761355107853 -7.550007090916256 -7.830278640969085 -8.359386771336387 -9.235050660208314 -10.5244467322048 -10.86051010317651 -13.036851880557574 