Step: 1350.0
12.084470306280748 11.963241916375694 12.524126922947325 13.115595036620908 13.733805796369573 14.308544309424244 14.812247272687191 15.236287973839202 15.582202897852712 15.856560112615352 16.068049212961416 16.22570798619882 16.337805013255853 16.41112622762791 16.450520140368717 16.458608962335905 16.43560451462104 16.379192018122936 16.284466436673487 16.14392590971142 15.947544257382207 15.68295882735101 15.335821923656564 14.890378802054471 14.3303694209858 13.640435312154473 12.808575257167465 11.829723038147144 10.725020079832538 9.376156892821275 9.3620469356949 
11.469365117991103 11.067980900583876 11.58759060294203 12.30118981323684 13.004237863700313 13.645559141820335 14.20181088971114 14.667466243413147 15.046065179103403 15.345720730552149 15.57640023283141 15.748216348365654 15.870321180001705 15.950187585801775 15.993145756992627 16.002086684563825 15.977272234834873 15.91621478038993 15.813611149890406 15.661336192069673 15.44851923136418 15.1617407962648 14.78539719786739 14.30229036909853 13.694520178608986 12.9448260208158 12.038608653170344 10.96839912794896 9.732163617527332 8.484433584104897 7.485854312857551 
8.597646232116086 9.527798514638404 10.485087008538253 11.411849849189347 12.256020634875249 12.992759441940947 13.61738028430931 14.133469504896945 14.549747725173583 14.87755596557589 15.129067473255967 15.315996003739574 15.448683811181619 15.535475223910893 15.582298816221975 15.592394488755776 15.566136284328682 15.500918979388732 15.39109579418023 15.227973982640075 14.999891954592824 14.692413238249564 14.288676806881492 13.769938730166222 13.116327115452375 12.307799799818147 11.325320424821308 10.151377935415605 8.778018508610153 7.171587918469644 4.872026316392374 
5.544508606870035 7.832076267511329 9.311512651752361 10.511208821572605 11.51983561341691 12.366691855211002 13.068421255461873 13.640146781529092 14.097161903899796 14.454899839264948 14.728266774595655 14.930899762128155 15.074529962981696 15.168498923043916 15.219417716982475 15.230937489557583 15.203597843951357 15.134728834533938 15.01839789251194 14.8454104684005 14.60338828311405 14.276957608126652 13.848077498126424 13.29651882232829 12.600458195314344 11.737056005491102 10.682595161237007 9.411608150073985 7.887479284946412 6.017716825986917 3.7198765243223866 
4.144042129322812 6.442757988018911 8.249554529058553 9.673201049010512 10.834500169229374 11.788051510509238 12.566399243957425 13.19397562199325 13.692000478004108 14.079842956087102 14.37514484293869 14.593508326248049 14.748097573380107 14.849289539430394 14.904411548333876 14.917559473059107 14.889476273832587 14.817473735472396 14.695392698258962 14.51361286719977 14.259137008285398 13.915780742432572 13.464492672528937 12.883803173045276 12.15034255083457 11.239249870319071 10.12408494356676 8.775010078180497 7.152963189798605 5.214164219042807 2.92468459740345 
3.195308142567252 5.4881128621703565 7.39257512450966 8.954188053163026 10.23126625778106 11.274724606885414 12.121347975398976 12.800369677898189 13.33691246028686 13.75335762764909 14.06964450260593 14.303126520013608 14.468294275042194 14.576508332926252 14.635791793152407 14.650686188038105 14.622156800808026 14.54753422911414 14.420490241007624 14.23106123187649 13.965746056866521 13.607711169969386 13.137129517362816 12.531655212071398 11.766987689320063 10.817404201720647 9.656022900938886 8.254603277317962 6.584649419939857 4.621821437230934 2.3555166371279075 
2.5273979483689164 4.796640552869158 6.7393535089247205 8.371639723022433 9.725586287097702 10.836979812717574 11.739297186961494 12.462320403196776 13.032833291015239 13.475018659646919 13.810449111136503 14.057856618957766 14.232845395599139 14.347638207085218 14.410888299214847 14.427554763607395 14.398825861555865 14.322077164010196 14.190863511592529 13.994959914263156 13.720480966833083 13.350115952100873 12.863513191823085 12.237829782935634 11.448433307736108 10.46971190459056 9.275975084340104 7.842722420669548 6.148868350482227 4.180574901519592 1.9361240580856018 
2.0435489284701474 4.289967896889931 6.245803346364502 7.915545595804125 9.317288465848437 10.476529109732137 11.421354727421068 12.179812378400204 12.778697754448526 13.242931863450039 13.595054396604299 13.854761682186641 14.038514338779462 14.15923908546863 14.226125768576017 14.244502540834452 14.21576647687953 14.137353233644218 14.002744001434332 13.80152605359575 13.51953953193786 13.139152966552665 12.639709955756231 11.998178666837301 11.19001894066207 10.190274897803357 8.974940552919277 7.522723337571671 5.817369655010777 3.850508417622255 1.6245180209529748 
1.6898487769408825 3.9169254400974625 5.875769771616687 7.565448138719015 8.996712311754196 10.188461921141963 11.1643324253226 11.950048517244992 12.571587597081727 13.05390219044009 13.419977942846893 13.690112644770824 13.881378027011397 14.007243108190362 14.077332270072862 14.097284558446386 14.068682002196114 13.989025478944308 13.851754418059494 13.646327194388181 13.35839762316037 12.970135045695894 12.460737935234292 11.807183204455066 10.985239238967232 9.970759130385995 8.741266904212367 7.277841784086674 5.567250006366848 3.6041357551757733 1.3928853193912059 
1.4309363332115905 3.6426477617310953 5.600529517975921 7.300945257201433 8.750569999033859 9.964188765404916 10.962190124625584 11.768220990898769 12.407211679859545 12.903795993307114 13.281077921910056 13.559694030510629 13.757131260548183 13.887261658051699 13.960050180845025 13.981388972823027 13.95301683522332 13.872496884883422 13.733246164772675 13.52463412942835 13.232187690314195 12.837954317752551 12.321078104552916 11.658635350945147 10.826757633339811 9.802044774241343 8.563239198834069 7.0930918129392575 5.380288897104787 3.42122931052032 1.2213685378558246 
1.2418853210825578 3.441841544576726 5.397588675442277 7.104018281823072 8.56539940173891 9.793884284486536 10.807575716478397 11.628476291707068 12.280547631557006 12.788008473286448 13.173928625843628 13.459131528895874 13.661389713345306 13.794876425888111 13.869822558285389 13.892323454384224 13.864246731092834 13.783208857070452 13.642611632988991 13.431755377428019 13.136068490443549 12.737508214805974 12.215190729090395 11.546297696034664 10.707280873942782 9.675348614371693 8.43017183360288 6.955696852331583 5.241903877254932 3.2863119475011917 1.095018049689596 
1.1041690671935176 3.29541160941051 5.24920302853881 6.959508194994273 8.429008125461108 9.66804126743855 10.693059310035816 11.524814667934574 12.18649019086941 12.7019448377319 13.094196109545345 13.384203170396475 13.589962883618421 13.725890736769655 13.80243354480214 13.825852082988751 13.798118171940349 13.716889050519258 13.57554768475902 13.363325824866356 13.065551692856452 12.664080747654527 12.13797109053347 11.46445099233498 10.62019333142638 9.582862831305269 8.332844462677029 6.855007891136541 5.140328341139961 3.187180083193892 1.0021471610764467 
1.0034113782789784 3.1884287998818546 5.1412129748656445 6.8549556990514775 8.331038196574948 9.578335607586235 10.61199411287207 11.451810815141473 12.120412805586716 12.641448542225072 13.037968327013463 13.331102648402208 13.539074510861498 13.676524061386186 13.754088764052666 13.778170087054733 13.750824281744341 13.669735138184 13.528255016708194 13.315531343754836 13.016763448059313 12.613653334825042 12.085117982191687 11.408314717647176 10.559991712748884 9.518113923800184 8.263641178009026 6.7822718241139786 5.065940961091836 3.1138959974211042 0.9332542331282009 
0.9278460995904195 3.108687968932882 5.062080281254058 6.780262840309248 8.263155190450037 9.51812134393784 10.559102982884124 11.405156467717607 12.078611133474421 12.603141891430194 13.002011154583277 13.29663396175997 13.505516278837955 13.643540336675187 13.721529350231839 13.746011554108202 13.719112618301908 13.638528986783673 13.497566208826301 13.285260270473705 12.986630862923308 12.58313777326424 12.053418841750878 11.374373154990456 10.52260923239395 9.4762003232384 8.216585641915835 6.730359059341356 5.010655928195513 3.057933068840315 0.8801261717288654 
0.8669437254983006 3.0454132713996107 5.001998601543385 6.727338246271914 8.21915045988712 9.482802218360254 10.530933530607971 11.382078849579083 12.058634772003465 12.584667274997303 12.983935890212775 13.27832635781856 13.486728504284066 13.624307839020135 13.702080089192657 13.7266919522119 13.700326771772334 13.620682143112115 13.48100151078435 13.270178846965784 12.972990116876257 12.570532673692288 12.040967929120475 11.360655309290955 10.505725026154117 9.454048488902956 8.187411285298065 6.69351044393933 4.967285980013014 3.0112453393288794 0.834849993711952 
0.8097497826548278 2.9877378735305617 4.951966251875632 6.689862154681827 8.195206208020576 9.470301106370197 10.526316824386347 11.381691913887673 12.059519834711791 12.584824070750257 12.982270361797516 13.274464804056834 13.480807455527998 13.616794001476258 13.693637536690604 13.718092469317947 13.692388640645028 13.614218106949208 13.476755246598778 13.268730116774607 12.974612903923214 12.575001099457367 12.047326369859457 11.367007255053068 10.50915276351221 9.450844813259927 8.173849123666232 6.667206276738569 4.928801596389673 2.964989674798999 0.788400228727499 
0.7422050609258143 2.922449644854636 4.902749157992804 6.663494247027443 8.190687040650767 9.481870299878535 10.546919950813777 11.405297053286683 12.081912039660923 12.603587129099004 12.996424708589835 13.284033939103713 13.486442991688964 13.619502768432923 13.69460794368001 13.718596881310228 13.6937317445721 13.61769999460872 13.483617852093966 13.280055415656154 12.991142319614491 12.596852344339302 12.0736047121561 11.395355101004375 10.5353691409134 9.468849700659787 8.176464971447182 6.648469829347905 4.887436255919653 2.9074428772219516 0.7281312656375614 
0.6419908461490386 2.8297104107008257 4.8441584110532885 6.647337473924816 8.210220435816101 9.52338763243781 10.597860563167842 11.456565143895741 12.12802550394382 12.641974629472976 13.026538757220765 13.306575296511282 13.50279378913528 13.631365592206338 13.703807817618328 13.726994307498401 13.703198539644273 13.630114867475513 13.500840760796988 13.303837481245894 13.022922772675877 12.637390450535255 12.122403640048953 11.449875441390958 10.590130552171509 9.514717662573307 8.200792528823499 6.637415079724319 4.8340750272174775 2.819847547274356 0.6327475083783135 
0.46300103447112706 2.6764196809541585 4.7648890496818535 6.650851954557527 8.267292382686692 9.606911713267104 10.68811710134105 11.54141687122144 12.201334232719745 12.701719045500449 13.073198645983442 13.341962826387316 13.529312594737581 13.651600938916232 13.720342453740043 13.742363169667167 13.719916944928144 13.65072923280064 13.52795574097096 13.340068485619632 13.070708379177315 12.698577821083934 12.19750164855522 11.53687917821833 10.682898677749922 9.601084290879637 8.26098020323072 6.6442312179323615 4.758180504166147 2.669871332158365 0.4568693350545758 
0.11704966073536612 2.37311999701608 4.686853921925995 6.704433125473563 8.388200348613315 9.751558514567925 10.830205344778257 11.667323772438191 12.305872340130705 12.784702679414515 13.137025194591397 13.390114503952203 13.565542214643147 13.679561563919943 13.743479796516892 13.763952883218165 13.743173183204535 13.678934371763171 13.564568252903749 13.388758823974374 13.135249213466707 12.782470760298645 12.303159428618311 11.664123446906554 10.826537406496248 9.74747507546536 8.383789328565703 6.699818243449912 4.682190598058414 2.368588077625763 0.1128099856817501 
-1.1624194616155534 2.045496189149345 4.691506571873231 6.867825894927044 8.612912248577038 9.982317282101532 11.038474684905568 11.841755230456425 12.44506138613051 12.892166238030226 13.218172455292207 13.450679667030565 13.610913786902504 13.714592930065235 13.772537775880817 13.791079608361128 13.772298792936873 13.714104229163915 13.610155260202049 13.449624539366042 13.216791258360765 12.890431864677288 12.442954878402137 11.839271806869414 11.03562943087027 9.97914990309488 8.609490262306009 6.864245630308263 4.687891933971582 2.0419967894085866 -1.1655972435555733 
-7.5823938534372886 0.38965122674135017 4.93064517993557 7.97067989624355 10.001933427934084 11.338419676440505 12.21231580706982 12.788578847815204 13.175236811654207 13.438832973081343 13.6196556696404 13.742792323185542 13.824611076475295 13.876059236101304 13.90424009414805 13.91317528818145 13.904167422112806 13.875910101357508 13.824378345067073 13.742466409465903 13.619225807348055 13.438288602301878 13.17456852380555 12.787778385980895 12.211375644858116 11.337334621083889 10.000707475244871 7.9693391729237595 4.929252952132241 0.388325274038001 -7.583316675015377 
-8.390096688666418 -0.6272873593651412 4.9714800903144925 8.594135076396617 10.835377453464062 12.154920070754468 12.905972584907092 13.33107119785465 13.577851616266221 13.727418138539077 13.821637639430604 13.882090867827744 13.920570091885503 13.9440071540569 13.956564666514527 13.96050393449354 13.956544578964781 13.94396579426536 13.920505230403075 13.881999525907894 13.82151648429356 13.727263478785806 13.577657308969895 13.330821751347028 12.90563159916414 12.154422990603651 10.834647285687113 8.593132617150728 4.97027341285036 -0.628478267770014 -8.390974077861008 
-8.464287095131068 -0.6014587653919642 5.217976385144493 9.063528735737645 11.366524633390783 12.634869410154174 13.286790398815553 13.608789802812392 13.768519283909024 13.851822719533102 13.898474838134103 13.9261013422471 13.942778672651373 13.952575085586219 13.957698790720526 13.95928701412325 13.95769375442236 13.952564684361045 13.942762300340272 13.926078288495422 13.898444708222069 13.851785662441458 13.768472541380989 13.608710113469575 13.286590683016072 12.634348336947175 11.365377381145503 9.061504735759689 5.215150133226799 -0.604489393886475 -8.466580313521611 
-8.025444022600595 0.01569355528657494 5.805483997565639 9.581791354334445 11.778780708491077 12.923442052875604 13.46439036300486 13.70198363418812 13.803350914394674 13.848117965202439 13.869766946614696 13.881324503005448 13.887862534650933 13.891549068870006 13.893427996535735 13.894003028513655 13.893426863467326 13.89154672094491 13.887858828188277 13.881319415791108 13.869761532923448 13.848117062005086 13.803364601404732 13.702005415524335 13.46429327955387 12.922763041315774 11.776603207842552 9.57708032746283 5.798058070760298 0.007076669672380578 -8.032093053741487 
-6.601650639263679 1.1537992722294597 6.725576254181705 10.225620210488273 12.144389098919328 13.064962431788345 13.45492394346773 13.603651319490593 13.65687338305237 13.676131004324848 13.683866639153957 13.687479388229269 13.689363847007902 13.690375700761178 13.690876005338763 13.691026815983351 13.690875827600797 13.690375329802798 13.689363240663639 13.687478584078129 13.683867150237134 13.676143050650298 13.656935593483006 13.60384346094347 13.455246132447792 13.064770125865307 12.141445950866032 10.216491763325099 6.708196706006254 1.1315428728799377 -6.6202629633889165 
-5.522851968731441 1.891472107292421 7.1822761942261355 10.368561837796527 12.010041325409045 12.735615763675439 13.010895835997744 13.101323577088719 13.127829434176261 13.135312326123072 13.137646450822112 13.138550019794462 13.138971989285537 13.139183972277122 13.139284403403796 13.139314015013376 13.139284388301842 13.139183940843132 13.138971903290406 13.138549774256386 13.137647454533814 13.135330247585854 13.1279453019049 13.10179444540158 13.012181265351945 12.737713367165833 12.009703672460084 10.3559905663451 7.1489913091510555 1.8406924635234454 -5.567220701443927 
-5.555146973007227 1.710581948251857 6.60845717343871 9.416263665689332 10.803053503064596 11.383339910924409 11.586700052553132 11.64596574456411 11.660394087594147 11.66346770418559 11.664140234241726 11.664336225588448 11.664415203037347 11.66445169786127 11.664468076703745 11.664472774659966 11.66446807679128 11.664451700884127 11.664415159605037 11.664335861379802 11.664140835930247 11.663492100908943 11.660585142321159 11.646875428229988 11.589756987887874 11.39071697020731 10.81483369083675 9.416064732320358 6.550935880463704 1.6010153569555807 -5.671033425648391 
-6.365449144419228 0.4716248220968576 4.521079182913487 6.818862644453546 7.9409975706408344 8.39890058292439 8.552456126190659 8.593932569032592 8.60273204580957 8.604168294342292 8.6043616527837 8.604395964780322 8.604407893687082 8.604412973687529 8.604415066800247 8.604415641424481 8.60441506777002 8.604412981188602 8.604407853835578 8.604395465401637 8.604361673190082 8.6041968100675 8.602987314944755 8.595274531522461 8.557494832808874 8.41341843048058 7.973231918942409 6.876082278398966 4.5210627250216024 0.16958034907412659 -6.602288089118353 
-6.207542283738869 -2.488888634566947 0.27291125624530743 1.97515641768272 2.8213711950920364 3.1661586132654556 3.279859309930433 3.309464214156806 3.3152778211839973 3.316063861351004 3.3161225111862898 3.316124253630122 3.31612538916613 3.3161260036033178 3.316126206116549 3.3161262539019876 3.316126206954022 3.3161260119915386 3.3161253563228565 3.3161237250451454 3.3161220897525134 3.316091518654912 3.3155482066036357 3.3109706370403407 3.2858938332237138 3.1850311757472873 2.871008180248179 2.0844340746355754 0.5751552434188758 -2.4885541289981026 -8.285942675939362 
-8.917303506537975 -8.267409931877095 -6.501963656716607 -5.353339524569432 -4.770087510354356 -4.53159718902959 -4.453190293335732 -4.432994780841614 -4.429129813797464 -4.428644019974746 -4.428619398646372 -4.428621822014161 -4.4286219064498376 -4.42862176887966 -4.428621741920174 -4.4286217394475464 -4.428621741318815 -4.4286217621581505 -4.428621929707351 -4.4286222384287175 -4.428619855730944 -4.428622887960811 -4.428916177559898 -4.431777374824917 -4.448212950313064 -4.51546133249084 -4.72665746923692 -5.2376664556207615 -6.265017842916357 -6.186779307737338 -8.915475970213745 