Step: 1755.0
11.516270355257126 11.379507571089823 11.954572324897923 12.564329870228411 13.216447365184221 13.839098722307304 14.40160968101823 14.891396003489046 15.305797308573025 15.64732567214858 15.921015335370274 16.132801108425472 16.288461399968188 16.39289775331807 16.449635050380483 16.46047977089898 16.42530085610769 16.341913070767802 16.20605260515277 16.01144169736237 15.749944530503003 15.41182175736374 14.986098282507877 14.461074554188542 13.825052049759837 13.067435581138517 12.18074160950473 11.163457470425039 10.03853983826547 8.673795464515562 8.678728526838109 
10.888298750692766 10.453119131179143 10.968923826125074 11.700882258004166 12.439822163184534 13.13271158079103 13.7525351946352 14.289392088671104 14.7422282305319 15.11473408563344 15.412897704290414 15.643456780108856 15.812856661565071 15.926523139830664 15.988349571693178 16.000342517255355 15.962393396016282 15.872157328366317 15.725029435522861 15.514215509497465 15.23089898712752 14.864510358248936 14.403110378876693 13.83390959553282 13.143974095388101 12.321249326154932 11.356122938994249 10.24532852819598 8.988926716843313 7.746976757766337 6.789720419579353 
7.980304741295795 8.871011405995144 9.817372711594993 10.758928734248151 11.639687346033448 12.430768721225762 13.123117161093447 13.715411142700011 14.211330552396397 14.617401870191369 14.941482373890421 15.191633042088705 15.375271195657355 15.498532547822013 15.565798531027964 15.579359845030393 15.539196812006239 15.44286415985774 15.285473540462915 15.059771613447097 14.756314555902991 14.363741008616275 13.869144680363684 13.258545424911603 12.517454853427527 11.631518194668974 10.587273743164278 9.372203107267177 7.983034417740872 6.390771146909968 4.13888729511685 
4.881292556016603 7.1247212180556 8.589135226389013 9.801304592817973 10.846619993327216 11.750028631988183 12.523143772712961 13.17566172498931 13.717378969521425 14.158514954349977 14.509319349219123 14.779497760643842 14.977639618352436 15.110719272504156 15.183694335992797 15.199206446629383 15.157382579974003 15.05573358913414 14.889147736448065 14.649978591190312 14.328227063823407 13.911814820135982 13.386938786641059 12.738480325652816 11.950408155602785 11.00604225867569 9.887787520430129 8.575891898998941 7.038730616214286 5.187620100816927 2.941888217252292 
3.4284472505596533 5.6787825931276865 7.467311683698673 8.901763093186279 10.099924922209087 11.11194422152573 11.964971701469093 12.67756675381071 13.265024486456097 13.741113013895687 14.118484229411983 14.408536053834284 14.621079739526083 14.763972073479223 14.842786091765399 14.860552947576092 14.817588334008684 14.711408571460137 14.536738587202473 14.285613032281987 13.947569960858955 13.509931268583118 12.958152409242121 12.27620077838011 11.446877550378423 10.451900984568244 9.27139312535303 7.8815769618405485 6.2484214012393045 4.331556387298843 2.0982314418647485 
2.4235187811516643 4.663602208249673 6.546828481089369 8.117836607839926 9.432011363735109 10.535703534326101 11.460027767688294 12.227977671081511 12.858364650632202 13.367606182934722 13.770334689070461 14.079438914692439 14.305855505959943 14.458280469974417 14.542889001190902 14.563108456430212 14.519466239099815 14.409523062121531 14.227897089505452 13.966382031817892 13.614159360945019 13.158098710261587 12.583128505173322 11.87263764914788 11.008833560569302 9.972928417038386 8.744932388136055 7.30289432636984 5.623396948265199 3.685367446112548 1.4791533436069864 
1.6976765021771527 3.9097989771732364 5.828383835163036 7.468747687851923 8.86002388631911 10.03329096309191 11.016100685919142 11.831670064038144 12.5001228559235 13.039343934188492 13.465304156032413 13.79202802765007 14.031379072170198 14.192782623570206 14.282959372209866 14.305711200142934 14.261781574117215 14.148802384480616 13.961334222142394 13.691004617976569 13.326746022545017 12.855129986450489 12.260784425438095 11.526866401431056 10.6355458949396 9.56844650951455 8.307039901783494 6.833309814076095 5.131334444166787 3.1905189847111677 1.0100051182239185 
1.1560633346361022 3.3410022371382917 5.269884865422633 6.946432129356781 8.385710780464963 9.608341889754895 10.636238376988466 11.490580805848916 12.191185685093297 12.756370489931568 13.202803427960118 13.545251999146597 13.79626718923407 13.965859657815113 14.06121275126751 14.086461482934014 14.042554570256087 13.927209536976035 13.734967653514106 13.45735409900182 13.0831470488689 12.598755685965777 11.988700663223293 11.23618258583288 10.323719933647894 9.2338524879504 7.949973227396587 6.457457919289011 4.745326906139632 2.808484226212302 0.6501350333551141 
0.7464657403883249 2.907855831480541 4.837042954518893 6.532317509515161 8.00130728391762 9.257855870961176 10.319179230561874 11.203851197322894 11.930575530984585 12.517422800455343 12.981263951581386 13.337270722685266 13.598457051046 13.77527409692383 13.875278283220325 13.902887466102946 13.859234825997062 13.742126731883515 13.54610992750856 13.26265367444815 12.880452266328374 12.385851209006878 11.763395999486583 10.996497421746348 10.068206278139256 8.962101615643947 7.663322164382198 6.159794300866329 4.443681931012462 2.5129635192544546 0.3728464908010172 
0.43493323836780046 2.577011295064202 4.502724871483276 6.207642040502011 7.69520478943198 8.97495672324846 10.060626202197748 10.968439229531754 11.715779740869824 12.32014713717002 12.798314831042584 13.165622464179586 13.435374599876065 13.618343106745545 13.722377992253122 13.752131030878605 13.7088946243757 13.59055786923145 13.391683164799382 13.103708808742025 12.715284286391551 12.212743958819376 11.580721052329894 10.802898175130558 9.86288559140734 8.745216697422237 7.436450150397059 5.926359774957398 4.209161313058215 2.2846622624935886 0.15914907037909218 
0.19758609976848143 2.3243076576132173 4.2456426916390475 5.955657949105403 7.455271722302865 8.75120523367902 9.854663237433602 10.779968455155323 11.543282122354144 12.16146070291727 12.65105545374033 13.027450539762414 13.30413811259402 13.492131444406546 13.599516371481885 13.631138919695008 13.588425792400392 13.4693356272754 13.268442211409445 12.977154763761352 12.58408308294825 12.075555066831567 11.43628972669584 10.650220287605023 9.701450356844703 8.575313040817502 7.259489046104196 5.74512422237217 4.027868096560237 2.1087345636227903 -0.005327228428981542 
0.016532964921364236 2.1313440702824873 4.0488117251158835 5.762037246689634 7.270223170200017 8.578079516474517 9.69491961042864 10.63356227447368 11.409150066227909 12.03797412202124 12.536373732781605 12.919757495711659 13.201774176962168 13.39364585037469 13.50366419735481 13.536843857068224 13.494724649539977 13.375316726566513 13.17318776620933 12.87969715900622 12.483386411779023 11.970535447891642 11.325889231270823 10.533547068454093 9.577988187497668 8.445183786257635 7.123722229340328 5.605857242234574 3.8883858589463016 1.9732769329240574 -0.1320012026438107 
-0.12239140593428263 1.983432270162519 3.8983662472353102 5.6146893488637355 7.1301621287059715 8.447818204148382 9.57541239018615 10.524549662441181 11.309583486714496 11.946407717604304 12.451263586544876 12.839654279236123 13.125422287481909 13.320012386569596 13.431921032317135 13.466321466669672 13.424851009340786 13.30555047797234 13.102952828229176 12.80832625274327 12.410083374760404 11.894370044891726 11.245841885227414 10.448621714056538 9.487404911733151 8.348644213995014 7.021707933486785 5.499882169597588 3.7810975141598777 1.8683138377520618 -0.23042320995847743 
-0.2311489691435728 1.8681722999336439 3.7826122205789625 5.5034373483104595 7.026784352875809 8.353934858128062 9.491157065461987 10.449035580003239 11.241387599497665 11.883960370309389 12.39310640994659 12.784576739911396 13.072506935928772 13.268620386092092 13.381643141515696 13.416911255470188 13.376149771420891 13.257408375982733 13.055148725144019 12.76048957260155 12.36162521088543 11.844437367009236 11.193317164255353 10.392198107329987 9.425769006547283 8.280784341952549 6.9473253730118465 5.41981352596546 3.6975868706168757 1.7849563215998256 -0.30915807647107596 
-0.3208290092935929 1.7742009944076718 3.691177083970943 5.419699629965123 6.953519227256867 8.291635331947553 9.438676936764068 10.404379567469977 11.202366111275794 11.848609385635548 12.359891911073655 12.752447949648708 13.040860334444073 13.237220288324256 13.350526987294304 13.386293325082308 13.346326944380335 13.228665634279427 13.027659934688172 12.73421050917358 12.336181145889768 11.819017430888836 11.166602594669104 10.362370502693981 9.390663399631054 8.238257637404269 6.89586947212927 5.359325748613461 3.6300263880145534 1.714500733043069 -0.3767438310712386 
-0.40324263058989396 1.6897356183305212 3.614131286349797 5.356292669704884 6.905835554320696 8.258342930719408 9.416534396861413 10.389629900358404 11.191637928027287 11.839325888372432 12.350358933793693 12.741769527527106 13.028783323086817 13.223966887761662 13.336642593614137 13.372516448721552 13.33347567486497 13.217528842061814 13.018879359777525 12.728141525817426 12.332726027812262 11.817437251430395 11.16533509388659 10.358913780143867 9.381629623042434 8.219749895717435 6.8643593790288016 5.313039287113443 3.57046444970219 1.6471948241155938 -0.4430558292531123 
-0.49349184689285724 1.6004103258091757 3.5409933228808783 5.3076453513880635 6.882048006698912 8.254558492773446 9.425968334244777 10.40592586752099 11.209860777206089 11.856182438048428 12.364036056236023 12.751627843636259 13.035036181080695 13.227404121127497 13.338415642922724 13.373977538787596 13.336051954952143 13.222607445005085 13.027677972860483 12.74154024288026 12.351041129272637 11.840129486273854 11.190669377839331 10.38363091633868 9.400761876024156 8.226821945736965 6.852368004355784 5.276807293819549 3.509949453759317 1.5702232103543619 -0.5217246071356475 
-0.6149056149951214 1.4851644874947234 3.459996285571117 5.271175499625698 6.885339647464066 8.285197686816916 9.47161470986345 10.456806053949046 11.25930554445896 11.900313035810427 12.401158017074671 12.781603330575496 13.058755734647498 13.246392683388745 13.354562161276935 13.389357271151002 13.35280424620542 13.242831008934434 13.05330593103116 12.774156890801379 12.391603148949788 11.88856083385416 11.245319602015728 10.440632767238348 9.453410676685408 8.265249998818744 6.864074762553452 5.249152950398754 3.4378844331217517 1.4637005031980237 -0.6349672496453723 
-0.8138055687361042 1.3098557238143766 3.3578102967737946 5.253762491864529 6.927217579681327 8.361215051921878 9.562080213334225 10.548258567839163 11.343680280713544 11.973670799476528 12.46243353649952 12.831576432671934 13.099301828905066 13.27998798658996 13.38398506936349 13.417521614224217 13.382666363107273 13.277319803334098 13.09522797402791 12.826025726960838 12.455334780839499 11.964971294428636 11.333366445765352 10.536376693431208 9.548754926434222 8.346662784077296 6.911752297480902 5.2377911856608215 3.3418161148594736 1.2943605904679716 -0.8282756732236567 
-1.1768373890943244 0.9863746937234724 3.2516654689691795 5.281567106652006 7.031348934420273 8.500690083649197 9.70991190649009 10.688264080887876 11.467577686573556 12.078529131545764 12.548650389323786 12.901435684462017 13.156046359687826 13.327283495176436 13.425647421447675 13.457403784794739 13.424628308612634 13.325223389250562 13.152905545620479 12.897164463921756 12.543200225839495 12.071866264197183 11.459698071256685 10.679208262816452 9.699778274651786 8.48964488765996 7.019631411858237 5.269488167437596 3.2395984124564774 0.9747384546132525 -1.1876926991913426 
-2.431285094346906 0.6287428006171636 3.213193994982089 5.407729110776145 7.2346481942882965 8.72819972710409 9.930420432135802 10.88557758683799 11.635440441373103 12.216701209904953 12.66013119592129 12.990714662043017 13.228132044276924 13.387242665656618 13.478441859222126 13.507884689574997 13.477604372468873 13.38554994121058 13.225551908409145 12.987206953364408 12.655656829345766 12.211233101526695 11.628975282152933 10.8781473926297 9.922102994713525 8.719127366112392 7.225014176831199 5.397790643175283 3.2032712911921193 0.619216987439111 -2.4398978016629833 
-8.712899878574238 -1.2039098473949013 3.2040949399289893 6.3145465142461505 8.538607937697934 10.116002489388764 11.226258326102176 12.007796563395654 12.561858096562403 12.958171031838544 13.242819657230283 13.445859866154295 13.587067773977932 13.67956494014846 13.731813721190061 13.748605062400186 13.731492712479895 13.678914567450834 13.58607275411074 13.444500687177609 13.241076067390608 12.956025248629034 12.559296161862576 12.004807035454139 11.222830830781602 10.112133686667514 8.534323996444902 6.309943792903518 3.199388355738071 -1.208327775387816 -8.715992734192415 
-9.591772973163943 -2.3138660889987905 3.124716137614659 6.863570282051904 9.378339970342797 11.016275952882815 12.055646840343138 12.707784348640669 13.119906052159562 13.38603872885642 13.562231273484128 13.680621214957206 13.759587405858388 13.809870080312532 13.837777131098797 13.846685253014053 13.837663183168907 13.809638711953317 13.759232294571337 13.680134334067303 13.561603972934812 13.385260796065518 13.118958699527344 12.706623123350724 12.054178884047735 11.01435419155358 9.375811018262425 6.860393519354689 3.121114902817677 -2.31730110829007 -9.59427247142237 
-9.729228026720008 -2.370399573426557 3.3072205287710505 7.315742107657912 9.949205870290399 11.579377843481206 12.538737243637595 13.084647758319091 13.39259600265364 13.56966697196689 13.675488871096835 13.741218665773095 13.78273441785466 13.808248720071909 13.822110939624054 13.82649671268995 13.822073551593624 13.80817269891503 13.782617677950954 13.741059208967036 13.675285890211137 13.569419313650677 13.392289050449415 13.084212776420431 12.537976782814532 11.577903268273376 9.946499614254721 7.311451314424552 3.3015987103853006 -2.37622342159411 -9.733576878272725 
-9.382306017064929 -1.8687046758888544 3.8124070549695963 7.804377397095584 10.376521408287648 11.903105824211957 12.746085719906645 13.186144432999216 13.409001310690986 13.522480391760142 13.582737329770925 13.61670944624726 13.63675296032553 13.648550256273793 13.654801533314096 13.656758180905069 13.654790360652758 13.648527563884391 13.636718498532248 13.616664594705497 13.582688673582583 13.522443715654488 13.408992556428244 13.186118550087444 12.745764067567084 11.901713624075422 10.372736644373038 7.796902376512412 3.8012442690032993 -1.881250235053122 -9.39189670807194 
-8.183373005301123 -0.9532191881433477 4.55741091546406 8.34137590813113 10.683134533060812 11.99425186793247 12.663306102007803 12.97862720631632 13.119247056299088 13.181029543211398 13.20924087676236 13.223226325475563 13.230762134153368 13.234956371992766 13.237109978007059 13.237774841682096 13.237107529460486 13.234951423820577 13.230755043467981 13.22322016365634 13.209249406996047 13.181095718662979 13.119463802639439 12.97909952778936 12.663894508028156 11.993874327163539 10.67891855039625 8.329437821536803 4.535907698200482 -0.979957137648094 -8.205450896993387 
-7.338771445465231 -0.46113626970124194 4.787345939150605 8.288870458710765 10.366590315050283 11.468293499268027 11.99125317780745 12.215034633671477 12.302890647443736 12.33573247233781 12.348205705233772 12.353410074702538 12.355882935033318 12.357158923449353 12.357787561513899 12.357978131072416 12.357787161861033 12.357158115085952 12.355882145108831 12.353413208669616 12.348233361705136 12.335861478728873 12.303331922250857 12.2161972900355 11.993552204086162 11.47118546708758 10.365978775430886 8.274818940246773 4.752150372471993 -0.5131335653865894 -7.3838829627163 
-7.555889929897399 -0.8851705328740603 3.9467443633901693 7.047964906126366 8.83534531879319 9.749156447518823 10.161389091898682 10.325408524901274 10.383358168179138 10.401958262791014 10.407700610577047 10.409597136143887 10.410341830639412 10.410685434285922 10.410845597820629 10.410893038402971 10.41084553578878 10.410685287775493 10.410342036612352 10.409602622959849 10.4077407034724 10.402154594202143 10.384089533207305 10.327573663511469 10.16654885742603 9.758806815102325 8.848028300833066 7.047527039965812 3.8932925142021593 -0.9853691568611486 -7.660896232749192 
-8.498911689734614 -2.3048492168406205 1.6794913350369804 4.227260250737987 5.6875154343373655 6.421765410259981 6.743511111773395 6.86576069968672 6.905923330357598 6.9173822730270285 6.920302625719377 6.9210313801882695 6.921244919689698 6.9213269925495915 6.921362347994149 6.921372513935956 6.921362330116392 6.921326916848792 6.921245200164566 6.921037598028691 6.920350653683495 6.91763081540755 6.906904033293278 6.868874910721795 6.751697335321976 6.439919132588817 5.721087338643065 4.2800569645299085 1.6794463798035888 -2.5682403211890343 -8.704305366462059 
-8.559522758512088 -5.178278629810945 -2.430323163905632 -0.526695855728396 0.5837609620103446 1.1419407977333966 1.3836119364271393 1.473288277999921 1.501570830578972 1.5090811660595833 1.5107544544788407 1.5110775744289504 1.51114131315051 1.5111590099649739 1.5111657597734987 1.5111676337666795 1.5111657472720528 1.5111589384388722 1.5111415352741502 1.5110834607186543 1.5108021551510247 1.509336744373365 1.5026143451640357 1.4767365742848964 1.3931897030128355 1.1649605346220016 0.6341135737688628 -0.42703709430536035 -2.1664767323894227 -5.177506173903805 -10.36954691286415 
-10.996807211305656 -10.342729771908148 -8.569221058105553 -7.275347340277054 -6.506477625640726 -6.118869815482452 -5.951493094397332 -5.889853718572043 -5.87068598061382 -5.865726921155008 -5.864678671343745 -5.864499186535804 -5.864472258592347 -5.864467062812597 -5.864465354450346 -5.8644648927269944 -5.864465363664565 -5.864467118933638 -5.864472105232582 -5.864494724108023 -5.8646418278339985 -5.865526939834456 -5.869859321228047 -5.887081512023193 -5.943652524588192 -6.099394494544415 -6.462677504269487 -7.170718007325848 -8.363470763968852 -8.528734412993925 -10.99366247534685 