Step: 1215.0
12.302384387176847 12.186341232878247 12.739515197085634 13.320373738913688 13.921050696341151 14.472426049832999 14.948622996789783 15.342962218407806 15.658894690066692 15.904692160268672 16.090437173081295 16.226219424921737 16.321043041985966 16.382173219724237 16.414755187991545 16.421592224995422 16.403005096680175 16.356725373786503 16.27780365107658 16.158541058498365 15.988477352353332 15.754489820330672 15.44107404827878 15.03089418202549 14.505722456706417 13.847966605608246 13.043339190257084 12.084789665929222 10.99217622766102 9.652196551726208 9.631473530014706 
11.692664639294298 11.303438637399783 11.822049696299802 12.524716227139756 13.209081394887686 13.825202049347267 14.351681974170994 14.7851408054475 15.131213774473968 15.399872805413974 15.602603085942238 15.750662594822883 15.854003700499694 15.920620119288492 15.956163848285806 15.963721490470856 15.943671786412132 15.893575760335684 15.80808028601996 15.678844546092263 15.494524911956349 15.24087507253597 14.90103363197132 14.456083084760598 13.88598130087719 13.171028909974233 12.294112515487734 11.245473624172073 10.021636072006338 8.774461799981726 7.760536359611249 
8.836169412282764 9.780681650807786 10.73957789866535 11.656505406948138 12.481347219318252 13.191378151982393 13.7841748112902 14.26571830717839 14.647028316278146 14.941473219961308 15.16287674843919 15.324195679731572 15.436639158445946 15.509114082543853 15.54789465824578 15.556428638399055 15.535211833915266 15.481686536064917 15.39014694083661 15.251662822992579 15.054058245878425 14.782001418507583 14.417271472212244 13.93926504948601 13.325789006173306 12.55414321492471 11.602504364147594 10.45071335752519 9.088310141409456 7.479279378870543 5.161881799846146 
5.802695507041139 8.106518009471003 9.589049345281335 10.779555796270508 11.768445661511876 12.58730011887441 13.255330302796727 13.790299682470991 14.210011443738397 14.532100338733834 14.77325960613773 14.948469247019448 15.070394680889928 15.148981229053991 15.191207878618012 15.200943492562041 15.178851376865344 15.122304722102228 15.0252997144769 14.878379882712315 14.66860954354005 14.37965084245546 13.992002055780695 13.483437265455935 12.829636407840892 12.004887880680219 10.982433428765189 9.733829305835034 8.219791386677374 6.345773179334098 4.028333334701965 
4.424935364234272 6.741669692880134 8.5527545926908 9.967629171418235 11.108768141138343 12.033141063910808 12.776051583471224 13.364791980072294 13.823293344186524 14.173297787036972 14.434369706480165 14.623553438786226 14.75501380367436 14.839771322834016 14.885541603653115 14.896645736559824 14.87394962929518 14.814801059214963 14.71295493315172 14.558502908791453 14.337846962478435 14.033771419838098 13.625667411098673 13.089938833248393 12.400556626511381 11.529596855583065 10.44736962083809 9.120885822141872 7.508362974277344 5.564096726866523 3.2533831812487257 
3.500637969528039 5.813285467121916 7.723144084611141 9.276322604939638 10.532811437061246 11.545986546924958 12.355550739782116 12.99378619114798 13.488712773060527 13.865247291067607 14.145381769294863 14.348007242321762 14.488678486331246 14.579436976584386 14.628712161677932 14.641275993439457 14.618213670050144 14.5568825569608 14.450852266303672 14.289844549458943 14.059715329859964 13.742536310452023 13.316833326060443 12.75801586468044 12.038979300793818 11.13077498856863 10.003110361135487 8.624468695638539 6.963582532552977 4.994219746563266 2.705080186655875 
2.8577978077045367 5.148730702685214 7.097927401500282 8.72209730294719 10.05504721626621 11.135126326292541 11.998877113857361 12.679301090891187 13.20624885237304 13.606589266344887 13.904069014780552 14.119046782925695 14.26824984210176 14.364615729061068 14.417219393982487 14.431253349546154 14.408020951532984 14.344914037064031 14.235368609003508 14.068819295013185 13.830698446495678 13.502542697850494 13.062272726768356 12.484696402915654 11.742251503294687 10.805962572924505 9.64659529548362 8.23626617954347 6.551056130007373 4.575222661257132 2.3063749739196537 
2.3986485083995115 4.668571545613444 6.631949993279446 8.293889976857464 9.674265368040302 10.801242949665196 11.706116841538746 12.420311146270047 12.973843243805293 13.394457482911724 13.70697818169031 13.932809113363485 14.089586605941324 14.190981527963213 14.246617641423866 14.262057389037787 14.238806822738358 14.17430692828482 14.061904043891412 13.89082153038881 13.646182296899633 13.309151388000139 12.85727459046779 12.265080280683316 11.504990358608834 10.548567383463062 9.368146202802121 7.938953290167265 6.241833777261113 4.266480576615006 2.0146024396220423 
2.0684161854019187 4.320717757387282 6.28810726814338 7.970283883395126 9.379845549141791 10.538468477909252 11.473129439852855 12.213075722679323 12.78764719345624 13.22474308091943 13.549731940451293 13.784689742065959 13.9479089307266 14.053626560058788 14.111909471421557 14.128629704840613 14.10547127327485 14.039929822743563 13.925295710722464 13.750643416122461 13.500880257218522 13.15692955664649 12.696132920752186 12.092950699518122 11.320020903532244 10.349612929451151 9.15548932665018 7.715157321252955 6.012412863703173 4.039924727998223 1.8014030720035317 
1.8310724972489167 4.069586640197355 6.036925043723974 7.730104871558547 9.15771465632291 10.337419937297131 11.293077206111775 12.051989832853671 12.642577459751113 13.092529605266062 13.427418113034607 13.669717050558292 13.838170028991698 13.947434389737142 14.007921722999372 14.025753498211884 14.002762920817108 13.936498436295341 13.820216706276682 13.642888211303529 13.38927123355417 13.040134173245166 12.572716899393573 11.961515760096253 11.17945353903192 10.199457287240193 8.99641581725321 7.5494226121169445 5.844125128056529 3.8749038297396563 1.6465263873833451 
1.6612525856890792 3.889410244539464 5.855403823043931 7.554801884885721 8.993854667134825 10.187695779675808 11.15801553188199 11.930596211001054 12.533002393657565 12.992603099872166 13.335006698647202 13.582920622353448 13.755399402408347 13.867410818899607 13.929631209467416 13.948378746297738 13.925607398960254 13.858911306393214 13.741524617116069 13.56233995839002 13.306003660177227 12.95317167011822 12.481021017988516 11.86410314099457 11.075595125273399 10.088954017824207 8.879912280271782 7.428676734896973 5.722119815102275 3.7556961109636386 1.5347989996780442 
1.5402292649559721 3.760872484313178 5.72555279112109 7.428939094250332 8.875763420388868 10.07944598820412 11.060141642786704 11.842497799079647 12.453402340058195 12.919944981799075 13.267737395690599 13.519654725256261 13.69498856842313 13.808948334263757 13.872418361925334 13.891872170817622 13.869359329327999 13.802509454575278 13.684535815142123 13.504261769736548 13.246230613810399 12.890986879493704 12.415628189118387 11.79471548728359 11.001592239733862 10.01010102751539 8.796606992848725 7.342157597214312 5.634547656127076 3.6700358302516514 1.454481933337483 
1.45365148739962 3.6690639427524747 5.633211602472183 7.3400228036369075 8.793005659699505 10.004222447028484 10.992639908767796 11.782062353669106 12.398915395462874 12.870145408081994 13.221436287865899 13.475849734288648 13.65290097558451 13.768011181530596 13.832238832334037 13.852183378828334 13.829969384196643 13.763250619327867 13.645214222147692 13.464608511099277 13.205858042529965 12.849359342539255 12.372063105069673 11.748436027240405 10.95185192488585 9.956386910861738 8.738897704409505 7.281170955777239 5.571879397366476 3.6080945435345706 1.3961821864411113 
1.389976607208261 3.6020106028589787 5.567056555604286 7.278131191393862 8.737368613772114 9.955438603006613 10.950231659050681 11.744928026572065 12.36574490813407 12.839709909863243 13.192740444514108 13.448177890608132 13.62579899743021 13.74123860865151 13.805713489026179 13.825929012157458 13.80406844585293 13.73779920001348 13.620274022796972 13.440151415653391 13.181702623158383 12.825106051306635 12.347046167799046 11.721723575172819 10.922336182877842 9.923001254098454 8.700962068181953 7.238795448247993 5.526274865327208 3.5616062280672014 1.3519374721511377 
1.3390623933616201 3.5493424233943727 5.5176734013108035 7.235520415450896 8.702922305514402 9.92869555652236 10.929582023499725 11.728372763834182 12.351443595193775 12.826256029517493 13.1792244340998 13.434130667992529 13.61108980691781 13.725971912362972 13.79014499462015 13.81040434236017 13.788978349207895 13.723540386039815 13.607202973297222 13.428519296429727 13.17156341684129 12.81619915220029 12.338671394718636 11.712652275973719 10.910833512906052 9.907056997278488 8.678798717371317 7.209603850596601 5.4909219366910245 3.5229134518288485 1.3142056593010023 
1.2904681484845129 3.5007351867336673 5.476594902426737 7.20635494982073 8.686245770395159 9.922205471696504 10.929706660784305 11.731611533299333 12.35509410997378 12.828602589085717 13.179428706428826 13.432010766617767 13.606897355410776 13.720215991043888 13.783473916829122 13.803536271287996 13.782663005972791 13.71853093335956 13.604216253945031 13.428162916934212 13.17421086668978 12.821802718938113 12.346522829833336 11.721139976084888 10.917307191677576 9.907989402426939 8.670490447033481 7.189512332351922 5.459275654138806 3.483666441990716 1.2744287383249562 
1.2307305750605533 3.4436178640963075 5.435239825940001 7.18689944276817 8.687194393917999 9.937561942594114 10.952471860336832 11.756041231397287 12.377380213451968 12.846743247688508 13.192787265470272 13.440843061124767 13.61197022194256 13.722548705114393 13.784189624349345 13.803793726012014 13.783635556211603 13.721400621039907 13.61015151909326 13.438247425190022 13.189289809896765 12.842216259040093 12.371713359901925 11.749165115930461 10.94438253960668 9.928342784276548 8.677030835059702 7.176082278114497 5.424153965095024 3.4327159366804945 1.220493962354243 
1.1381346797962126 3.3588350480925735 5.384197271109183 7.177008974380809 8.710986775819405 9.981000620823085 11.00315119393144 11.805362884808645 12.420495309574848 12.881676223854917 13.219446515378634 13.46020906810173 13.62553679164622 13.731992790419351 13.79121207401705 13.810071931737005 13.790837690681512 13.731219100233064 13.624316238186381 13.45847621219473 13.217125478590889 12.8786909337883 12.416782293028545 11.80088577105258 10.997915382400963 9.975065915828921 8.704475426054112 7.170106689520864 5.377145424560083 3.3519141712536826 1.1316408363699966 
0.9669116021460238 3.2139381325893805 5.313124771877388 7.187211901333436 8.771833715717701 10.064902265022274 11.090754847006075 11.885390549850618 12.487785746627914 12.935048021368862 13.2599674589594 13.49001347027365 13.647122548927515 13.747866725135841 13.803760929548401 13.821566840740468 13.80350740006373 13.747344056576202 13.646301094587592 13.48885276356903 13.25842115802866 12.933070563767139 12.485340465808793 11.882458660967224 11.087344315853493 10.06105523628974 8.767631023677545 7.182773309807531 5.308604014192893 3.2095107876620093 0.9627610833073791 
0.6286143731537868 2.919258744775738 5.245994717093628 7.249577044077234 8.896892936059006 10.20854338202818 11.227570378674066 12.003260664883694 12.583009156568378 13.0085800197233 13.314919257111857 13.530203117684513 13.676350784116178 13.769633392682836 13.821228586446301 13.837655372689246 13.821051445052435 13.769268877433408 13.675779534923965 13.529398884718345 13.313852289349395 13.007221544908157 12.581336743308912 12.001264052750022 11.2252571419831 10.20594361470846 8.894062079761223 7.246596125257604 5.2429675820486725 2.9163070854041755 0.625849747567312 
-0.6585081256902414 2.6056714296965384 5.268486925082383 7.426364378881506 9.126932781747112 10.43661124957624 11.427229006092261 12.165769904929148 12.70914389984869 13.1033013613793 13.38440978083141 13.580479455861951 13.712756821941186 13.79676772155514 13.84307304946953 13.857795658572659 13.842938208843549 13.796490373514583 13.712322479360731 13.57986851968611 13.383600110751662 13.102271642947308 12.707877628652167 12.164259676426429 11.425480684657895 10.4346474991007 9.124795385731293 7.42411482643817 5.2662052912438195 2.60345480524106 -0.660524790319004 
-7.120732242983035 1.0336076366585496 5.609895175560609 8.596297492835937 10.527802041432249 11.754713075731283 12.530869842468025 13.028660505379566 13.355106676117407 13.573011955825981 13.719229273016335 13.816466591945723 13.87953991774442 13.91833910403373 13.939235299299568 13.94580437541029 13.939198309309393 13.91826271709562 13.879419565546526 13.816296046037014 13.719001389331366 13.57271954200415 13.354743182719094 13.028220268934936 12.530348172528264 11.75410748316359 10.527116073185462 8.595547240835234 5.609116141386846 1.032863425221872 -7.12124671472921 
-7.897248315595382 0.05494766214610047 5.692412945357388 9.234293895872225 11.33846082763247 12.518351455487128 13.156309006555574 13.501138175654061 13.694495021996882 13.808857251959777 13.879403760964063 13.923644357576164 13.951104661162969 13.96742598623188 13.97600092867057 13.97866270349367 13.975991785340632 13.967407034808133 13.95107463792243 13.923601545850385 13.879346212378753 13.808782843701296 13.694400327546871 13.501014295524673 13.15613427990631 12.51808661204738 11.338058480263191 9.233728999454652 5.691724706134724 0.05426483659155226 -7.897752363119812 
-7.952062236791618 0.10347447632300501 5.948542009062134 9.690495255025109 11.833663926135985 12.9490138407982 13.485927730938814 13.733909082132078 13.85011724284681 13.90847272764038 13.940408509689508 13.95893862007002 13.969859827759398 13.976112745249614 13.979312530793022 13.98029226015941 13.979310500274893 13.976108522217649 13.969853105250081 13.958929014589977 13.940395786961544 13.908457089753632 13.850097669296245 13.733872112044635 13.485816565048333 12.948689827858619 11.832909698675458 9.689126003073662 5.946599683451659 0.10137622681069121 -7.953655088924082 
-7.488412868871235 0.7481567462415425 6.544497662555404 10.194156007732225 12.216591016663957 13.206346815432857 13.640091910715938 13.81529982398172 13.88426839673512 13.912953811990333 13.926388267315563 13.933430426263001 13.937332824853716 13.939478646088475 13.940547167277622 13.940869701727683 13.94054676631005 13.9394778093667 13.93733148265655 13.933428517020165 13.926386157051086 13.912954033441974 13.884277934498725 13.815318151630107 13.640034198028692 13.205864156540937 12.214956746242533 10.190513387285485 6.538659069847438 0.7413135981027337 -7.493704060915396 
-5.987834973849564 1.9544745274331816 7.50524750533988 10.848218142885056 12.57780419416196 13.348130934979242 13.646231588653423 13.74878140604542 13.78181786687572 13.792807095508962 13.797039105762153 13.798989285263119 13.799992260294758 13.800518571000534 13.800772611458845 13.800848041340354 13.80077255734772 13.800518458614617 13.799992072545429 13.798988966380588 13.797038953768821 13.792811515830756 13.781849957278961 13.748902308414277 13.646466736602655 13.347992787694102 12.575383876463345 10.840453011620928 7.490152159972725 1.9349441689369375 -6.004250959828334 
-4.824249463104728 2.7769534360407975 8.03430913570696 11.050358976382217 12.501743850930469 13.088514224754297 13.287570140713694 13.344752037605415 13.359214818133584 13.362803333450007 13.363855966111958 13.364262063979185 13.364450615287387 13.364543149106174 13.364585786361133 13.364598129176397 13.364585782870584 13.364543144219953 13.364450604634197 13.364261929886608 13.363855593775742 13.362808167206426 13.35926997664091 13.345043839604774 13.288514186469763 13.090265186211061 12.501498850349396 11.038727706470372 8.002848748289528 2.7282953153177405 -4.866857968451081 
-4.782447640778142 2.6943014618059955 7.570997680233485 10.221789733696072 11.437043358135925 11.897532924480117 12.039350831054444 12.074345841980927 12.081261045252312 12.082435782100024 12.082663546201605 12.082733009209344 12.082761555568592 12.082774336002906 12.082779877973836 12.08278143351132 12.082779877632381 12.082774339265555 12.082761566385095 12.082732845591742 12.082662571081466 12.082440422827004 12.081347286807711 12.074906942557496 12.041631776407018 11.903807060884482 11.448092532952057 10.221664056669757 7.5127283204824815 2.5826670750572265 -4.9011192946404885 
-5.524734410911355 1.549828948843888 5.586153707603503 7.751831689597042 8.731119199002695 9.091465953620176 9.196696540456571 9.220224812303336 9.224028125429385 9.224436904569691 9.224470505740937 9.224478761345715 9.224482320036595 9.224483656304605 9.224484165831784 9.224484303255089 9.224484165371626 9.224483660112224 9.224482341035074 9.2244785836097 9.22446898620554 9.22444039232864 9.224138024966535 9.221047549048787 9.20048735316316 9.104022548660287 8.76177309040443 7.809913469873226 5.5861466113293385 1.232935773063305 -5.773502107963912 
-5.258085754224931 -1.416698835805561 1.3215308738968037 2.919549330659372 3.6553741554400747 3.925668008825459 4.0030904543039805 4.019610699422954 4.021981754196202 4.022145286464933 4.02213781460201 4.022136905320331 4.022137448360231 4.022137578499984 4.022137599725679 4.022137605246192 4.022137599172071 4.0221375819009895 4.02213747381848 4.0221367465405455 4.022136103366945 4.0221472388812956 4.022094118837571 4.020528572714313 4.007652748181575 3.942125552273827 3.703135232587949 3.0309933215798623 1.6385559915783372 -1.416490680235196 -7.4454007922058665 
-8.069631671599751 -7.430316815317631 -5.687920697661844 -4.613469800492304 -4.10734357276012 -3.920665491616218 -3.867358268236376 -3.8561334149846136 -3.8545855164942124 -3.854499887159515 -3.8545106950403274 -3.854512181214643 -3.854511954355228 -3.854511914146697 -3.8545119187032637 -3.85451191972128 -3.854511919156303 -3.8545119116501003 -3.8545119333893796 -3.85451229758935 -3.8545120740038126 -3.8544988465072407 -3.8544980833473743 -3.8553932314387613 -3.8635919051658383 -3.9065369185188916 -4.065479852668557 -4.494939523645995 -5.439104503809872 -5.241362854713971 -8.068267674874637 