Step: 4140.0
9.472749573542893 9.262296809836439 9.835087949863288 10.42348940046015 11.0817493632252 11.739285989255261 12.362528071116435 12.93327314517912 13.441866624253473 13.883183566041835 14.254555926451085 14.554629921762807 14.782708236446597 14.938353008053118 15.021136005186197 15.030476198298318 14.965532173398417 14.825130997757412 14.607722766586438 14.311354562617415 13.93366107505679 13.47187355057313 12.922856812287199 12.283200986053854 11.54943359531062 10.718493648809083 9.788933577532054 8.76228312825142 7.659964361362588 6.297453927334829 6.384952822054415 
8.80510208155062 8.22966312794668 8.674199599232379 9.37804240932864 10.12067505567433 10.850061442844902 11.53499290659936 12.159206721369657 12.71393562738662 13.19452354010188 13.598568161897244 13.924879168874558 14.172863260182442 14.34214496348454 14.432323434291675 14.442811768128843 14.3727291786862 14.220828958797357 13.985451929390749 13.664499045953152 13.255419831622575 12.755216973067595 12.160473960140948 11.46742634255431 10.672125903078827 9.770824824542716 8.76075086842217 7.64311020084168 6.41669821206429 5.254261472179162 4.455540589822323 
5.786058507686309 6.5163640853290135 7.362890775545781 8.257452469390559 9.135674893148554 9.962412036963082 10.722644879068566 11.407538900082008 12.012178561322441 12.533956557185792 12.971616621694173 13.32463813272436 13.592833124692893 13.776075152426742 13.874112580823526 13.88643804519394 13.812197006347155 13.650124634734595 13.39850369980631 13.055137982875234 12.617336843057638 12.081907632231905 11.445154339171626 10.702883722546193 9.850425830596693 8.882673455486689 7.794251307331264 6.579059777070682 5.24067744976551 3.759477921163243 1.6881119022426128 
2.5536669323355987 4.621048857639344 5.968900343780729 7.1205952854758054 8.155825434426218 9.09274927548714 9.935371148475733 10.684780510141108 11.341267597888509 11.905110572994454 12.376712839480142 12.756543486648283 13.045023307618113 13.242408626857129 13.348689715580084 13.363508117060576 13.286092760372881 13.11521299611653 12.84914565586509 12.485652199571488 12.02196064138407 11.454744827140726 10.78008975862914 9.993423362281249 9.08937408317572 8.06146743262177 6.901361031807799 5.597509516935189 4.125658277817205 2.4033530691077143 0.3531410851210345 
0.9541069954674825 3.0152187004730027 4.674327642260059 6.037957103125595 7.219519399517728 8.262592185893718 9.186129903341484 9.999241651273286 10.706900406323484 11.312162297332513 11.817120127196636 12.223294975552115 12.531778556355205 12.74326427095135 12.858031381952346 12.875913187031887 12.796264062840073 12.61793193807815 12.339237798921163 11.957960175630767 11.471319027415191 10.87594891993991 10.16784404006559 9.34224336942443 8.393394402736345 7.314058520241463 6.094482172683344 4.719682619670153 3.162678564922107 1.387718608029499 -0.6367922636587305 
-0.20446878289464618 1.8334654439581397 3.5760408084346924 5.067482437618867 6.359472921466429 7.491963347047039 8.487574134556938 9.359267774616223 10.114843324343795 10.759302994431936 11.296047465559788 11.727475932553007 12.055275418833304 12.280549099297282 12.403863187081873 12.425255534086906 12.34422940446127 12.159744582687475 11.870210828084923 11.473483434431458 10.96685592033227 10.34703948189488 9.610111206277969 8.751400493262034 7.765260234131576 6.644630666641274 5.3802135004245955 3.959110835020137 2.3647035770475724 0.5797966994521045 -1.4049552957444817 
-1.0872706725323675 0.9098799573921449 2.677280964060725 4.230205590915803 5.594364529047082 6.794472273768887 7.849338880137945 8.771684348982035 9.5700295908938 10.250208586532548 10.816334805846843 11.27136498621816 11.617409347461154 11.855891033804488 11.987620649523993 12.012826716015537 11.931166730669258 11.74173291964855 11.443059427689963 11.033132079909025 10.50939699026827 9.868759434384456 9.107558923076589 8.221499915999521 7.205511420978007 6.053509066586225 4.758087588423643 3.310485371171988 1.7014912079663074 -0.07593836658915622 -2.0227467437280593 
-1.7862562805493527 0.17103187216711635 1.9386381557877694 3.5204305755950367 4.9281456495825955 6.17596622782987 7.276800345317498 8.240905840542494 9.075962670071002 9.787654365609738 10.38020945468393 10.856784775135077 11.219703006196793 11.470585800806942 11.61042146756756 11.639596950119778 11.55791467773649 11.364607249384282 11.058356810241339 10.637320988027705 10.099163022686763 9.441080101583006 8.659821199895221 7.751685319244975 6.71249707312372 5.537581699528935 4.221836746677926 2.760109744515923 1.1481630591480776 -0.6156709928067164 -2.5284727596997287 
-2.35113354204513 -0.42980300424445844 1.3284279679601385 2.9221063888269576 4.355526174344388 5.6359485979016535 6.771294051286979 7.768796197174295 8.634516556635166 9.373343467639813 9.989160597621382 10.485018134871623 10.863254918054778 11.125569686328912 11.27305626751078 11.306219913184433 11.224989203741872 11.028733699434978 10.716293198098843 10.28602053604751 9.735836523917916 9.063293138726317 8.265640267773803 7.339893926860114 6.282913778648683 5.0915213652371545 3.762728224155982 2.294177188048599 0.684880867196392 -1.0637729144298271 -2.9469735796706655 
-2.813676352557805 -0.9236508839955253 0.8219066883685135 2.4188906855369985 3.8673543180987595 5.170070963343758 6.331157539866266 7.355077195586084 8.24607603905596 9.007942542625326 9.643939805699542 10.156801504408536 10.548736298363803 10.82142342214748 10.976000862904165 11.013054299330372 10.932615750744763 10.734179055879952 10.416736553864812 9.978838460781253 9.418673850283087 8.734170286395258 7.92310876070931 6.983252988633607 5.912499243263988 4.70906567591792 3.371754848097512 1.9003275021703379 0.2960018683464214 -1.437967942652204 -3.295758894377645 
-3.195956354213539 -1.3327272427789576 0.39983155361740697 1.9961629219690584 3.453713618904325 4.77221850851294 5.95293258721294 6.997979662026525 7.909884098541719 8.691268636884262 9.344665077588358 9.872387014527119 10.27643280804667 10.55840553214963 10.71944846057708 10.760200100976233 10.68077416534522 10.480769099306602 10.15931005290598 9.715124085113402 9.146647295916164 8.452160756447235 7.629950954248223 6.678490584692458 5.596637499497362 4.3838533384811695 3.040446737732752 1.567844557572929 -0.03111663230912282 -1.7519080028244904 -3.5880876079907478 
-3.51449015746844 -1.6739462519912292 0.04680239733925209 1.6412771005181992 3.105114013311299 4.435802461437692 5.632345271225885 6.694903585335616 7.624465973331646 8.422557856858853 9.090991774807788 9.631653476496675 10.04631982282731 10.336507724653899 10.503356126125231 10.547544438310595 10.469250964393309 10.268154149757908 9.943478284680133 9.494083770315743 8.918600280777515 8.215599079082343 7.383798289159982 6.422291986975597 5.330790514950773 4.109855705810731 2.7611117035275137 1.2874116424980115 -0.30705531371958056 -2.0167226737514747 -3.834665288237278 
-3.7825565852586083 -1.9610361601262851 -0.2500158614606971 1.343257609860342 2.8128895299691172 4.15445004425636 5.364996962053316 6.442981185857392 7.388046285290449 8.200759166816255 8.882313935114658 9.4342427470373 9.858155547185094 10.155521191018533 10.327496812469018 10.37480934028866 10.297691517940509 10.095873831792893 9.768632960831205 9.314896433667972 8.733401821340973 8.022906616323379 7.182441370988208 6.211592866987344 5.110795168318981 3.881594563058175 2.5268430406731786 1.0507728048746652 -0.5410776063270533 -2.2420722334003376 -4.044754407189892 
-4.011741376260572 -2.205997615555153 -0.501902786643972 1.0923809157274285 2.5692847963501393 3.9223918208625754 5.146852956823231 6.239538145636199 7.198926563541282 8.024818663861394 8.71796705185432 9.279699236383735 9.711575219450067 10.015100951768327 10.191506561115917 10.241592395599419 10.165643466500297 9.963412094820212 9.634168474875002 9.176818828231358 8.590090281744825 7.872779914341454 7.024061619588788 6.043836969076021 4.933102752889348 3.6942856278915293 2.3314661210096648 0.8503952405483278 -0.7417705534549753 -2.4370035039415887 -4.227060699323633 
-4.213230661268084 -2.4203346244664936 -0.7194585026518941 0.8797796932024892 2.367485331520739 3.734762725739065 4.974651030330069 6.082495196899646 7.055822719852666 7.893937060961873 8.597411399141631 9.167593340209514 9.606170365316515 9.914815192375183 10.094916011241843 10.147390678534821 10.072582197779324 9.870233084644264 9.539537399358345 9.07927057644468 8.487998059038866 7.764363437658079 6.907454263706294 5.917237077213159 4.795038598690753 3.5440199638063037 2.169532040188532 0.6791705730410095 -0.917672428995955 -2.610819979787832 -4.390644702205228 
-4.3992618808824995 -2.61639957901192 -0.9134691086689796 0.6971589299344517 2.201784809840779 3.587995361010262 4.846341589621947 5.970757221597095 6.9581700358559075 7.807789473196726 8.520379015203043 9.097611880211106 9.541538353655977 9.854167328165492 10.037155920296389 10.091598786416181 10.01790947889192 9.815788476654928 9.484275619324661 9.021887962714478 8.426846988935404 7.697401075068577 6.832249466923436 5.831071489308981 4.695156089184671 3.428101780427622 2.0364884745760516 0.530215670272906 -1.0779701052608084 -2.7742012831631193 -4.54613905262562 
-4.58532458358562 -2.809278750792547 -1.0958545555956531 0.5368411020993293 2.068153113728683 3.4804925431334715 4.761637634263444 5.90461109085288 6.906390170142865 7.766691846746165 8.486966677707716 9.069599464857339 9.517288894545958 9.832580076994825 10.017527925703746 10.073473222809145 10.000917460567571 9.799487484571708 9.467986474929692 9.004533499219308 8.406799295722266 7.672350738432328 6.799120543791256 5.786022655267016 4.633737965934538 3.345697350395405 1.929264113973633 0.3969840688029885 -1.233332045005906 -2.9409416651309717 -4.707798940591414 
-4.794228076091701 -3.0202257888898463 -1.2804218972986 0.3927101688661841 1.9657614116136837 3.4136946885512036 4.722671041453901 5.886099611404178 6.902087355525019 7.7716868420503395 8.497653695743066 9.083534859927168 9.532995877225048 9.849333194403997 10.035134325159296 10.092057827026851 10.020712428558102 9.820622297740282 9.490273667154112 9.027246486632777 8.428442979187409 7.690432607344236 6.809940340502338 5.784514310876044 4.613425965595375 3.298893949455176 1.8478103329000253 0.27425764634353034 -1.396583173683538 -3.131281619128907 -4.897465952684138 
-5.067993143675435 -3.2818788334204045 -1.4833286863431403 0.26514922365484456 1.8996004910932904 3.3934006254806675 4.734601355579667 5.919269983608426 6.948111647763302 7.824511237168826 8.553220949117573 9.13942774981575 9.588085828487538 9.903450057319795 10.08876438521046 10.146068631489968 10.07609610138786 9.878244604172686 9.550614622717015 9.090119911439471 8.492686998704949 7.753570292983078 6.867818544036779 5.830938072099668 4.639816233789234 3.294019639083166 1.7977324162154282 0.16310691171896272 -1.5831148660088095 -3.377051358574705 -5.156365371060841 
-5.481367399114226 -3.6711907845039695 -1.6976635918411134 0.1683392680328486 1.8833271309241457 3.430727887840183 4.805875302267407 6.01014795646711 7.048414370678093 7.927405555462069 8.654550188474477 9.237125359305383 9.681658999255639 9.99353327464138 10.176739747005215 10.233741531867642 10.165407124087633 9.97099344509042 9.648170189015682 9.193092525079008 8.60054381383077 7.864183031780095 6.976941229223391 5.931615957188938 4.721714227431463 3.3426077307509727 1.7931471335521931 0.07819983923440896 -1.7855153495872236 -3.754458616566185 -5.558555444689698 
-6.623863885942121 -4.102200338948798 -1.8763349675218515 0.1354286132483907 1.9398847225582305 3.5419004923733697 4.947824727195682 6.166312675671028 7.2076405531901555 8.082739768009782 8.802291836845878 9.376025872733562 9.812245884246014 10.117556040536586 10.296727899481118 10.352652472283625 10.286331692188618 10.096880970497514 9.78153306519633 9.33565220130134 8.75278605215668 8.024800560239198 7.142154616652676 6.094370823816697 4.870734534719352 3.4611940831453936 1.857320312160767 0.052985430008745046 -1.9564606532193334 -4.177575491064285 -6.69134541434327 
-12.306600275350382 -6.383241905198638 -2.7372513790630943 0.09628442482805084 2.4009015667586517 4.296355036194988 5.853236809214247 7.124495133111755 8.154143476735655 8.979434646148706 9.63123135938275 10.134169754408074 10.507056382010507 10.763491307857164 10.912565436620365 10.959472541232035 10.905920033019058 10.75027382000546 10.487416775528674 10.108340228539774 9.599532461270499 8.942280427989562 8.11204600645291 7.078072386522131 5.803232769125859 4.243683955155016 2.3467269723720956 0.04214327413884007 -2.789228780972312 -6.429748820440306 -12.338960441800184 
-13.45794986285334 -7.903379130951547 -3.476966261865191 -0.07313738603005547 2.6080076529868235 4.7263733501386165 6.39166171416396 7.690234863295451 8.694084424301442 9.463097985037122 10.045620754989733 10.479092837117948 10.79117736762658 11.001229933037122 11.121799092028889 11.159877754887184 11.117718333849297 10.993114580631499 10.779120817224747 10.463236303848722 10.026150820498845 9.440238912453516 8.668086052205878 7.661364089003079 6.36021725726875 4.692754231219358 2.5728642708176492 -0.10866187179312797 -3.510912735606146 -7.932430125818145 -13.478230376265069 
-13.968690400846144 -8.509824547333489 -3.9416905623235445 -0.27225853266938493 2.6125550073933703 4.8496059989301035 6.558411066851938 7.844474333943278 8.799596919415643 9.500887236295654 10.01018818681697 10.374671724765767 10.62849654450659 10.795031144196356 10.889094708753076 10.918795140674044 10.886710733205422 10.79029541370491 10.62147355192317 10.36545603615939 9.998895828580668 9.487635975471632 8.784473295133497 7.827493935798936 6.539498417277012 4.8286525904455875 2.589628474346965 -0.29652870083854227 -3.9656685022262854 -8.530772877438626 -13.983356135391661 
-14.13213561692871 -8.727730616262404 -4.203508316328756 -0.5066702701736461 2.4147167112260184 4.656297875679311 6.332242415707284 7.5564346320246525 8.432922472878163 9.050344556102717 9.479542391539699 9.77382710918335 9.971057299288649 10.096552529625267 10.166008032831046 10.187848888011136 10.164723277772119 10.094010882888842 9.967315219477868 9.768967976008394 9.473666192016651 9.043540213049035 8.425213743224433 7.547695647980303 6.3220970578059585 4.64407637011782 2.399658657818433 -0.5248143503503693 -4.223603342836998 -8.746809247498694 -14.145915060591303 
-13.80606016094782 -8.77459172242302 -4.429567799513796 -0.852175909262931 1.9682779386870548 4.106794439871095 5.6716483521308545 6.780378748780658 7.544046963208847 8.05792771914437 8.397501785625906 8.618515652573974 8.759565460506924 8.845721563525489 8.892072445794051 8.90651773475985 8.89150518773113 8.844616297186644 8.75798411294961 8.61655599913526 8.395292411314603 8.055601921591554 7.541677837763507 6.777853497812984 5.668460458744576 4.101748318534403 1.959338982557558 -0.8670290341393363 -4.450455828389521 -8.797652427922417 -13.824308057400321 
-13.692712834491969 -9.057368244606403 -4.97351085143367 -1.6164774382795082 1.0137793594543631 2.987864538565205 4.409071707576467 5.39282165057074 6.049901648796004 6.475521197786983 6.744484528014142 6.911177286188055 7.012461258421514 7.071687668861704 7.102546877320485 7.112044491789781 7.102323531003616 7.071274216653005 7.011931049857982 6.910654015848424 6.744147860364192 6.475593987103869 6.05059775133421 5.394222945757592 4.410878214184158 2.988917703866283 1.0110471789770654 -1.6285405658872794 -4.998240095585837 -9.091082149436984 -13.7213300032971 
-14.266594815289924 -9.931858944545002 -6.251683786715752 -3.267673547403058 -0.936640362920207 0.8034195458759025 2.043059106444048 2.887080964871648 3.437887754284443 3.7839140763099666 3.9943672976850357 4.1190446371027365 4.191180753631042 4.231425914793471 4.251632031081126 4.257747662186466 4.251573291172133 4.231346372787777 4.19116674028097 4.119249182927453 3.995030156385244 3.785372787789699 3.4405641420605417 2.8914200656908062 2.0493753573656392 0.8114786030936523 -0.928703375087819 -3.268922996582748 -6.283025913272423 -9.988183302821518 -14.325169732042959 
-15.229331716893638 -11.349352720340177 -8.341417462430664 -5.8720083851419735 -3.9264504558795053 -2.473066261873919 -1.4430424304372602 -0.7491641392398517 -0.30366826660409346 -0.030087531029777553 0.13138599487759617 0.22351220813732783 0.2745232401010424 0.3017123230137835 0.3148432211910664 0.31874138795929957 0.3148554517328566 0.3017766627224826 0.2747323253643678 0.2240358278467872 0.13250375106757978 -0.027950207215684964 -0.2999044450228204 -0.7429456962520653 -1.4332613935558727 -2.458221910609799 -3.9049502511698555 -5.841997446133736 -8.341278388888695 -11.494942395304065 -15.339978403404269 
-15.56589435826605 -13.431285327904746 -11.311545120481405 -9.435031182832502 -7.926876176208753 -6.7939910156982055 -5.992171627202977 -5.455189428134064 -5.1138891094410015 -4.907369852886467 -4.787933237004757 -4.72159286753367 -4.686059649652285 -4.667808079878553 -4.659286167965599 -4.656801462575583 -4.65925159038035 -4.6677022671153585 -4.685796381776193 -4.72101090779333 -4.786759117810895 -4.905168753405554 -5.109996732836746 -5.4485952960920105 -5.981259990720289 -6.775926074053983 -7.8955798916730515 -9.379257847206796 -11.164188113175495 -13.42910587851546 -16.590672104574615 
-17.058007694168325 -16.55242021598673 -15.15854732680321 -13.866086927867917 -12.811616189358785 -12.01661996345849 -11.453884241172098 -11.077779711166228 -10.839644001010312 -10.696380827973126 -10.614201644620623 -10.569058602750461 -10.545220968009376 -10.533178221720881 -10.52764386309398 -10.526044440453367 -10.52761335902542 -10.53308969954231 -10.54500941366753 -10.568601527455355 -10.613289042006299 -10.694673463984852 -10.836611312832915 -11.072585329385445 -11.445127468602035 -12.001610478572553 -12.784689131688353 -13.807708581114246 -15.0462926016715 -15.519583714745595 -17.052069804730838 