Step: 1710.0
11.573942173816148 11.438874556310092 12.01285070640393 12.62131375380953 13.270712605010802 13.889320943661202 14.446711391152869 14.930637579361422 15.33881466241958 15.674134463563963 15.941990136860959 16.148636808995153 16.30012322269356 16.401565061002852 16.456642521104104 16.467257802342445 16.433315544284863 16.35260511706723 16.2207742483883 16.031391318131096 15.776099852062542 15.444874345129131 15.026393993130425 14.50856634432467 13.879272853704853 13.127499946001667 12.245386048585079 11.231143027040082 10.107620293062915 8.74407018961951 8.746968597276776 
10.94721598426859 10.515590051449848 11.03215990895433 11.762862438980877 12.49894306322283 13.187488714092918 13.801781828742852 14.332295905299773 14.778388178642283 15.144163105298931 15.435999305213093 15.660982720364736 15.825852440614037 15.936266837548315 15.996287886379402 16.00802600482952 15.971411277559875 15.884071158727805 15.74130464545397 15.536150427859646 15.259552328848892 14.90063008055388 14.44706889735743 13.885652200293107 13.202988672350102 12.386566015554004 11.426353175788302 10.318750156764555 9.063688835986836 7.820738040637398 6.859214151260921 
8.042727052724672 8.937556787610239 9.885425005168718 10.826127469120562 11.704013633044399 12.490538483424949 13.177008345309739 13.762524162497156 14.251217440974228 14.650065082535978 14.967347543231902 15.211502298178635 15.390263788014995 15.510018534179304 15.575329595547611 15.588599364258 15.54984954373056 15.456604777398546 15.303872929609028 15.084220478934602 14.787945351015697 14.403351232399844 13.917126771752876 13.314830334748535 12.581477393191676 11.702211996865403 10.663100895466545 9.451219520396258 8.062914462000709 6.468789936719226 4.21200086362107 
4.948088891129101 7.196104253651399 8.662453005063057 9.874039546342873 10.916526422060695 11.81522130276107 12.582159847799591 13.227507071369015 13.761552075687682 14.195001582001648 14.538561150840657 14.802340981070992 14.995270686630308 15.124593258372926 15.19546053398052 15.210633313311014 15.170282402947096 15.071886035863681 14.91022109788121 14.677448193983254 14.363291869693123 13.9553153636568 13.439281871010945 12.79957774559452 12.01963754524501 11.082237251290044 9.969260975196756 8.660484071389831 7.123874503356214 5.270437692160796 3.0193595999661826 
3.500197519356621 5.7555309584874035 7.5463309792260995 8.980399845155201 10.17576629941621 11.182942109134153 12.029530452935672 12.73459817759107 13.313970958586737 13.78193963679066 14.151643793181115 14.43491327082232 14.641921863846555 14.780812181077021 14.857363513474196 14.874733200443922 14.83328293780583 14.730493825325647 14.560972016487334 14.316546899573476 13.986462854151405 13.557661015363944 13.015135933404775 12.342328427187953 11.521470241844344 10.533697681736502 9.358572961206347 7.971817160575014 6.338992484158024 4.419460796118255 2.1803903568258685 
2.500565104513786 4.74606421192926 6.63186584208737 8.20266189810278 9.514064967192708 10.612795947713378 11.53044337008858 12.290539064243442 12.912458807351099 13.41317575730851 13.8078401026689 14.109798501421096 14.330371383853164 14.478556825706363 14.560747558057125 14.58050361264368 14.538400281441646 14.431960460347485 14.255676476441119 14.001125180350542 13.65717816261056 13.210303506796762 12.644943618982527 11.943931997126954 11.088875219324073 10.060371476085498 8.837842517617338 7.398817028960188 5.719470349568435 3.7784787850682044 1.566132665785333 
1.78018904533336 3.9981496889775388 5.919604679424682 7.559914809645502 8.94843955744658 10.116636480237505 11.092550693336177 11.899964251564082 12.559595477050022 13.089915133872234 13.507439768243678 13.8266760214904 14.059890969886872 14.21682705590645 14.304432857291209 14.326648791949161 14.284267810563287 14.17488147189228 13.992917953379923 13.729777248353228 13.374067096897528 12.911938575562719 12.327510869305454 11.603359857675239 10.721027165993222 9.661495381439865 8.405624518918046 6.934862696945165 5.232875852146113 3.2888233264188136 1.1017998887500677 
1.2440561760161897 3.435253585397944 5.367294144606839 7.043939468489948 8.480485989807544 9.697945509156169 10.71874361797919 11.56465079978958 12.256105740152854 12.812039467231033 13.249691490966205 13.584333629014132 13.82893842960324 13.993847248132722 14.086480562025313 14.11111706148592 14.068756248960357 13.957072964259519 13.770470127184014 13.500235827289153 13.134810310178736 12.66016544476093 12.060292989088136 11.317789584690276 10.414521229567653 9.332363143292756 8.054076164016882 6.5644854650461575 4.852191278543111 2.9118509575334515 0.7466271794798807 
0.8398114939227901 3.007868986799004 4.940490995981752 6.636007611830722 8.102282535519976 9.353563461728559 10.407598515343828 11.283575199547752 12.000845151039286 12.578117898859688 13.032858991883495 13.380764462026375 13.635285830027895 13.807216863753121 13.90435908109999 13.931278340672709 13.889159607831168 13.775764457095674 13.585496134641819 13.309578580219728 12.936356744638996 12.4517242068607 11.839679963077966 11.083010818107304 10.164093737848148 9.065822082413943 7.772683449467515 6.272038631100233 4.555621780587977 2.6211608532124644 0.473822423110133 
0.533382672065826 2.682516436358893 4.6119247273421 6.317215683394811 7.802074956840764 9.076464659796342 10.154664982954401 11.053538601938744 11.79114153228908 12.385635539093078 12.854409669855112 13.213345512720492 13.476199044202875 13.654094756701241 13.755134254387674 13.784120716391609 13.74239901331889 13.627811656863175 13.434773346245256 13.154470340257587 12.775193360507494 12.282812565489222 11.661399591681718 10.893995550159412 9.963517752707101 8.853794478441287 7.550715113293056 6.043472715604828 4.325842455816508 2.3973757666044326 0.2643182817550666 
0.30079395299808587 2.434931079962827 4.36019679108366 6.070699256850242 7.567609279112882 8.858081842915245 9.953893506313428 10.870026267544858 11.623336517330811 12.231364729350132 12.711296618093993 13.079073516746343 13.348650414421883 13.531401080786075 13.635667774284645 13.666450270291465 13.625228080222682 13.509911866473526 13.314924627134827 13.03141855963873 12.647637479757245 12.149435270471365 11.520956746246378 10.745478360611585 9.80639341456118 8.688311551172788 7.378226362779892 5.866687280461673 4.148891393110417 2.2255896936100354 0.10368944824874761 
0.12408867510179182 2.2466408771535162 4.168245102793882 5.882046305298665 7.387509433618026 8.689794560060301 9.798807507200506 10.728049111755958 11.493379524392536 12.11179409135217 12.600283253297137 12.974825434306059 13.249540989199152 13.43601790893112 13.542807172504856 13.575078278864039 13.534423801899994 13.418805013228832 13.222637027962215 12.937019239648828 12.550122430906097 12.047745352348482 11.414048659230188 10.632461620763788 9.686737073243311 8.56210481429755 7.2464478513294 5.73140683770978 4.013313210887852 2.093864833637261 -0.019513849481502317 
-0.010930253967764791 2.1029221632836914 4.0221634249865135 5.739118986118131 7.251822925714368 8.563776715847258 9.683349858019207 10.622853095378062 11.397380041089097 12.023547966628227 12.518263912562034 12.89761078779434 13.175908373902434 13.364969903303257 13.473551686827998 13.506981462197809 13.466948780648178 13.351445258520979 13.154851082736355 12.868173843321202 12.479453569981926 11.974350752823042 11.33692919625947 10.550630209347217 9.599407378784154 8.468953624902731 7.147912259590035 5.628937791958319 3.9094802354856055 1.9922189711167482 -0.114847089305192 
-0.11622289528165598 1.9913758678324205 3.9102550257629356 5.631731249468449 7.152227133199602 8.473512187474961 9.602494253202805 10.550489917231264 11.332080381779816 11.963755177080534 12.462545339742377 12.84478840089728 13.125099305957946 13.315568956614177 13.425180997087411 13.45942381728745 13.420073596130461 13.305131198525006 13.108907199575103 12.8222620078639 12.43301890377217 11.9265735624867 11.286720667120646 10.496702372326443 9.54045023499784 8.403938752181963 7.07650161580447 5.551906952222883 3.828994700642788 1.91178428995194 -0.1908543540275593 
-0.20284507274777183 1.9006740240180715 3.8221812315838943 5.5513298853924145 7.082169696877285 8.41421116497437 9.552752730690091 10.508293006084275 11.29524591512881 11.930345970385057 12.43106492272506 12.814226565360599 13.094890663078873 13.285510662099727 13.3953375786835 13.430032275694296 13.391451724074654 13.277586110496706 13.082638886537458 12.797258153625506 12.408942564410177 11.902655325938428 11.26168210877617 10.468757221609925 9.507449203841638 8.363730583366118 7.02754208777853 5.494030240297351 3.7640758002053416 1.8439046284176974 -0.2560287832939305 
-0.2825480206790466 1.8190988294251949 3.7480803671388765 5.490796381381612 7.037173548087889 8.383333303176922 9.53270324392601 10.495306701185815 11.285976343362831 11.922262232763465 12.422526978812709 12.804390578852232 13.083547249761784 13.272914937452285 13.382057751692903 13.416822598265185 13.379143347323526 13.266983181489808 13.074405207881094 12.791781320186468 12.406168438108496 11.901898002751578 11.261435970793643 10.46657090511628 9.499966947434235 8.347057077218645 6.9981128752036685 5.449999006326645 3.7068455104503655 1.778898094028973 -0.3201808375812935 
-0.37035802746519614 1.732370806566649 3.6775700175268558 5.444662881916267 7.015644919214982 8.381446255434723 9.54362193677052 10.512681319072616 11.304921704870063 11.93955820579842 12.436437642541431 12.814344411971149 13.089808995276561 13.276307821418605 13.38375115016091 13.418176373423337 13.381588571656193 13.271914273569184 13.083057233568509 12.805067281658056 12.424455979434772 11.924716593605243 11.28712993977101 10.491958052531857 9.520135483814709 8.355546356339852 6.987878819641183 5.415769906239114 3.6484514264776187 1.7040356718210365 -0.3968653658806448 
-0.48953533277750777 1.619519511470991 3.5990149088739036 5.4104991059898335 7.020904606738256 8.413562398140842 9.59019638866565 10.563971284466128 11.354346789080244 11.983352350342635 12.47301524719925 12.84365570997425 13.112804920182814 13.294546624545992 13.399133288369857 13.432774672527865 13.397535084280056 13.291305031356796 13.107836482494072 12.83685232479305 12.464263972194034 11.972560370233316 11.34146980125894 10.549042708757078 9.573353956701858 8.395068061601842 7.001153569909161 5.390014331055333 3.578424393341426 1.599518294764081 -0.5082344028141844 
-0.6864188257883477 1.4464688049424779 3.499259568100908 5.3954301056114184 7.064661224103574 8.490760468568205 9.681086530130743 10.655170326056352 11.437942440385227 12.055576194444809 12.532952811413656 12.892198771809166 13.151897915252167 13.326696748705047 13.427121173694221 13.459498731225812 13.42593025089917 13.324284632086611 13.148209091216923 12.8871623212187 12.526496554238285 12.047644263009428 11.428514933644557 10.644283191205865 9.668849361977976 8.47736961715136 7.050405564951449 5.38068706779991 3.4844794385540223 1.4321398584882103 -0.6998032448662731 
-1.0478589247975831 1.1249262904843897 3.3959664383286636 5.426032936445088 7.1708651967361385 8.631257832802927 9.82886953587025 10.794231476271447 11.560257190802096 12.158467134727974 12.617020045963992 12.959862344741598 13.206474479230106 13.371875823833294 13.466707202901812 13.49731252538063 13.46579274413589 13.370025447947459 13.203649055065444 12.956012429430514 12.612096365105605 12.15243343240511 11.55310439315115 10.785991852630625 9.819629375350944 8.621167073437368 7.1601424165838425 5.414964231955492 3.384896796650566 1.1142440541587277 -1.0578269034182084 
-2.3051018586780967 0.7699934846360049 3.361692252927601 5.55611019177274 7.376787071372576 8.859740181669384 10.048816224100491 10.989814448027285 11.725644620992403 12.29378272253276 12.725520870160503 13.046190617193906 13.275707399722025 13.42908867314861 13.516830908531666 13.54514527097776 13.51608304316578 13.427575613016238 13.273397586396362 13.043044270262465 12.721498475861338 12.288855308188586 11.719804879221579 10.983087695369683 10.041270338227978 8.851493906793946 7.368016063224011 5.5470497729107064 3.352636432046666 0.7612928292455902 -2.3129717153539233 
-8.60213571461942 -1.0468398954299063 3.3768796030189243 6.484121221608978 8.69270234041394 10.248693135388672 11.336560772968108 12.097658267112154 12.634397167198014 13.016595242044824 13.289991112563097 13.48424873787865 13.618851420305097 13.706737194634883 13.756263095551914 13.77216584166054 13.755982478946912 13.706168038966881 13.617979179486282 13.483054710920857 13.288455665557967 13.01470082213562 12.632129641338791 12.095005753903205 11.333512177467792 10.245243335317344 8.688872562303672 6.479996380434291 3.3726527416636882 -1.0508142250272696 -8.604917592354333 
-9.474140226074404 -2.147442165807739 3.310688531525662 7.043200253772119 9.535446847266881 11.14441569030472 12.15561264957272 12.784141624355277 13.178137437717657 13.430966032701429 13.597547187685363 13.709026441990654 13.783103197501084 13.830110301066366 13.856129757697751 13.864425602950414 13.856032409058528 13.829912399128482 13.782798883320385 13.708608230462275 13.597006976268325 13.430294331940464 13.177317007202541 12.783131493804934 12.154326239650683 11.142714078328945 9.5331824324632 7.040328370179091 3.3074106297120243 -2.150581412290611 -9.476427863060367 
-9.604238646921727 -2.1939695451019254 3.502379033747838 7.500747665494348 10.106278867620471 11.702744950019758 12.631202094194736 13.152952362939873 13.443830092660738 13.609500700957227 13.707847185860366 13.768649526132016 13.806907421410333 13.830338470135112 13.843033087848658 13.847043850679757 13.843001921180008 13.830275010610706 13.80680975936487 13.768515783431727 13.707676562069373 13.609292278114662 13.44357103033044 13.152579766216721 12.630530969362447 11.70140521334705 10.103770630128587 7.496721629162238 3.4970645914207723 -2.199497756859828 -9.608373115847215 
-9.246303335104203 -1.6778366506381868 4.019766400702696 7.996918363760667 10.536475499458566 12.02653743744702 12.838203025938768 13.25555199560039 13.463708614494514 13.568299400999479 13.6233059605839 13.654136001669764 13.67225561789654 13.682885833899574 13.688503116185393 13.690258681747125 13.688494037587398 13.682867358419958 13.67222746732519 13.654099249426967 13.623266298820836 13.56827122919235 13.463707723460521 13.255538961902825 12.837916440834455 12.025232220898788 10.532861052361758 7.989708468214011 4.008936219902023 -1.6900500484820933 -9.255650128568085 
-8.02317101287757 -0.7372652790091571 4.786496612936074 8.549585177409087 10.853610238788919 12.126207199970228 12.765111082067051 13.060706207778606 13.189993138175199 13.245787857350278 13.270929419639875 13.283302716836092 13.289946726909386 13.293635070833949 13.295524225414201 13.296106558095982 13.295522294294665 13.293631149789553 13.28994104232036 13.28329768240227 13.27093671675073 13.245845969630466 13.190189318925508 13.06114559736435 12.765672789568836 12.125851659017 10.849510550477746 8.537869878154728 4.765279387413356 -0.7637255797606651 -8.045046052830086 
-7.154404077810748 -0.2193694455949429 5.041073444032879 8.518818033042752 10.556955358125078 11.620686099404331 12.115959279340496 12.323154350560845 12.40248832475746 12.431413980566136 12.442181827569753 12.44662685789733 12.448732276178132 12.449817080257965 12.45035039824534 12.450511807804718 12.450350098050217 12.44981645779248 12.448731590848709 12.446629080926447 12.442204185030489 12.431524847635078 12.40288463871041 12.324234787999325 12.11815421420471 11.623510071836215 10.556371865220711 8.504850608434815 5.005900583080405 -0.2714866450785458 -7.199652648485537 
-7.353842402783479 -0.6202607901330235 4.225462753409264 7.304366265777978 9.054968119376055 9.934571917506542 10.322925206427673 10.47347749136513 10.525073125019608 10.541087331336463 10.54587775011792 10.547429047793363 10.54803595256017 10.548316469169487 10.548447147752162 10.548485797259527 10.54844710427028 10.548316347522302 10.548035985844106 10.547432899303951 10.545909785619344 10.541255696284141 10.525731653787899 10.475499449414844 10.327881313564944 9.944043110670151 9.067623282204305 7.303953554365879 4.171491293543708 -0.721593937193046 -7.460113597856115 
-8.286320652089582 -2.0258373864379497 1.970934531043354 4.49946024033408 5.928378555312856 6.633981381470217 6.936233740860728 7.047896738444157 7.083341548081016 7.09304513560248 7.0954062025447575 7.095972392222378 7.096136358972936 7.096199991774118 7.0962275337203815 7.096235447152996 7.096227522330614 7.096199919362068 7.096136415761317 7.09597665991579 7.095444368993498 7.093258272035554 7.084226718066728 7.050815788061084 6.9441302724308205 6.6518759281462465 5.961977197544691 4.552812052877321 1.9708917317660253 -2.2931003690287683 -8.494872661472904 
-8.328539303126199 -4.912166659952282 -2.158356747316852 -0.27054779677992047 0.8152301930954792 1.3511339127218296 1.5778585114622854 1.659584117565846 1.684436730559619 1.6907380249912103 1.69206163354245 1.6923000436494189 1.6923448542874613 1.6923575438837029 1.6923625082713765 1.69236389028191 1.6923625007186676 1.6923574753618986 1.692344866076185 1.6923040212513278 1.6920994167570382 1.690957196600917 1.6853799774739733 1.6628234647268127 1.587121463901758 1.3738816836125844 0.8657405005219545 -0.16973321841154151 -1.8906697554629648 -4.911443650660623 -10.164821474390578 
-10.793757171705343 -10.138770109419527 -8.362983896897195 -7.080666907404589 -6.329194937680948 -5.957198215176083 -5.800242421910654 -5.74410625727876 -5.727285383671651 -5.723137463782415 -5.722315253944613 -5.722186349655813 -5.722168861763322 -5.722165499416589 -5.722164318487868 -5.722163995440482 -5.722164323962889 -5.7221655526422905 -5.72216886665113 -5.7221833528100925 -5.72228610755806 -5.722965972237801 -5.726537769138214 -5.74149987992463 -5.7926527706382425 -5.937933615160007 -6.285231656920377 -6.974760589719959 -8.154106727759478 -8.298698189023384 -10.790746841076425 