Step: 2205.0
10.998561125647162 10.845522589809363 11.42720189671629 12.0434384947514 12.713177078278418 13.364151038154722 13.963994192948672 14.497618595975753 14.95947007860001 15.349035771471058 15.668398202530623 15.920774595339022 16.109582332136817 16.237806909295287 16.307562628068816 16.319790358621773 16.27406320810952 16.168484054570047 15.999665462729848 15.76278589780291 15.45171846711608 15.059231570903497 14.577267846621854 13.997324760831031 13.31100270741364 12.510877771693112 11.592215863223176 10.555347466476771 9.423659237074537 8.051792053189407 8.075854065107487 
10.359847313824385 9.891658071685075 10.397181961260898 11.134859583270684 11.8921205397589 12.615361517995934 13.275464471021229 13.8597432731424 14.363971441337888 14.788541110697492 15.136228542811233 15.410817355659425 15.616187840022148 15.755684914315014 15.83167043217646 15.845211390289226 15.79587828855547 15.681639203846858 15.498840696404256 15.242269377542016 14.905289586598103 14.480054760222881 13.957795137413708 13.329197346126643 12.584921823725978 11.716388716448423 10.717044653497402 9.585930201191438 8.323680705733247 7.094281350012909 6.175952215757269 
7.421674993322613 8.274280623658372 9.203532315877798 10.14683956544613 11.045523552639674 11.86823335859064 12.603280589041068 13.24617500373944 13.797105391603719 14.259008392799538 14.636262261910467 14.93373570770867 15.156077985929755 15.307181323642636 15.389777160831958 15.405144665972095 15.352919211409699 15.230993114274773 15.03550288028335 14.76089753342647 14.400082047646116 13.94462895290263 13.385050480847916 12.711123769575982 11.912263944214539 10.977932832551671 9.898147716766394 8.663291771376192 7.27286256068122 5.700956447860031 3.493668801973597 
4.285481939405354 6.486735706355153 7.930088922570187 9.14127783963574 10.203656956841023 11.139511343207532 11.957326539020567 12.663263553946534 13.263304191183625 13.763783779349039 14.171205770718766 14.491847484252151 14.731330619778566 14.89422711538495 14.983729466484064 15.00139830952175 14.946992835016578 14.81838568392048 14.611561129595685 14.320692547351516 13.938291795925153 13.45541849494767 12.86192999264155 12.146739980335145 11.29802576673115 10.303263486989438 9.148728839429033 7.81811606176227 6.282761985096021 4.456275651934786 2.2590363855495896 
2.7908970512109774 4.995506141520993 6.7598960277014815 8.19131442570585 9.405818613477049 10.450893792532742 11.350339431561443 12.11887998497929 12.767699747445297 13.306401174370409 13.743631232522626 14.0871306508783 14.34354973215542 14.518189629968163 14.61474777607678 14.635108035501577 14.579196841214305 14.44491573402661 14.22815371084037 13.922877151715248 13.52128930561826 13.014043901468506 12.390486236541609 11.63887559100347 10.74650523224421 9.699549734482817 8.482308199561677 7.074671183296223 5.445533511173902 3.5564191348315646 1.3750873377700241 
1.7415790427422604 3.932366577333621 5.788698029743147 7.354927161054597 8.684848133351508 9.822139209919111 10.794416898135967 11.620610754452803 12.315161414273499 12.89006075827565 13.35569233877048 13.721070311044214 13.993786687402539 14.179836482205625 14.283414854171312 14.306739540812789 14.249928746289203 14.110950676612545 13.88565157227489 13.567861744163409 13.1495720005488 12.621164418383445 11.97166980649889 11.189006591094971 10.260126942231373 9.170951205563446 7.905884814867352 6.446772157605851 4.773100131663519 2.865519838842194 0.7146693467103413 
0.9699768389147139 3.1292067320598687 5.0182513282843395 6.65222941398901 8.058723581822061 9.26609651402643 10.298270732684498 11.174203476329128 11.90941812933077 12.517136751509902 13.008855086991865 13.394520114940743 13.682479105717258 13.879320884119975 13.989689120631025 14.016118487194525 13.958925024934008 13.816168819697793 13.583697537950428 13.255271683362073 12.822765197709293 12.276427160263747 11.60518103169714 10.796926879657976 9.83880132476389 8.71734802498067 7.4186090686100465 5.928470843155357 4.233933950647724 2.3260660467435015 0.20420185292887064 
0.38236594300931215 2.510831060192227 4.407599273217006 6.076234208088737 7.530244000862728 8.787463917334453 9.866045460715377 10.782728345271481 11.552519188348738 12.188855303954675 12.70372151924748 13.107620832942702 13.409430231832136 13.616199860957858 13.732947793964398 13.762489745373337 13.705330672044314 13.559635029371258 13.321284257846765 12.984023121511635 12.539690030195136 11.9785199646106 11.289502252818199 10.460770841844962 9.480006795437363 8.334855396356689 7.013435401441268 5.505131664521941 3.801933912456072 1.9004003361532704 -0.19611670854197327 
-0.07243891486158992 2.0289761505396897 3.9235666919354175 5.60948444822334 7.09276589049301 8.384382048374226 9.49765098500559 10.446531185357054 11.244720227151683 11.90520738110923 12.439988910682215 12.859801553028811 13.173842602777652 13.389491609292795 13.512061396127413 13.544604688616035 13.487796657686012 13.33990700117638 13.096868984488687 12.752447209079692 12.298500493071188 11.72533104369839 11.022106684990968 10.177341265229035 9.179423894935084 8.017207544733763 6.680702773018934 5.161954928783942 3.456162341903255 1.5629767839905935 -0.5122681625219387 
-0.4274839927456143 1.6512646319670157 3.5400358298135113 5.234265597076919 6.735757685029437 8.051085367852359 9.189938200981832 10.1637551358866 10.98472647741065 11.66508226349608 12.21654548411401 12.649866791806838 12.974407500192145 13.197770975353484 13.325496438243125 13.360831770060491 13.30459943762118 13.15516556072774 12.90851782680617 12.558453715698304 12.096876200543234 11.514189694330364 10.799784999172127 9.942599792062337 8.931743106627948 7.757179978542966 6.410483023179502 4.885659278650819 3.180035917627716 1.2951287202905637 -0.762657104440312 
-0.7059080979535216 1.35433660169975 3.2365708180339077 4.9347279458265465 6.44803141855764 7.780125680056598 8.938030576028678 9.931109844165551 10.770148805232978 11.466556629456168 12.031672451611088 12.476153879902798 12.809440190789944 13.039294904497464 13.171438432199727 13.209282193823665 13.15377367447311 13.003359136316433 12.75406787491676 12.399719006345812 11.932248454843773 11.342149753926426 10.619017469225618 9.752177027142812 8.731380453219979 7.547544687649093 6.193506872237257 4.664766150892137 2.960170225325593 1.0824871342098195 -0.9612137997666576 
-0.9250620847029186 1.1203794261697826 2.996823707661825 4.697231618127724 6.2190461531299155 7.563785217449878 8.73642338835239 9.744644168875622 10.598032633045152 11.307261379451733 11.883308176977492 12.336733915741407 12.677043121766673 12.912144400886591 13.047923766265974 13.087939884580571 13.033247165323017 12.88235042187808 12.631293276134345 12.273880964684151 11.802035957204376 11.206281008718603 10.476338251614866 9.601824303343005 8.573010315273775 7.381603633282046 6.021497046940433 4.489426684030831 2.7854846811749856 0.9134490051718301 -1.1190840364102728 
-1.0987970590915084 0.9350504826217214 2.8073145961871977 4.510122770692172 6.039404196899354 7.394874299253052 8.579782685655662 9.600411575732366 10.46536954158754 11.184762608999518 11.769331267172133 12.2296266046395 12.575275807653851 12.814366760605374 12.952967002251606 12.994783580170385 12.940965939763863 12.790052414772067 12.53806083894472 12.178724037813561 11.703870240464928 11.103945450727876 10.368668099950478 9.487794402229959 8.451954706130797 7.253497805370585 5.887257414120181 4.351145593001562 2.646497250833693 0.7781445092401099 -1.2457271343458436 
-1.238997581326558 0.7860396995318788 2.656465619522838 4.363385588959869 5.901028761637309 7.267219228872084 8.463532754200113 9.495021558856843 10.369554366935091 11.096916421495404 11.687827991059239 12.153001598364352 12.502310223019085 12.74410144030608 12.884669875015875 12.927888822309535 12.87499760421487 12.724541255609072 12.472461325294688 12.112339262145317 11.635795506118784 11.033046341984965 10.293614700357978 9.407177664177897 8.364509134139409 7.15843815869469 5.784697026596943 4.242499691982968 2.534712764779204 0.6675878957867776 -1.349804094142333 
-1.3569033644904347 0.6618236584267106 2.5337473372704324 4.248311605270563 5.79728894128705 7.176066595408257 8.38435918088241 9.426118792641939 10.308783390189324 11.042175027320324 11.637317988091116 12.105342902100377 12.456552516506878 12.699674269829462 12.841299483998727 12.885498817536584 12.83360214933882 12.684134304365754 12.43290347838167 12.073245179074798 11.59642956148492 10.992242543081705 10.249748628210709 9.358232185573568 8.30828793215049 7.0929810687558215 5.708908784661898 4.156894239764647 2.4420073106816806 0.5727819763770485 -1.4401272423810614 
-1.464667544987547 0.5502385590659497 2.4288085942078084 4.157291796957135 5.723289014580731 7.118600153233872 8.34074608514035 9.392835498350857 10.282395463944999 11.019826815226352 11.616916106651248 12.08555593560672 12.436714492658096 12.679647211019285 12.821325597305592 12.866055465988081 12.815261524460697 12.66742350695029 12.418158646614536 12.060455104483315 11.58507031794708 10.98111603335041 10.236855961596037 9.340738660801291 8.282670314099617 7.055484552515304 5.656456902193403 4.088433773991704 2.3599194480818295 0.48350945991740407 -1.5269918950458465 
-1.5778368650432812 0.4363837149034926 2.330494870676854 4.083998447404451 5.676636615554478 7.094785884239365 8.333629453031184 9.396230396045922 10.291139741604363 11.030145414795616 11.62640657757334 12.0929982766894 12.441821167048456 12.68281427487273 12.823410516108659 12.868185267053569 12.818662366779424 12.673256505281413 12.427344899606394 12.073474691527242 11.601726306270358 11.000267339569117 10.256145350549184 9.35637834008357 8.289403507588343 7.046928526885038 5.62616037357716 4.032168496555055 2.2787800793951107 0.38637845577507596 -1.624511690679817 
-1.7200807291902593 0.29866850908683334 2.226099288263482 4.024655223333212 5.659362298141914 7.108682043881944 8.367150238413027 9.439659528260602 10.33731730185184 11.074406878137543 11.666201229311595 12.127416309083141 12.471144388718013 12.708138752686367 12.846349616587002 12.890639342421577 12.842630526258356 12.700661596563858 12.45984176328972 12.112212841382544 11.647042604893674 11.05129528031122 10.310350186376994 9.409067714254128 8.33333047296875 7.07221869916252 5.621032892678814 3.985415168597165 2.187042041232023 0.26096596460477095 -1.7552504562684998 
-1.9372417997536988 0.10268901030382235 2.1010036758545865 3.984101886686784 5.681189314812952 7.170043625954111 8.449302756586007 9.5289326061272 10.424702812128434 11.154718992450997 11.737151249060537 12.1887736697624 12.524058334345531 12.754633078728054 12.888966582749282 12.932192453520425 12.886021600028776 12.748718152921992 12.51513152799755 12.176791460336782 11.72209016003195 11.136601679247445 10.403626216566492 9.505095256359162 8.423027874364402 7.14179446010104 5.6515730991198305 3.9538588926541323 2.0709776660685115 0.07376225668341359 -1.9642004551249281 
-2.3137338554803226 -0.23763394795212614 1.9689451745110182 3.984931471767943 5.763163754601056 7.295469442189428 8.59207405468193 9.672034763441005 10.558128448926617 11.273603806259798 11.840188160008127 12.276966674705143 12.599822011373016 12.82119080765449 12.949974329115262 12.991512342447622 12.947578463973423 12.81638186992733 12.59257185945576 12.267248257271927 11.827992254307631 11.258958960857344 10.541122260929967 9.652834429530243 8.570944089300475 7.272784425186549 5.739413834844783 3.9607182632334217 1.9449650538128127 -0.2606203113849561 -2.3351308931922743 
-3.5414958612861827 -0.6171273514901864 1.8938953209689289 4.074501938760756 5.93872883191371 7.508047798029727 8.810613092138123 9.878195140037155 10.742626341827432 11.433293042815519 11.975789101542048 12.391439248418127 12.69730760560819 12.90639020028208 13.027820013346338 13.067017164659305 13.025774079528205 12.90228402508015 12.691117910203653 12.383143955504508 11.965381348420811 11.420797609212874 10.728116854335706 9.861810581207287 8.792572647778455 7.488663480392211 5.918415013102714 4.053780003616418 1.8733929442081563 -0.6366768996672122 -3.559112841516047 
-9.676921257782892 -2.578416684412499 1.6707412784499032 4.777122013001995 7.103222598534779 8.841535176350117 10.132175649652531 11.08719635755132 11.79442438061213 12.319392883872531 12.708756075312541 12.994634158580604 13.198710190494241 13.335374541975787 13.413788598314003 13.43906773026487 13.412857453736265 13.333502924180634 13.195882159158616 12.990832070192107 12.703966429455438 12.31361102794716 11.787655926213409 11.079455530245417 10.123486552283463 8.831948410202315 7.092859321206981 4.76624508530321 1.659840871740647 -2.5884941964395596 -9.683972551931204 
-10.61785316179235 -3.7762651483777634 1.4594845145217807 5.20865722319212 7.876777359882434 9.737921571811707 11.011273297886722 11.872246890057044 12.45385239068228 12.850162562441009 13.123530115481042 13.3132464921982 13.443293606945058 13.52805025920844 13.575905667793174 13.591266368767586 13.575508022412894 13.527250009928563 13.442082281294754 13.311614413487385 13.121467799254678 12.847657414625639 12.450875466432688 11.868727951720164 11.00707660839164 9.732856789137678 7.870689462263864 5.2016063454473525 1.4519575644941303 -3.783187616537617 -10.622823249691061 
-10.831502455253867 -3.939996567639788 1.5317908389881032 5.574585309283258 8.403829910527413 10.299853813657647 11.52307102091455 12.290648214300361 12.766258547585052 13.062309935464931 13.249950832713123 13.371334967113725 13.450307372365298 13.500002293047615 13.527484986527835 13.536241819522308 13.527326179952633 13.499682753050536 13.449824472423794 13.370687453916885 13.249139684629252 13.06133173238334 12.765078975368526 12.28914220422895 11.520937926586848 10.296577048711516 8.398806943831891 5.567515344595053 1.5231894801323966 -3.9485443440687393 -10.83778795861289 
-10.59779323925313 -3.591433647706589 1.8929342371601405 5.95245756182602 8.759834093206477 10.581925166810269 11.700631701057633 12.357510862958874 12.732497667894723 12.945226562207777 13.067946049583302 13.140970088315083 13.185511720079395 13.212341516247506 13.226802177065474 13.231363055829007 13.226744119373025 13.212225327629115 13.185339033811207 13.14074828707856 13.067693604279002 12.944972069347234 12.732250171311591 12.357161210218617 11.699750846154005 10.579531300135057 8.754452298997675 5.942831007860608 1.8793510196446437 -3.6062167926623627 -10.608977597625397 
-9.625134304645348 -2.918237356602823 2.4133433443097285 6.30956205639089 8.931703050004165 10.563639144286336 11.508700301650181 12.022775781422242 12.289579262894758 12.42494202520393 12.494251992712206 12.531150791042252 12.551753476907912 12.563442619841588 12.569528187080948 12.571420282657257 12.569512153055145 12.563411371742555 12.551711279279994 12.53111293652406 12.494260322096501 12.425084700382252 12.289986761233802 12.023516103218395 11.509445634934538 10.562999147024618 8.926612134206513 6.296297805978125 2.390542941024811 -2.9458852325092995 -9.647738499984348 
-8.995108876176422 -2.657262804567282 2.4174253058144015 6.054029639659287 8.431280451899717 9.85613318333981 10.640705097328851 11.039748959453664 11.229417117113918 11.315514427265029 11.35418446942456 11.372161564608001 11.381097185082321 11.385772138645224 11.388095492088572 11.388803983466488 11.388091934664699 11.385766149994994 11.381094503094044 11.372184112587615 11.354298881316208 11.315883694083533 11.230354725869981 11.041682557827908 10.643832423226806 9.859444674586097 8.430433074200403 6.03984226796829 2.3834107121807784 -2.706372943132838 -9.037456695843627 
-9.354580297072138 -3.2664298027649608 1.3807777246428334 4.610560055840451 6.679847784033505 7.889408825665052 8.532409717276625 8.843627036738702 8.981590413637186 9.038417775470535 9.060817847898708 9.069706665848285 9.073479300454292 9.075228593141684 9.076039103092205 9.076279180795282 9.076038538774208 9.075228816992452 9.07348755192639 9.069752347225066 9.060996812203957 9.038985978135262 8.983109040918 8.847085726521037 8.539104413759143 7.900068186522888 6.692235800062087 4.609924419134783 1.3326697924384618 -3.355449989335595 -9.447442312773775 
-10.363801718695965 -4.7720384949029535 -0.9488033461470524 1.7121705400249447 3.4152175138773178 4.400036050585294 4.913022996357763 5.153511498871808 5.255121605097929 5.294054202238463 5.307815075562482 5.312482881412115 5.314115412076964 5.314748527813062 5.315010324738155 5.315084263752381 5.315010373318836 5.3147500794454805 5.314126603516352 5.31253816808672 5.308031807000862 5.294762703182459 5.257101433921278 5.158316097582397 4.923262936207477 4.419401276612182 3.447290434531855 1.7593725665219941 -0.9488415473559484 -5.00164179556448 -10.541685030971742 
-10.557167912069717 -7.496628700845789 -4.8394424699566985 -2.8392857350811838 -1.5359149073579257 -0.7813468596376008 -0.391689621600343 -0.21213032272594307 -0.13835434389257406 -0.11131760202467904 -0.10243170044222462 -0.09975979629788982 -0.09898452388909494 -0.09874526419419871 -0.09866283736640806 -0.09864143784083454 -0.09866270313096172 -0.09874364002994694 -0.09897361108823452 -0.09970574351297996 -0.10221624756096434 -0.11059765612821212 -0.13628625315164555 -0.206924180805938 -0.37997824599873464 -0.7572870723593018 -1.4886368307454525 -2.7509094229420197 -4.609050361085127 -7.495397529968342 -12.141062876846222 
-12.743337932895518 -12.108375805615218 -10.382121258453447 -9.0160850679678 -8.110661161586817 -7.5849775082021385 -7.314060961186762 -7.189937591917868 -7.1394480448221875 -7.121248848706711 -7.115433804999758 -7.1137718225699995 -7.11333226908612 -7.113215206448703 -7.113180750327028 -7.113172558768937 -7.113180641993267 -7.113213966689711 -7.113323951118681 -7.113730378668228 -7.115267392680313 -7.120688083088562 -7.137820863743056 -7.185785922284545 -7.304550167472807 -7.564784808967019 -8.06973209577576 -8.923633683288113 -10.203550079193622 -10.518948516901208 -12.73906326721305 