Step: 3960.0
9.58656130793478 9.380787570526351 9.955436617286539 10.54790323975536 11.209734234811979 11.870117452758658 12.49542994506599 13.067531113639301 13.57688257085921 14.018504986387727 14.389888001434876 14.689833804236189 14.917787623018308 15.073430791231015 15.156422906051736 15.166233498689726 15.102030878076961 14.962609903675514 14.746347970881136 14.451182894963031 14.074609801384081 13.613698491353805 13.065140809051407 12.425354561670952 11.690709970785788 10.858021879277334 9.925777891751666 8.895565252182037 7.789055008307666 6.424624018339094 6.507126036837936 
8.920988582797278 8.353969575588351 8.804348058038283 9.512863343476344 10.259524999436728 10.992065953752912 11.679279789952968 12.304985565035567 12.86054891465146 13.341475026455363 13.745534507684567 14.0717073653893 14.319555677315044 14.488833787772851 14.579236479650142 14.590231920071696 14.52094998062885 14.370109015941583 14.135970866887194 13.816317705592905 13.408447232384743 12.909186320135353 12.31492971575059 11.621724170229198 10.825447383542926 9.922209616937646 8.909152692597079 7.787482656890403 6.556244575082226 5.3876210181907425 4.579816403585366 
5.907728636974647 6.647585031961997 7.501646612694574 8.402130758420903 9.285016801929473 10.115319791287526 10.87810373089415 11.564659087141377 12.170229656973431 12.6923901261617 13.130075083232049 13.482950161268075 13.75099655166463 13.934228845188288 14.03249923257165 14.045360209692463 13.971969023693463 13.811023293859359 13.560720554495635 13.218736175122077 12.78221509484049 12.247773758911341 11.611510238790727 10.869023335229347 10.015447040402954 9.045504248606248 7.953687900301605 6.733812254382476 5.389285700183644 3.9001017224696994 1.8184522038124928 
2.682090950144637 4.759878874867802 6.116272105871641 7.274808213704273 8.315378087536732 9.256318489031429 10.10179168723485 10.853052974383402 11.510580814903447 12.074858101076165 12.546498486370448 12.92617421784715 13.214489690339636 13.411853949899506 13.518369630960535 13.533743181134712 13.457216636795351 13.287519319295912 13.022836635727032 12.660791973305761 12.198436146655306 11.632236587791633 10.958054436856907 10.171089209730027 9.265749391534158 8.235360217997254 7.071404490830475 5.762171434305162 4.283219743761856 2.5518865650080698 0.4905754222081047 
1.0897780808209516 3.161991312226428 4.8304091909911095 6.201597360647084 7.389088405727468 8.436615083606666 9.363306713338616 10.178466170461629 10.887279304671571 11.493028735815367 11.998036887139804 12.404045148565837 12.712343579398633 12.92379026947682 13.038785630466991 13.057233123658047 12.97850173836259 12.801397048408589 12.52414254197368 12.144369087533926 11.659106688233411 11.064767974106612 10.357105340637137 9.531109187521599 8.580784421844166 7.498666519242974 6.274798077394614 4.894013993777893 3.3291731227885277 1.544405567079184 -0.49191827815854045 
-0.06136594665228819 1.9883327097021453 3.740872931412589 5.2404781082910485 6.538908213635222 7.676249422172881 8.675298710182823 9.549226702294915 10.306064130364287 10.95105892482608 11.487859775920711 11.919103040626679 12.246688828526656 12.471897091822997 12.595424146759473 12.617383447163169 12.537294549418794 12.354072721189954 12.066024304997363 11.670847501442383 11.165633310044509 10.546855777427302 9.81033287164616 8.951126539182491 7.963327376178222 6.839630501968013 5.570519355295929 4.142912892307333 2.540054665440065 0.7446751336904621 -1.2525606071143516 
-0.9366886025081453 1.0728702561546428 2.8508369937856286 4.412462039485851 5.783512333667087 6.988825145168277 8.047386607248285 8.972133787022015 9.771833710367137 10.452582875292977 11.018759946604245 11.473575171319927 11.81936646165317 12.057745877552126 12.189663213135095 12.215428192699232 12.134716452373345 11.946573702151007 11.649424914943031 11.241089579383054 10.718798991510226 10.079206506234819 9.318376000334455 8.431727135802655 7.4139097109165135 6.258579810194234 4.958105280855154 3.5035426315557423 1.885556612696423 0.09705130535462232 -1.8628846935246914 
-1.6282346439669095 0.34209035277194344 2.1208280151714622 3.7118121515611806 5.1268246423600585 6.380165054671631 7.484918416124946 8.451567206197973 9.28804995744652 10.000328000316488 10.592911382069355 11.069226426847015 11.431838043895006 11.682569032441727 11.82255613921512 11.852273289222818 11.771543062998576 11.579549689405987 11.274860518210733 10.855457740107168 10.318777684550989 9.661751208322388 8.880835797448835 7.972029460001434 6.930862486126727 5.752388369479264 4.431270609901938 2.9621745104351715 1.3407450668752194 -0.43472650014169645 -2.3612769679994066 
-2.185774041656731 -0.25079365653725627 1.5191067880889821 3.1224328849328944 4.563518139969326 5.8497383942240715 6.989193840728145 7.98935065050069 8.856540953044453 9.595945683530223 10.211746100768726 10.707277853806108 11.085136716575825 11.347235052495979 11.494824634475698 11.528503700975833 11.448223169092232 11.253302486274231 10.94246108613224 10.513867286058291 9.965202917236747 9.293739311634361 8.496419267489804 7.569942102178853 6.510858731993832 5.315707326807463 3.9812579501304066 2.5049688531027434 0.8857378200747351 -0.875082407262237 -2.7726304563282684 
-2.641127709690767 -0.7368565936634106 1.0208836689667078 2.627940526378056 4.084403456862152 5.393160482354771 6.558512654704286 7.5851643432473965 8.477644758601947 9.240050136532192 9.87595766546644 10.388402960065243 10.77986685177461 11.052255174897697 11.2068737852241 11.244407662073412 11.164913534044114 10.9678334461922 10.652033742928749 10.215870864681309 9.657282573647782 8.973901167240498 8.163184654384882 7.2225641085652645 6.149612417153153 4.9422523650782315 3.5990367876330067 2.1195379052832313 0.5048593167820044 -1.241776537121147 -3.1144905178587727 
-3.016402955898374 -1.1383512562605913 0.6068794778388088 2.213680283963388 3.6795317081226178 5.004284314548846 6.189382547426855 7.237201126813173 8.150561037254803 8.9324090428242 9.585608665841114 10.112793019968244 10.516248866280828 10.7978196758792 10.958827135893744 11.000015781040963 10.921526611544694 10.722904599778863 10.40314306301123 9.960765606602704 9.393944057098663 8.70064878557526 7.878826464156363 6.926600209264232 5.842488862970169 4.625645748977546 3.2761205644765945 1.7951466935815121 0.18544521935619038 -1.5484842251906499 -3.4001388619796336 
-3.3281420683782614 -1.4722186012702134 0.2616681450121211 1.8669820954949319 3.3393902071131047 4.67649838681817 5.877504602351203 6.942831602190093 7.873779622604478 8.672216225806098 9.340305245099456 9.88027134283929 10.294197550273946 10.583856174065929 10.75057596927616 10.795149626971403 10.717785543744888 10.51810694832495 10.195200093440599 9.747711550323986 9.17399270245776 8.472287273191224 7.640955045478832 6.678721738903316 5.58494128143345 4.359852756289404 3.004811172326054 1.5224708440523984 -0.08309526589816214 -1.8063469296023011 -3.640292940613201 
-3.589640516064761 -1.7522036081986119 -0.02759988379796368 1.576859155963012 3.0553043748632716 4.4034217655445795 5.618469630669411 6.699172261013697 7.645502173529472 8.458389391302024 9.139401849377279 9.690432687939015 10.113417967013497 10.410098547109945 10.581833851557088 10.629471968922081 10.553278780361307 10.352927688409052 10.027550615537125 9.575849910507655 8.996269325217215 8.287219885616087 7.447352675049262 6.475864436894916 5.3728125989648445 4.139404061037768 2.778210407191534 1.293260026575169 -0.3100238427107856 -2.025026356208784 -3.8442177083864335 
-3.8124936434420404 -1.9903150545221096 -0.27220694860261146 1.333592067297399 2.8195285790220233 4.179296828665452 5.408252383566853 6.503551840160855 7.4640240688868635 8.28985799656498 8.982206959386826 9.542785271485041 9.973501876006093 10.276153339487497 10.452185811358637 10.50252935575773 10.427505398008098 10.22680714457819 9.899552703885977 9.444410574754498 8.859796587827374 8.14413959065834 7.296209158549766 6.3154907962420745 5.2025800629856755 3.959544126540771 2.5901703639120623 1.1000022438940567 -0.5039142964249426 -2.2135623317874096 -4.0206145159064945 
-4.007894970290802 -2.198060431934282 -0.4827453055678729 1.1283354580132432 2.625281644348843 3.9992967328535345 5.243626367441533 6.353918174663558 7.328075899192381 8.165823635994895 8.868168504782455 9.436875789889978 9.874008329235656 10.181550346070606 10.36112106633607 10.413777233351025 10.339901725456421 10.13917575261706 9.810633366881001 9.352798471611518 8.763905467073736 8.042204356814594 7.186348460750285 6.1958558897554505 5.071620703962002 3.8164186116064496 2.435291827655311 0.9356270897388907 -0.6732817073717775 -2.3812474469937754 -4.17853800587823 
-4.188097935831813 -2.3878000327373625 -0.6699856568561123 0.9528375379101797 2.466921853886361 3.8599275026294033 5.1226115607316265 6.249232698840428 7.2371317667744 8.085981559210131 8.797021597908369 9.37238014001829 9.814513382467938 10.125764881484168 10.308038826934286 10.362578281507442 10.289840198281512 10.08946147738225 9.760313660101842 9.300647416542967 8.708331140093698 7.981190085656971 7.117452813935951 6.116308901055564 4.978572563416515 3.7074206052064453 2.3091024879480933 0.7933095848000528 -0.8272834375087607 -2.5387561276170176 -4.328624784261251 
-4.368640697500553 -2.574651571957492 -0.84583081778406 0.7994929469823634 2.3405288060206324 3.759713893576707 5.04503372161409 6.189873455796656 7.191678205992613 8.050686931962574 8.76888030190682 9.349143291375075 9.794615265232169 10.108200845537908 10.292218319304045 10.34816614501163 10.276592572841334 10.07705871267259 9.748191351692737 9.287827996642612 8.693262497317972 7.96160478405722 7.090272571361221 6.077636654551639 4.923845083088211 3.6318526247580847 2.2086549424051856 0.6665889739142303 -0.9765583711419425 -2.699902875142152 -4.48516852585243 
-4.572466693343961 -2.77996652093666 -1.024073351110523 0.6623074005819781 2.24545667252585 3.700286480734782 5.013191360848711 6.178012776595701 7.19340961479608 8.061037570415849 8.784251469667067 9.367151908207717 9.81388316674044 10.128126182068694 10.312746856394071 10.369569346850543 10.299251926863834 10.101251359722418 9.773870654354404 9.314394225032808 8.71932338714308 7.984733446986952 7.106781597212406 6.08240426377009 4.910259248508272 3.5920051588934787 2.1340965714990205 0.5503810031180573 -1.13390650150662 -2.8850175630683084 -4.670137679152081 
-4.841979031620225 -3.03662037343251 -1.2208587728377436 0.5419121101060586 2.186999773797423 3.6877273248224047 5.032473899900271 6.217865516804446 7.245286020240142 8.118833736848625 8.843946149972254 9.426424634628548 9.87174080586367 10.184556042690408 10.368403724328433 10.425494064421407 10.356611503479439 10.161085867293348 9.836830607709484 9.380453837965153 8.787460015786483 8.052571441009063 7.170208907724455 6.135181324773988 4.94365223357203 3.5945012893610464 2.0913482693545546 0.4460158519129827 -1.3146989154218236 -3.126163117486885 -4.92513794411752 
-5.252772455544491 -3.422381030453673 -1.4289309586579737 0.45298780414839906 2.1792973008384227 3.733552252465723 5.111623711231475 6.315655075828075 7.351375524787934 8.22637388292007 8.948866592689654 9.526809187573932 9.967280923973226 10.27608423844493 10.457502993059402 10.514169733345957 10.44700358870036 10.255194884018335 9.936228112647948 9.485950753450616 8.898711076496458 8.167602674542135 7.284865062581422 6.2424961360402405 5.033134673332715 3.6512830643790446 2.0950206205420265 0.36867341197368464 -1.5111671824744402 -3.5003685421765383 -5.325080399288343 
-6.401915160000077 -3.8501384566700496 -1.6002048905036466 0.429557211689432 2.2459927738661642 3.8545048212229336 5.2623222941828 6.479167220204218 7.516422860860488 8.386058196214934 9.099656257997221 9.667683214186818 10.09901405104816 10.400670498044287 10.577705117628922 10.633168096808813 10.568108253265034 10.381578896231563 10.07063856961015 9.630355806303903 9.053846539693838 8.33239220568031 7.455701903862964 6.412384944249647 5.190678505710532 3.779414695667918 2.1690899888542647 0.3526903133712973 -1.6749759992988182 -3.920524640251927 -6.464951680891082 
-12.11939899936479 -6.110223142627032 -2.4145153449175965 0.44948384496594623 2.769388594699794 4.668192829989826 6.219730175274601 7.480067047508398 8.495939652888788 9.3067480333514 9.944886212866363 10.435977161278208 10.799399261754365 11.04904711669793 11.194143243473455 11.239928953826778 11.188119090339926 11.037060796709234 10.781578244459292 10.412520272612461 9.916070032855426 9.272932164263965 8.457571017175121 7.437687241588856 6.173994943613752 4.619915938540146 2.7196204409315037 0.3996330869701458 -2.4624736604345827 -6.153207756842032 -12.149319150667687 
-13.2549163460227 -7.605347465601866 -3.1114227312481453 0.33258729786678026 3.0315872632857332 5.150531464711957 6.804366187251829 8.084386940092704 9.0667157480125 9.814301529741206 10.377475567071007 10.794770675359905 11.094314975818715 11.295562435497176 11.410999231509608 11.447530955123119 11.407370726507775 11.288343573974485 11.08358335095364 10.780644268617065 10.360110548804757 9.79388435029411 9.043449939140617 8.05848252711094 6.776051932440111 5.120121503936225 2.9996317163980564 0.3001125363866943 -3.142599889571838 -7.632114309203951 -13.273627291333476 
-13.742965611972261 -8.177213176455416 -3.5318779168572947 0.18370604964174 3.0873327282606433 5.321974310746534 7.013994566964706 8.275358170944122 9.203137194148383 9.878161577167848 10.364492511808304 10.710326754842365 10.950062075119531 11.106898792730357 11.195364668348203 11.22333132425504 11.193287325329601 11.102770794677879 10.943937217592211 10.702284352581339 10.35462929620176 9.866571750163171 9.189877689512109 8.260405128537373 6.997218079506275 5.303192662725499 3.066522733693847 0.1613960313708474 -3.5541559674233003 -8.196819314623564 -13.756731873168548 
-13.878123270416319 -8.35395175808351 -3.746029045285483 -4.0252938105469685E-4 2.938775115281327 5.174195175910978 6.8283014738701135 8.022738427828736 8.867692770396992 9.455900664960216 9.860400380001163 10.135266802977382 10.318248520041601 10.43416759912873 10.498176341790849 10.518311191980033 10.497080562941813 10.431999972859096 10.315058229012031 10.131127680293057 9.855401754290439 9.45012000343183 8.861139599032716 8.015264211838357 6.8194896608893 5.1633086773724886 2.924960410670108 -0.01749345631009409 -3.7653271766985257 -8.372493829281554 -13.891572570997445 
-13.509891369898448 -8.35402962282374 -3.9216355498353375 -0.2955143797261723 2.53945682758331 4.666724488602936 6.20436131877138 7.278841728079933 8.007980824875178 8.49122622455115 8.8059567828274 9.008214748576473 9.136014431028705 9.213547694585912 9.255100884482204 9.268041023889939 9.254630904708215 9.212633859688113 9.134713272982465 9.006618104603808 8.804189039834297 8.489419913227167 8.006210560232853 7.276991632907499 6.201902506873299 4.662398530754462 2.5311122017819727 -0.31003683558606343 -3.9425297257590306 -8.377344252746399 -13.528407211547762 
-13.366697480707433 -8.607031675801359 -4.435684346978304 -1.0319266904791267 1.6095179074950063 3.568825288083552 4.959938082876062 5.9077173642471585 6.529823680296882 6.92544089827957 7.170894266425332 7.320452319260872 7.4100442983279615 7.461894771294648 7.488742799934734 7.496987464914562 7.488565232931841 7.46156992223285 7.40964067469237 7.32008920036967 7.170750764918833 6.925746593577621 6.53080711806002 5.909476995571029 4.962175204014881 3.5703362842158874 1.6071300975981098 -1.0440168365472497 -4.46099216777557 -8.641760806207326 -13.396225321806199 
-13.934543090651426 -9.475253576602721 -5.711725164177229 -2.685451414076028 -0.3460825240176063 1.3780630162580878 2.5879790414984405 3.3975804958676896 3.9157426427416797 4.234459287197666 4.424091894336867 4.534044809722623 4.596446689929891 4.630733932898586 4.647776318194909 4.652911401370652 4.647734063056162 4.630684387097635 4.596471472289395 4.534293300499501 4.424805749895461 4.23598875633888 3.9185364312217152 3.402121927385222 2.594618516949348 1.3865686934705503 -0.3376647181083822 -2.686572611384958 -5.744110896333538 -9.533638967852736 -13.995280249342937 
-14.909482052265568 -10.911545275121744 -7.833958729455802 -5.3298741482215135 -3.3786450668733607 -1.9404037309888271 -0.937156056023455 -0.27363861153275487 0.14355895398501264 0.39390008250130143 0.5380286414726668 0.6181858228286106 0.6614966997332425 0.6841007449241481 0.6948522495509423 0.6980198592546909 0.6948662901118706 0.684165805524658 0.6617009067230343 0.6186958603695474 0.5391275072919255 0.3960297043363402 0.14736184717020875 -0.26727759825663727 -0.9270559760110751 -1.9249865299899391 -3.356268744635768 -5.298682720223584 -7.833798351111554 -11.062391678271364 -15.024271290219511 
-15.244217776272542 -13.045275734771947 -10.877916251658593 -8.976043851562892 -7.46448760208176 -6.344458558054217 -5.564551205798976 -5.052079168118057 -4.733368741291271 -4.545174545844279 -4.4392167540651775 -4.3820163564529535 -4.352245579191439 -4.337352655349581 -4.330541370479193 -4.328577409286331 -4.330510633312552 -4.3372570795097936 -4.3520028815032905 -4.381467810673925 -4.438085080748659 -4.543008054076087 -4.729466043963393 -5.045366875603782 -5.553320671211909 -6.325742010613923 -7.431983714884896 -8.918141556919482 -10.72530793726062 -13.043117777728373 -16.304558146234097 
-16.783293115620886 -16.266125380367132 -14.841817836872648 -13.532432661048492 -12.475938290720705 -11.690283433361532 -11.143226809205956 -10.784565753460837 -10.562435887037996 -10.432093333582698 -10.359361710114614 -10.320578827124027 -10.30071679152819 -10.29096969660459 -10.286594757466107 -10.285346854590518 -10.286568294792445 -10.290891147202455 -10.300524041713475 -10.320151182606772 -10.358486117038197 -10.430417413744742 -10.559399952751546 -10.779282904415076 -11.134218529828129 -11.674737555988111 -12.447976708811888 -13.471855315625309 -14.725436991825108 -15.19776069537161 -16.777370820149535 