Step: 1845.0
11.404469223292311 11.264350351019495 11.84131749530545 12.453247647328995 13.110194496754104 13.740171100825004 14.312061273588727 14.81266175104885 15.238615218422956 15.59172087558541 15.876331485931287 16.09776671019763 16.26128014000693 16.371353724608696 16.43120618839014 16.442455503947343 16.404902340130505 16.31641592858814 16.172912465848682 15.96842191400065 15.695243386641721 15.344193635734195 14.904960210736833 14.366586841233534 13.718159774747392 12.949856101568825 12.054880751782864 11.032210525437288 9.904971467028169 8.538152578932175 8.547088027459402 
10.77411449788108 10.33197271502115 10.846069384958811 11.580098445560834 12.324103631261622 13.024857979743716 13.654808855044903 14.203368653362588 14.668719903113793 15.053775899604329 15.363783152307121 15.604810616815792 15.782733423304165 15.902521654601061 15.967736281295034 15.980179301617303 15.939668147822491 15.843917203945047 15.688517117341116 15.467007826498108 15.171045007394879 14.79066301346349 14.314642410186089 13.731001794985913 13.02766197773082 12.193413669007828 11.21940800559598 10.102976638609718 8.844387745864218 7.604616530209154 6.655674737183741 
7.859417182549091 8.7420596040111 9.685263807315932 10.628086943809159 11.513902520844791 12.313219938866409 13.016324921033965 13.62111941423156 14.130444546687036 14.549981238738498 14.886783451707018 15.148189335090292 15.341000725115814 15.470861964657173 15.541796439045495 15.555874770191668 15.512997974281994 15.410785002063374 15.244558415489008 15.00742498463268 14.69044969616658 14.282921956324515 13.772711811463276 13.146712234927554 12.39136222444546 11.493233274896992 10.439725858278404 9.219056347325107 7.828645275617951 6.240234134009373 3.997897104072767 
4.752073223225156 6.986545299586555 8.446965661035296 9.659857234969529 10.710113364399898 11.622023628083468 12.406429041498258 13.072163139253634 13.628107165924224 14.083565912461568 14.447923858840479 14.730110075697878 14.938053914545547 15.078203490284631 15.155133493299337 15.171250625255293 15.126597664489951 15.018754754932381 14.842836173662018 14.59158085823579 14.255533974284294 13.823313387149684 13.28194724247982 12.617253524530769 11.814199756402443 10.857112208949886 9.729349925646646 8.412020770157088 6.874239421557577 5.027888512823274 2.7925538565827854 
3.2898165125845127 5.530407828125598 7.3142876771735095 8.74905589938318 9.95206571003219 10.972801139138713 11.837585706077379 12.564044307896342 13.166486294307406 13.657698782236684 14.049408429404494 14.352184448263047 14.575134826364055 14.725556527606853 14.808615876291253 14.827095045386308 14.78122109633697 14.668584726068802 14.48415148937728 14.220365609754179 13.867343197775039 13.41314553696081 12.844111306486086 12.145204351821825 11.300290929250192 10.292166458410815 9.101979793028514 7.706867677358894 6.073535150757078 4.162094078928362 1.9399344351402847 
2.2748411937752597 4.504383590077836 6.382369001592722 7.953348761672891 9.27229954028218 10.38490144022927 11.321403694583429 12.103809107786146 12.749880787496677 13.27499368440973 13.69279825244466 14.015304949927534 14.252706132342697 14.413106198713837 14.502251268327104 14.523306664033198 14.476707205553197 14.360092969575113 14.168336615520516 13.893664185106383 13.525866816379803 13.05259372596046 12.459704656242398 11.731639633339507 10.851730198511538 9.802325407574891 8.564515009623188 7.117294459366054 5.437981883171511 3.505951856756004 1.3116453831236083 
1.5386306624461585 3.739406558207154 5.652179059267073 7.292194742208975 8.68818399244204 9.870540095248916 10.86591483329612 11.696485613070555 12.381272220523096 12.937060679784544 13.378787242904018 13.719551910339797 13.970435698535375 14.140242851714335 14.235244389435367 14.258968277005446 14.212061949850854 14.092241422264795 13.89433463727029 13.61042238209102 13.230075698675131 12.74068234366332 12.127845095905048 11.375821091936638 10.467956197031207 9.387061249689948 8.115730214051148 6.636921162442707 4.935455314173003 3.0011742659625518 0.8332928143276034 
0.9866111385112678 3.15940156758125 5.081914262230213 6.757807579925476 8.201740220872859 9.433627899428073 10.474449071608397 11.344299465182342 12.061840727412878 12.644239904251481 13.107082266368025 13.464168413085327 13.727231922259676 13.90563562900081 14.00609470730637 14.032459721112351 13.98558043449577 13.863262897126589 13.66032731432089 13.368770853976129 12.97803611811854 12.475381166784826 11.846340283076863 11.075257523613075 10.145872741892614 9.04195689138763 7.748063038845497 6.250568343943473 4.539249704408153 2.6094480182095485 0.46443247731315396 
0.5668263818108227 2.7152864632195093 4.637566557753603 6.3318972202913395 7.805487826786578 9.07145311194046 10.146039539464333 11.04669278726171 11.790914286862508 12.395576691006978 12.876423915544688 13.247622481662155 13.521337721912348 13.707349379766045 13.812729613874323 13.841602831478049 13.795000889255157 13.670822597066161 13.463903685827782 13.16620161270188 12.767097510524337 12.253814254790534 11.611944984588408 10.826082216303492 9.880538552539585 8.76016378707727 7.451291907002168 5.942878033841552 4.227859802401371 2.3046588560291292 0.1785430179973538 
0.2455493095457247 2.3739528931372624 4.292254239509749 5.9959616019482125 7.488085178988375 8.777414050567783 9.876671473269417 10.800913113083478 11.566275673826627 12.189016693836727 12.6847425443761 13.067753568993588 13.350478569395468 13.54299793241549 13.652664049093193 13.68382798178314 13.637679028924042 13.51220202855071 13.302256626940274 12.99978266623815 12.594135153647652 12.072549973574711 11.42073737936847 10.623595451591267 9.666032667208258 8.53388977748663 7.214954490607811 5.700057310560769 3.984207289715264 2.0676648256310033 -0.04322382514829906 
-9.212441311490803E-4 2.1114330341002145 4.024895018602599 5.733469805385772 7.237628373978733 8.543309989776638 9.660677882902684 10.602842726200521 11.384675435896101 12.021749677642848 12.529413552575505 12.921982219902672 13.212049304686483 13.409920489861237 13.523173767797672 13.556349174159747 13.510769182634442 13.384490727260898 13.17239101819757 12.866390934240274 12.455820400087278 11.92792846852609 11.268536059325164 10.462821601247624 9.496220251184551 8.35540727917667 7.029325894576097 5.510207615037563 3.7945169440086284 1.8837328627260856 -0.21513417857174777 
-0.190352082672319 1.9094617512935046 3.8186515422001137 5.5302535761721945 7.043005563029374 8.360806111024138 9.4918890650863 10.447818961006833 11.242405807518503 11.890619364420898 12.407563325158614 12.807552123502662 13.103318072012701 13.305364052727157 13.421467294478939 13.45633348060039 13.411397825487809 13.284770440210607 13.071326164941134 12.762942455030359 12.348890999201757 11.816387687257675 11.151299813620069 10.338998119080738 9.36532461903884 8.217626967650073 6.885790419873374 5.363185334033928 3.647447824175689 1.7410263192123159 -0.34854636114327364 
-0.33684346232052453 1.7534227277452898 3.659739639166016 5.374316377033175 6.89442904005723 8.222267593571337 9.364466520696087 10.331332116132781 11.135842473252094 11.792532922396095 12.316380052884208 12.721772568635888 13.021624062307126 13.226653778091249 13.344841400187041 13.38105100599674 13.33681582810232 13.210277240863206 12.99627620767227 12.686601031395536 12.270399333646822 11.734762399535354 11.06548402755127 10.247981692068311 9.268343868048067 8.114435217156995 6.776958106680057 5.2503497254376486 3.5334071310827193 1.6295867025683726 -0.45299683800605706 
-0.4523532288345216 1.6309224104336095 3.5364782969151896 5.255506000753549 6.78363608623594 8.121270389248025 9.273510793228924 10.249593993340174 11.061916112067609 11.724828815669067 12.253394051295768 12.662233427171486 12.964547656437906 13.171334615430592 13.290806481026582 13.327993291316137 13.28451761732994 13.15852901996599 12.944794513610265 12.634949744112987 12.217922538411159 11.680543271833457 11.008352090794672 10.18659780207917 9.201393193383888 8.040943767815087 6.696707602948384 5.164297507561649 3.4439498566191893 1.5404913632986943 -0.5370836300524227 
-0.5480240973299665 1.5305413166366155 3.438440660526832 5.1651958959374875 6.704029188915933 8.053018857624595 9.215572731108157 10.200019817122207 11.018509708610713 11.685580833846501 12.216702244014202 12.626970340445595 12.930035222056048 13.137270572897885 13.257171071972154 13.294950892030547 13.252318178507036 13.127408368792183 12.91487043810378 12.606112218858524 12.189721734246136 11.65208862875913 10.978249985866023 10.152973224763882 9.162057972843568 7.993778066254153 6.640279571942016 5.09863063298778 3.3711671143922066 1.4649544519929742 -0.6094222598140493 
-0.6357689507710765 1.4403856145112983 3.3555794337871343 5.096088334679455 6.650981567646439 8.014872889905755 9.189189980438094 10.181670140375005 11.004784051517632 11.673821972462461 12.205116365823498 12.614562064351631 12.916464800419273 13.12269180581449 13.242078462637402 13.280044462055839 13.23838218080728 13.115193761028692 12.904968898673435 12.598811200669099 12.18483620416424 11.648777400516861 10.974845199426916 10.146882632682418 9.149841569828903 7.971546416544371 6.604583169367525 5.047840954948782 3.306975515096105 1.3930992821727348 -0.6800022383612517 
-0.730819917626101 1.345939102070774 3.2772364247438253 5.042424245981237 6.62263885955879 8.007208951400749 9.195532241309591 10.195665181604872 11.021414478576059 11.6896640330782 12.21821342154456 12.624144345248114 12.922642820138568 13.126184089048378 13.24399276432502 13.281707889263995 13.241203422500291 13.120535250417474 12.914005210064369 12.612351347136716 12.203092834969919 11.671078270179287 10.999306514054275 10.17010614293962 9.166765046035676 7.975681259634558 6.589018303955461 5.007589880685374 3.242243269459007 1.311956944213909 -0.7625870912293317 
-0.8566199444030763 1.225985727499029 3.191406244524566 5.0013386578142836 6.621922965808566 8.034756259683189 9.23913382135476 10.2455109167125 11.070683055971578 11.734272409217363 12.256263029208277 12.655326831722359 12.947726496783357 13.146620346948131 13.261636789046506 13.298626813577311 13.259537377722582 13.142375102344051 12.941250664148017 12.646513167219771 12.245004629105894 11.720491152731794 11.054361509397443 10.226724656849811 9.218080290587173 8.011775686146445 6.597506809376342 4.976121657551993 3.166139089757559 1.2014910100375533 -0.8795036720802946 
-1.0594349368292189 1.0462774830243688 3.084439622296669 4.979245537761153 6.659951597113628 8.108222664263849 9.328489379906808 10.337176646475962 11.15632627070475 11.809640487824817 12.320005384173117 12.708004519325657 12.991073161225522 13.18304024156446 13.293889744158738 13.329641098344103 13.292294948162162 13.179819452788196 12.986169946650303 12.701348807270286 12.311530000447666 11.799301479711412 11.144125353736746 10.323183588873343 9.312861695517865 8.091219708126824 6.641940139314146 4.960694110224641 3.0658992463990655 1.0283390991398944 -1.076178770706911 
-1.425486677904355 0.7190862028957263 2.972754373845676 5.001509023348282 6.7598361272695815 8.24540315823231 9.476068129478408 10.478681069014685 11.283013113940836 11.918107622749822 12.410262889399615 12.78206667531122 13.052027857378793 13.234491626764191 13.339658730292923 13.37362507919714 13.338411306388567 13.231974509661217 13.048201060395636 12.776881299271203 12.40367355571572 11.910087559253126 11.273570587317453 10.467875613489133 9.464024894961847 8.232323648582506 6.746003553330785 4.98728655598705 2.958574497600097 0.7054314238935534 -1.438218667428733 
-2.674393078044931 0.35639715736704564 2.926233013053518 5.119993026313617 6.957779411933847 8.470627581214499 9.697223022919646 10.678939715303944 11.455346723191063 12.061590847429246 12.527394231959697 12.877026767707891 13.129674704186973 13.299856442405295 13.397743429068544 13.429363661119027 13.39670902194927 13.297769413971102 13.126502401990658 12.872729375271877 12.521934955140122 12.054948101106186 11.447527158954308 10.669990912692668 9.687244938243609 8.459782174457532 6.946297799242597 5.108178922574215 2.9144618891712955 0.34511426294726805 -2.6845865963775264 
-8.925491439142101 -1.5058959013052167 2.8704285293500185 5.984874046220504 8.236501794124635 9.85340443926097 11.005841741063623 11.826504429101371 12.41413590935577 12.838052210410051 13.14484339202483 13.365237633830933 13.519536921780993 13.62119498274559 13.67886078360248 13.697417975936371 13.678448118364805 13.62036056804314 13.518264279952305 13.363506059393975 13.14263196872327 12.835343389742365 12.410916884117178 11.822765587771322 11.001575392635258 9.848612543880492 8.231222765184448 5.979230058030501 2.864681689506778 -1.5112724522705892 -8.929255910707917 
-9.817622464204682 -2.6341342006727477 2.7647021061320274 6.5127156097640615 9.067948520101842 10.75974826476561 11.852698410677329 12.550608920455959 12.998472987487967 13.29119857717463 13.486787085889597 13.619206295013425 13.708135207576976 13.765109231119807 13.796878780456597 13.807039469972567 13.796725846084088 13.764799386079478 13.707661276200314 13.618559291224098 13.48595742212135 13.290174739394448 12.99723320254502 12.5491019746368 11.850819579659419 10.757335869056558 9.06484047844792 6.50888282763566 2.7604145772931 -2.638191540420704 -9.820566265014808 
-9.969980458078224 -2.7111707651916483 2.9276242009924216 6.952050670368585 9.636121424173526 11.329421405183 12.34805580614529 12.941341408756758 13.283466194780404 13.483780949658753 13.605056731017182 13.681063693053854 13.729408559766808 13.759302762202 13.775624397732939 13.780800298355334 13.775571855036244 13.759196201290433 13.729245573802045 13.68084210970866 13.604775795713286 13.483438995339343 13.283044816445898 12.940760001482179 12.347092731582514 11.327653732037412 9.633001368769728 6.947223689035164 2.921393857177767 -2.7175715553857014 -9.974745361133815 
-9.645397407257676 -2.239075455982344 3.406829886420939 7.4232287450569565 10.054926253680625 11.650458752205898 12.554080265810041 13.039217897101432 13.291977886559229 13.423952419841655 13.495337022227758 13.536049761880685 13.560247541679225 13.574573194963786 13.582200533492918 13.584593846286985 13.582184065910255 13.574539870586136 13.560197230680105 13.535984604415262 13.495265581371436 13.423893259167565 13.291946771826774 13.039157816123206 12.553678821283297 11.648886542322339 10.050808193799305 7.415254633208921 3.3950588549558116 -2.252216329581302 -9.655421822139836 
-8.494078658757935 -1.3735114180686328 4.107573451105109 7.927103147716508 10.338405957752054 11.722907988793414 12.451071296934916 12.806211598934606 12.970407726050432 13.04501443441843 13.079962416010149 13.097542632937442 13.107081894390376 13.112415765342076 13.115165908500613 13.116017037993414 13.115162094267841 13.112408127323016 13.107071163708994 13.097533499955446 13.079973306520644 13.045097519024456 12.970666429798184 12.80674842594749 12.451708608848472 11.722484954770069 10.333975412250755 7.914777023302899 4.0856010140723935 -1.4006792781783297 -8.51646045591545 
-7.696314463976978 -0.93163950504325 4.289182783652125 7.831698466803055 9.9827617868914 11.15729969906451 11.735087484175475 11.992856161563028 12.098833732723909 12.14032740233568 12.156700718770477 12.163683415182705 12.167025375323762 12.168754341758161 12.169608895542337 12.169868602524092 12.169608218272526 12.168753036603317 12.167024361988737 12.163688937704357 12.156740976746631 12.14049669436016 12.099369349646985 11.994182933521447 11.737584440894361 11.160312643020532 9.982096709611726 7.817525476065273 4.254040433789609 -0.9832736714463572 -7.741048526554911 
-7.946768367375205 -1.399232322362837 3.4017989056103897 6.541616575751905 8.397403743667459 9.377148420937848 9.837000543249479 10.02890563494165 10.10058748065075 10.125048705580872 10.133056062461515 10.135806904444435 10.136898705173607 10.137401203133743 10.137635397451264 10.137704892257632 10.137635283672422 10.137401017306887 10.136899499590323 10.135816791105356 10.133115507218495 10.125307030748564 10.101470364933512 10.031352777476558 9.842540450773768 9.387108674363345 8.410103048663936 6.541130917005796 3.3494060207828427 -1.4971509996523968 -8.049255853691509 
-8.908381931984975 -2.843598270465772 1.113283647191226 3.6944990351695686 5.213222607228939 6.002881759528393 6.363676781160347 6.507989829141744 6.558452531041339 6.57395975352887 6.578253431858953 6.5794073075200465 6.579755853422345 6.579888216334073 6.579944617188522 6.579960818342142 6.579944584332052 6.579888173827719 6.57975690412093 6.579418813501624 6.578325105368777 6.574286267079927 6.559630050315416 6.511483601959575 6.372394221221182 6.021465139978172 5.2466530608616235 3.746170925183386 1.1132357389469396 -3.0995366392171873 -9.107697367191308 
-9.002464317613486 -5.689742766067877 -2.9557206824103748 -1.0243625928780349 0.13225850555739752 0.7336254449798766 1.0053181418604145 1.1116228767457976 1.147433501432794 1.1577583325850922 1.1603068936301548 1.1608613306686222 1.1609813458638456 1.161014362105604 1.1610264064303115 1.1610297095929885 1.161026383676864 1.1610143253349494 1.1609823067738443 1.1608724080053534 1.1603783207820204 1.1580937040147827 1.1486822381186195 1.1154741195770863 1.0154659660984382 0.7570787046058367 0.18218450493805236 -0.927020325057716 -2.6992628485700787 -5.688872689163398 -10.76219859639157 
-11.385519429989214 -10.733956913639538 -8.966671108270436 -7.652427087349095 -6.850974691408802 -6.4330724580631005 -6.244743137805156 -6.171580062590109 -6.147252340260981 -6.1403992000202035 -6.13878129536719 -6.138461138063354 -6.138404610266724 -6.138393152581354 -6.138389702963844 -6.138388804096017 -6.138389719888496 -6.13839318346753 -6.138403896533623 -6.138452685942133 -6.138726054298834 -6.140136891715579 -6.1462642998822625 -6.168489101878517 -6.236450464000753 -6.413267841276756 -6.807594294836631 -7.550335695804031 -8.766934580045612 -8.969901497368703 -11.382117272188921 