Step: 3195.0
10.120407372958509 9.935841436559254 10.516974636980152 11.12479234255717 11.798290530366968 12.465764732665576 13.093607718213162 13.66428468436258 14.169158580734493 14.604311141754224 14.968351451332346 15.26117485919457 15.483219611158734 15.63499648586075 15.716779248075255 15.72839800487104 15.669104596018228 15.537492772037163 15.331462837679528 15.048224194214633 14.684332020052569 14.235758198120935 13.698004442417874 13.066282994533607 12.335831445925857 11.502511441878358 10.564180814320016 9.522437046006551 8.399944185705053 7.028751389842104 7.088272235190969 
9.464702700212614 8.936393198474727 9.411759811006863 10.13817525533081 10.898233861716196 11.638790070335855 12.328928415656062 12.953194082092725 13.503962665147226 13.977905997324665 14.374017764030494 14.692469166843196 14.933903023579164 15.098975876242795 15.188050422229933 15.20098706722063 15.137006879605542 14.994610147951882 14.771540744390334 14.464789624668287 14.070632992922295 13.58470365839356 13.002100278375577 12.317553074063895 11.525694807388602 10.621567389582294 9.601555143899457 8.466577930556788 7.216659611066525 6.021180300958749 5.171009281950458 
6.47897816298715 7.262828666610292 8.149682074543128 9.07366904879047 9.972552585274952 10.812322274275568 11.57873325840382 12.264030712177664 12.864621618465272 13.379375403032016 13.808564914575154 14.153151126944321 14.41428700145388 14.592963956957828 14.689757049964939 14.70464362816508 14.636880709012399 14.484931808726484 14.246436460551815 13.918216537788838 13.496313660282416 12.97605215609509 12.352122994161647 11.618686416383568 10.769496079823845 9.798044210902972 8.697822208600092 7.461927534047085 6.092735873754063 4.5683054045013884 2.43862577719392 
3.285716554661426 5.4115174010460825 6.80531856004177 7.991442898913273 9.050844975794922 10.002930109214965 10.852922792288345 11.60324928527321 12.255714638532831 12.812232680318385 13.274875889507076 13.645719238107372 13.926631819412206 14.119075304261234 14.22393099438835 14.241363601926134 14.170724399984193 14.010493594575426 13.758259651500302 13.410731166531638 12.963774384391813 12.412466257412717 11.75114794383856 10.97345405865351 10.072269974559324 9.039518239079866 7.865450939188491 6.537243833539441 5.029331487188941 3.2579276948628446 1.1447369711795063 
1.7283690165145549 3.8518898928538703 5.561235335453488 6.9631851541913585 8.171970428726274 9.232295741628494 10.164450491014875 10.97906276543434 11.682787012434423 12.280466875210996 12.776002531631853 13.17264518130945 13.473042572440633 13.679181414863532 13.792296936241243 13.812784839392751 13.740133653721404 13.572885950119037 13.308630714385068 12.944024286784439 12.474832498118714 11.895980843825278 11.201590849346667 10.384964985222444 9.438450296227607 8.353032035431458 7.117361447454264 5.715061542784431 4.117983325610393 2.2895579409044085 0.19797783240249975 
0.6132935018376348 2.7174633728417477 4.5139531395363175 6.046992400735758 7.3688435488700845 8.520482180665283 9.525890486742256 10.39965349090661 11.15138363291337 11.788006506223851 12.314861268970366 12.73619818668695 13.05536658557556 13.274850380207395 13.39623673548266 13.420165657251271 13.346287308876576 13.173241256269938 12.898663387008511 12.519219674822818 12.030659893232668 11.42787763720985 10.704953993846917 9.855148190043218 8.870774109246033 7.742861528367655 6.460413131043389 5.009115838524627 3.37130149783333 1.5292060530531508 -0.5264674626984913 
-0.2255586742121037 1.8415623233864458 3.6662619368782696 5.263697400668372 6.66004435192139 7.8809830033278105 8.9466990087014 9.871606463312618 10.666145383981815 11.338193620175792 11.893925724549845 12.338265933036636 12.675090720471562 12.907290352628346 13.036761126727363 13.064373816738653 12.989946428283174 12.81223746008352 12.528967170587268 12.136867373249405 11.63175404845039 11.008610834113854 10.261664644056939 9.384426953716494 8.369667233862835 7.209285621824205 5.894108808890931 4.413951770972355 2.758620238254421 0.9206234852820838 -1.1008100316184914 
-0.880712403808099 1.1502051689743498 2.978307194375155 4.607280783394045 6.0492711734514115 7.319403746907189 8.43198347069965 9.399025288974855 10.230221548266806 10.9334100598554 11.514996511650438 11.980217853270432 12.333264934770224 12.57731199135233 12.714497576224081 12.74589133628602 12.671470632822775 12.490122084166378 12.199675648273239 11.796972496479562 11.277962316515376 10.637820703811729 9.871073311667574 8.971711959085312 7.933293359541758 6.749036526699545 5.41201140417377 3.9156251265547173 2.254684798850275 0.42713522443520535 -1.5638658664752345 
-1.4023081648546527 0.596225629998625 2.41799876739354 4.061336562761296 5.530914934100549 6.834936951988784 7.982751943355236 8.983414846877114 9.845089504117148 10.574924906927151 11.17909494241166 11.662840770186143 12.030470522887915 12.285320812983276 12.429700497617217 12.464838515737682 12.39085360474224 12.206758153233288 11.910502796011086 11.499063084022954 10.968564860684566 10.314441161924242 9.53161135928799 8.61467481086081 7.55812048073761 6.356577422023807 5.0051691752961815 3.5000698707705915 1.8393406920100077 0.02401045683366963 -1.9408315935447433 
-1.8224691378628366 0.14823164118073628 1.96023423363654 3.6091810510219404 5.0954951386345675 6.422904141371465 7.596994870587095 8.624120624088743 9.510721799173215 10.262954914516655 10.886487276941528 11.386355478185589 11.766839746316757 12.031343564692111 12.182285698182191 12.221017363302694 12.147776777950398 11.96169020539439 11.660824576538067 11.24229261172684 10.702407475009228 10.036880804231707 9.241056241330163 8.31017175959334 7.239650211465124 6.025429677348018 4.664359823024102 3.1546950360075434 1.4966918853120221 -0.3067416676242638 -2.2494749903720686 
-2.163547533542082 -0.21628970051156754 1.58546998266877 3.2358956493559115 4.73279746812399 6.076883618862732 7.270926371380549 8.319014548778025 9.225964444332304 9.99687966650682 10.636815272720062 11.150504152743462 11.542122104335508 11.815085520257199 11.971886098224164 12.013971022091681 11.941677087727811 11.754225223437427 11.449778934273873 11.025566951455838 10.478067070252639 9.803245042806736 8.996839837297316 8.054685226302292 6.973058251850879 5.749047711061681 4.380938588675202 2.868607094874041 1.2139108136795793 -0.5789611441578857 -2.503234389864259 
-2.4422730914332607 -0.5144788746158081 1.2780757998682981 2.928604372926382 4.433098525826555 5.790040651738175 7.000001995165246 8.065190440466285 8.988993268535559 9.775539709849044 10.429294349692217 10.954686955573445 11.355784129284928 11.636009676660029 11.797921499896567 11.84305252131061 11.771821864519213 11.583520649288346 11.27637456079789 10.847682901513235 10.294031048203907 9.611569965853858 8.79635250888642 7.844711551717718 6.75365960501105 5.521284037772154 4.147107815018774 2.6323852490476676 0.9803082135527662 -0.8038890101580204 -2.7129221545000965 
-2.672069196578055 -0.7602150295151449 1.0250698198443364 2.676192212403531 4.187594538614938 5.555853248090492 6.77964648044751 7.859562008417808 8.797762834761707 9.5975588892606 10.262940747074655 10.7981223242434 11.207125206202807 11.493425031316226 11.659672136721339 11.70749373075898 11.637381900649597 11.44866986903281 11.13959746035367 10.707465239499614 10.148874750087698 9.460049124811352 8.63722331211933 7.677085316699731 6.5772383053802645 5.33663866778358 3.9559513170245255 2.437760660518232 0.7865960733606424 -0.9912207912093656 -2.887838205081723 
-2.864602281613329 -0.9655754991996329 0.8151176808496712 2.4689078426366082 3.988519109012562 5.368536221013197 6.605779607416517 7.699358344338087 8.650413818503582 9.461654199297026 10.136796578844104 10.680006636334582 11.095390798682935 11.386569433946047 11.556344124211062 11.606464011924135 11.537492540858118 11.348774601366832 11.038503860312447 10.60388999948605 10.041424893364841 9.347244508091398 8.517578249784423 7.54926778904133 6.440320451480123 5.1904354468958145 3.801408152722893 2.2772956197827448 0.6242511584399352 -1.1499678299163094 -3.036665119058934 
-3.0310959800705155 -1.1420820855278846 0.6376577079791075 2.2979887824491434 3.8292093097183924 5.223384002748983 6.475264651910076 7.582559142095564 8.545636868879203 9.366913598361586 10.050129450501963 10.599651832931162 11.019865195595566 11.314672449721233 11.487114675274768 11.53910778704757 11.471292366972927 11.282993312339723 10.9722877568293 10.536181829696398 9.970898307729255 9.272277050639792 8.436286843802158 7.459638518604691 6.340470572262022 5.0790419472986015 3.67829859191689 2.1441021752502563 0.4848848067740311 -1.289346623193385 -3.16840404022895 
-3.1838366166212206 -1.3020901194747174 0.48202534403787645 2.1554041187439195 3.7043226912962157 5.117218065140591 6.386394199687735 7.508316274682952 8.482998053194942 9.313027793025507 10.002586832737704 10.556581710510795 10.97992727672661 11.276984742268372 11.451145894374362 11.504551093362108 11.437929693064497 11.25055505549947 10.940311066910114 10.503872096320137 9.937002884554362 9.234988037955423 8.393201427686797 7.407821873883787 6.276688819727595 5.000258846525691 3.582542038956709 2.03166661613568 0.35953208697283884 -1.4199458923105304 -3.293650038862488 
-3.3385032791561637 -1.460774757080801 0.33648077484613154 2.0339510859386047 3.6104894995535077 5.049138053225007 6.339493669833929 7.477380116429979 8.463215797888013 9.300455780710882 9.994283845021638 10.550568225650471 10.975054395316986 11.272762488645789 11.447558083163555 11.501869216988263 11.436528794723356 11.250729192241185 10.942084227698983 10.50680219186099 9.93998189440608 9.236051186406248 8.38937353760942 7.395052362376009 6.249964095423206 4.954045826411632 3.5118240332089092 1.9340103550185086 0.2377915297715752 -1.5555694603115087 -3.426775605277589 
-3.5185295450298075 -1.6397998193927301 0.1874414314188274 1.9283265381332015 3.548004308968131 5.021702247426963 6.337635379626579 7.492489915049314 8.488348317345896 9.33049034419803 10.025798716425133 10.581589292914435 11.004761707481029 11.301198461932204 11.475356902599001 11.530010860297045 11.466110814100862 11.28274372351429 10.977185923429111 10.545054649750625 9.980575989737057 9.276999304988964 8.42720025111102 7.424526938420178 6.2639604036275225 4.943692956536686 3.4673045160340266 1.8468087610215789 0.10713418767280262 -1.7168077918820603 -3.59019368890794 
-3.767919912840308 -1.872941854630032 0.01903500669019622 1.8405185528601653 3.5237202550939246 5.042387349463987 6.387292010370405 7.558610333948888 8.561816514232797 9.405176664294348 10.098047167372973 10.649691253308669 11.068468108063762 11.361296100210515 11.533313657171696 11.58767916149894 11.525468891371604 11.34564901312183 11.045113498569592 10.618795176968277 10.059873025698806 9.360115851097865 8.510420264480144 7.501618823678432 6.325656301805103 4.977279467137787 3.4565264725494176 1.7728102716186347 -0.047490785892352665 -1.9365938382267052 -3.827093071501626 
-4.166001293647759 -2.2415274363527637 -0.15952284964723906 1.7878447377435311 3.5542336946247084 5.124664391751999 6.498592355319906 7.682839722617072 8.688169872840932 9.527034080269859 10.212009739751586 10.75474458701377 11.165286369715046 11.451689553697681 11.619804541430206 11.673176321729946 11.613003437806361 11.438129949507639 11.145061496192106 10.728013520924547 10.179018222324613 9.488138742666427 8.643863283091456 7.633773488472432 6.445595438265133 5.068753646410107 3.496613367851459 1.7298913953382964 -0.2162962256969496 -2.295536188581258 -4.216135164284937 
-5.345480035641275 -2.6525153922733207 -0.29494206259966016 1.8088556056226153 3.666725737004163 5.287798400340221 6.6848181058622025 7.873832134964671 8.872518959431597 9.698543798029077 10.368297174814844 10.896091761349627 11.293744716086428 11.570421529208868 11.732622811114837 11.784226401318309 11.726531471902508 11.558278208943145 11.275635136614195 10.872161191993508 10.338768250239003 9.663736958420094 8.83287342575683 7.8299256772728825 6.637384380868841 5.237740798870975 3.615126183249722 1.7569764620002728 -0.34565991569092075 -2.700443638030932 -5.3884847817910435 
-11.222270539522318 -4.805902356138362 -0.8847864080511563 2.1036356496119355 4.468951597428704 6.353089075500164 7.848759646968541 9.029482123555553 9.956399739497435 10.67951274421095 11.238165936045224 11.66202655504573 11.972537348337523 12.18449558587604 12.307444293209564 12.346702713752723 12.303982149686307 12.177590173913458 11.962230364557028 11.648389229036717 11.221306349271595 10.65958136841488 9.933592322462228 9.00404326860658 7.820996666572182 6.323410028829643 4.4379380105514965 2.072150533463386 -0.9154424667353843 -4.833641945771018 -11.24161578723883 
-12.281104177705155 -6.181478684988838 -1.3820490842092386 2.224517637002572 4.9711339611290235 7.05246395320822 8.61372797236007 9.773370311628707 10.628744112536848 11.257140789886817 11.717020334747334 12.05043681334939 12.286225370542418 12.443219065298202 12.532951084506 12.56159089415448 12.531075190919312 12.439476957095762 12.280638503214814 12.043040891321668 11.707864783122814 11.246281049116147 10.616224636866395 9.759204107187571 8.59789382704416 7.0349581193019395 4.952111543724612 2.204524128465937 -1.4018019742634769 -6.198767765665562 -12.293284569036086 
-12.659906296408815 -6.588417355239884 -1.5957613253055407 2.3036763397226565 5.251266956897578 7.426837560986134 8.996274385077996 10.106660713583613 10.881488380706543 11.418194266334744 11.788969243422166 12.044210481985502 12.217226103274372 12.328899266533977 12.391509649439927 12.411407748757789 12.390547984204986 12.32698341194494 12.214372804263675 12.040447019560114 11.784329038864167 11.412698941863525 10.875108485926768 10.099256008764312 8.98754081393583 7.4163339451106065 5.238619082425417 2.288997653745742 -1.6113780018398343 -6.602744145095026 -12.67013040105402 
-12.655032056053669 -6.5628662273624 -1.5799154484887545 2.356077542162389 5.327638362670322 7.480981121726802 8.986370325824984 10.007114381204373 10.683301800530286 11.124877415468184 11.411684309080655 11.597830091161702 11.717785476760747 11.792290753514068 11.833045966306365 11.845892945404687 11.83259347275032 11.79139497975918 11.716468160711349 11.596129554847412 11.409653550646187 11.122563400183678 10.680687432919065 10.004006708905735 8.98224286585508 7.474863036273011 5.318303547215294 2.3427522887022647 -1.5964532494151604 -6.5796515803116975 -12.667440427994856 
-12.071794822365018 -6.3227206340860524 -1.4996365148510091 2.311248568500746 5.157023405255343 7.1740844244378765 8.53715505349029 9.420009353462675 9.972169720908335 10.309083876334277 10.51214730604047 10.634374542275726 10.707966991336312 10.751295323141608 10.77417695053757 10.781290493113081 10.774009395471849 10.750972513300145 10.707520140343114 10.633865196832964 10.511676898869247 10.308784735819957 9.97214631108375 9.420184418003918 8.5369757259204 7.172081322701609 5.150544134665836 2.297481039058906 -1.5212598435495006 -6.347823822474947 -12.091999968037893 
-11.76842751417269 -6.411041201358443 -1.8471668572970243 1.7305420905753615 4.365313962465436 6.197509711335745 7.402595130373139 8.154850113629774 8.603225642073436 8.860844161100825 9.005441702494338 9.085949815121024 9.130862922404402 9.155658176441776 9.168182735914604 9.17200131553687 9.168130889373401 9.155569769407297 9.130778839739024 9.08595696660438 9.005699159088442 8.861599036710276 8.604782630435995 8.157431981423231 7.405996414137165 6.2004111208490915 4.36391959080164 1.7177605642743548 -1.8758110145740483 -6.451220734801916 -11.802789201074717 
-12.288460931061035 -7.223466717861214 -3.0825072728148424 0.10013650518644873 2.4232589998806198 4.019568886546781 5.05036429072569 5.676860608340858 6.0367154599652135 6.2334853383421835 6.337105256527091 6.3905080602874555 6.41788417188091 6.431844352372376 6.438486200736211 6.440453379331432 6.438478659487554 6.431847628518517 6.417949060685115 6.390747906512496 6.337741861422496 6.234900454331005 6.039478668323325 5.681677675084919 5.0578531999443985 4.0296317851277195 2.433586054518741 0.09931356224176054 -3.120470856121876 -7.292611966856413 -12.360421820234222 
-13.306069829738595 -8.72767016103487 -5.3337176157598085 -2.702934276965613 -0.7728172719517583 0.5491030262081189 1.3939675377994614 1.8985662706966444 2.1809870691347477 2.329843102706775 2.4043531357867396 2.4402514100095143 2.457192146976046 2.4651006008744587 2.4685916088275475 2.469585044535802 2.468599241342286 2.4651357296103473 2.457310947525404 2.440583194845371 2.405161859071201 2.331611901197318 2.1845126048754158 1.905040470362444 1.4050244791073512 0.5668426427051028 -0.7463873336874127 -2.6659441710708167 -5.333604103213503 -8.90551883331287 -13.442280168347072 
-13.616940385412738 -11.10247601441049 -8.721587484140699 -6.729555676639263 -5.239908355871924 -4.215768670128175 -3.563849282379822 -3.1782759437184236 -2.9658621170768598 -2.856510394889599 -2.8036152885653727 -2.7793442695712214 -2.7686251229458096 -2.76400767957488 -2.762122455416752 -2.761610279554037 -2.762111510673509 -2.7639672315367507 -2.7685019951407748 -2.7790137698998927 -2.802816512569289 -2.8547487345150557 -2.962276973632466 -3.1714615334667746 -3.551550804281944 -4.194223133676772 -5.201556420749686 -6.660881452107086 -8.542251983025054 -11.10056068513394 -14.85792489085204 
-15.388931439072625 -14.819875054726172 -13.26063205538451 -11.892401109664139 -10.853172854711927 -10.136368380258428 -9.680427868407817 -9.411681962039127 -9.264504517603559 -9.18942373387239 -9.153597587317611 -9.137488486117592 -9.13057986718954 -9.127717662522295 -9.126597212674364 -9.1263010014491 -9.126588350791476 -9.127685926536381 -9.130484912152207 -9.137235061694483 -9.152984580502753 -9.188065026010754 -9.261715581452703 -9.40631066796363 -9.670544670823604 -10.118445834077544 -10.820147937217708 -11.820641817552792 -13.123090514189457 -13.571406551915851 -15.383332829115203 