Step: 3870.0
9.644934333245516 9.44154113023588 10.017084891121614 10.611539530724054 11.275069445093386 11.936749251789358 12.562936198070727 13.135529656872697 13.64506016040632 14.08663297225759 14.457828582805316 14.757538684320979 14.985290151142628 15.140832563937348 15.223875875811842 15.233918769869163 15.170135492481638 15.03130300233539 14.815757750406979 14.521375751401875 14.14557297600625 13.685327415458232 13.137232219556386 12.497606391886837 11.762729158243001 10.929342027303532 9.995890915478054 8.963985875702868 7.855421208641198 6.490063486975802 6.570013919186219 
8.980429085327884 8.417708094250857 8.871019888273262 9.581826836287231 10.330411363034797 11.064393259600237 11.752574569224231 12.378825238387423 12.934589179439804 13.415465048937337 13.81932295701631 14.14524058715257 14.392868971292224 14.562036752645202 14.652493521576341 14.663739185390291 14.594910115384243 14.444705250403189 14.211341958636973 13.892535245874639 13.485496730874235 12.986953345915623 12.39319221373291 11.700151944527965 10.903609755953516 9.999592636594675 8.985189144899348 7.861597900766566 6.627987126274693 5.456246026122993 4.643787587813501 
5.970145514181921 6.714879366617982 7.572738891815719 8.476148941757204 9.361273454470961 10.19321578101314 10.957090372036662 11.644261420824712 12.250065328354559 12.772181688969377 13.209654617093257 13.562256367369322 13.830064850257227 14.013175291781467 14.111499330950716 14.124623926978948 14.05171348925538 13.891444776707397 13.641967354531525 13.300884029149794 12.865246590791337 12.331563078843763 11.69581432565008 10.953480315974723 10.09958243945871 9.128745153184303 8.035383865198785 6.813260576718892 5.465690339489858 3.972467734511572 1.8855479982394763 
2.7479890126949758 4.831093113682507 6.191797811788698 7.353725068177782 8.39687126829781 9.339670653395267 10.186374872502538 10.938334543002384 11.596136285107564 12.160380341777454 12.631800622527201 13.011185410040063 13.299243895255007 13.496472310683888 13.603037536416334 13.618683328577276 13.542659647962832 13.373673590937036 13.109859153092287 12.748761773919572 12.287331994021812 11.721920202122305 11.048260332092543 10.261421787715477 9.355687381309899 8.324267552306436 7.158544772405775 5.8467146900285 4.364233834968246 2.628328632419153 0.5613282966641562 
1.1594171375313442 3.2373039908764984 4.910424617281146 6.285366773025499 7.475728210481019 8.525327593381641 9.453392795117281 10.269336957229468 10.97846742331115 11.584196066697409 12.088976247658781 12.494674898633212 12.80269507340247 13.013988717277105 13.129025393471773 13.147748817761194 13.069536761168756 12.89317129728961 12.616821141314082 12.238033896940957 11.753732218145903 11.16020309039993 10.453061790137916 9.62715750151553 8.676357092699355 7.593067374090907 6.367215075778585 4.983532328204812 3.414789341179785 1.6250517725701805 -0.41732808481552475 
0.012114736823892693 2.067828268731356 3.8254060386648026 5.32907090050235 6.630626131926057 7.770233849269406 8.770790898552667 9.645586111959155 10.402782019922856 11.047766373235218 11.584328938313686 12.015240930065833 12.342523615394052 12.567557504986327 12.691113038109982 12.713346949895989 12.633788525068395 12.451328351190082 12.164214738124278 11.77005741781796 11.265833105040391 10.647881804628534 9.911874811268104 9.052722470882841 8.064366525697103 6.939362908340363 5.668071216647927 4.237306803799052 2.6302358716294325 0.8295469503326768 -1.1740896803492764 
-0.8593374508108554 1.1565681565634445 2.9398794785614584 4.50583558193541 5.8802360131052405 7.087987963935894 8.148177630630403 9.073865420819484 9.87395819488464 10.554701555138395 11.120624726013311 11.575081830884583 11.920539997304736 12.158718541623418 12.290646397909896 12.316679669580962 12.236504752586104 12.049141591804117 11.752953975046998 11.345667848482272 10.8243934651325 10.185642015384873 9.42532161572079 8.538690777151325 7.520241112428758 6.363481503043935 5.060651000147709 3.6027027481230025 1.9802307168126339 0.18610827662398802 -1.7805597729650584 
-1.5470306519753552 0.4299654400261131 2.214336964869109 3.8099005252062415 5.228465173770765 6.484397593320338 7.590883773678651 8.558533953875113 9.395433495635226 10.107701307754832 10.700007002643709 11.175929570574963 11.538171121741106 11.78866842434238 11.92864244008761 11.958616647786876 11.878425502677198 11.687226469425761 11.383522651553415 10.965197731381904 10.42956038572381 9.773391417253222 8.992983852711768 8.084165635998719 7.042300507860176 5.862287921210568 4.538658397864552 3.065973293026754 1.4398099725171272 -0.3415653569045672 -2.275167317809553 
-2.100768636174341 -0.1588007349000721 1.617008837645207 3.225144768201034 4.6699649358054325 5.95891150137373 7.100187491452151 8.101391397300919 8.969008934637692 9.7083868165528 10.323874708812097 10.818969677178554 11.196412729508646 11.4582370026098 11.605783664669127 11.639703782727103 11.559961349149475 11.36584811634323 11.056016263261562 10.628530678471302 10.080938986768862 9.410354672990461 8.613547555270259 7.687038268542085 6.627203205674332 5.430419976826449 4.093321361470964 2.6132600493212865 0.9890672123353035 -0.7779264893810531 -2.6828338340380564 
-2.5523984720063755 -0.6408323508604024 1.1230794558613644 2.73516071190285 4.195523742481926 5.507123251761449 6.6743657891751536 7.702093041583591 8.59499479129727 9.357341420474107 9.992887554691505 10.5048391965514 10.895830676385808 11.167895623117559 11.322434650771951 11.36018898084189 11.281229709134267 11.084970297648336 10.770206821965917 10.335187321322048 9.777708708152547 9.095237529802796 8.285050188244407 7.344390370779642 6.270648382097381 5.061579753055958 3.7155953038550042 2.2321592534789296 0.6123083793291121 -1.140755384971066 -3.02112436008312 
-2.9240476913444775 -1.0384034670564595 0.7132486196970605 2.3252734031655344 3.7951732079001532 5.122866173137178 6.309905434774255 7.358808547281361 8.272564581853173 9.054303367939374 9.707075451685084 10.23369383445742 10.636607506424001 10.917795132752335 11.078678804157136 11.120062899433783 11.04210417712508 10.844318150578193 10.525624775725323 10.084434109411344 9.518770210248013 8.82642942863613 8.005167763550492 7.0529117621429105 5.967989134024859 4.749378762076393 3.396983087507035 1.9119245051554212 0.2968564974352136 -1.4437407458886835 -3.303333530485367 
-3.2322734015092327 -1.3684706006793967 0.3720749249671227 1.982798113402727 3.4593864074101806 4.7995141384999505 6.002491401413239 7.068889847465757 8.000186121306744 8.798440722037766 9.466015067451938 10.005324098014219 10.418622545090523 10.707825873787467 10.874369281444245 10.919109145900093 10.842271119822426 10.64344807643916 10.32164965868382 9.875403430757471 9.302905603062358 8.60221693884237 7.771496655013766 6.809263798261322 5.714671702116459 4.487777040422227 3.1297817822379628 1.643226016929177 0.032114350619046106 -1.6980311729614432 -3.5401858260600063 
-3.490380795713963 -1.6447886436475416 0.08669983912067325 1.6967404458657314 3.179482146436402 4.5306794502738645 5.7477061227589825 6.829442051210777 7.776045672491589 8.588651299497092 9.269036515853967 9.81929646048988 10.241549420923928 10.537688142717379 10.709185028684459 10.756955980576569 10.68128574297852 10.481816417038223 10.157599842115136 9.707213459072365 9.128937731351412 8.420990775340174 7.581811924386277 6.610379672704214 5.506539932174232 4.271308048346836 2.9070961630702143 1.41781530577297 -0.19117964272861918 -1.9132896831262203 -3.7409479633066054 
-3.709970683711934 -1.8793711847020604 -0.15416125916888226 1.4573819477721883 2.9477182129814525 4.310608525463696 5.541526729365725 6.637792579424458 7.5984322315006425 8.423852534711019 9.11543076309826 9.675096822196492 10.10495381086308 10.406959850222432 10.582681175673422 10.633120087629456 10.558618583256308 10.358837555194645 10.032811291964185 9.579076944926223 8.995878024546847 8.28143913976601 7.434305074784472 6.453729291960041 5.340082636278263 4.09522972282316 2.722791218765404 1.2281906300712269 -0.38159258461988543 -2.098552451467215 -3.914318927686858 
-3.9022400752813344 -2.0837272525966006 -0.3610965427998699 1.2558882066070534 2.757329747689615 4.134492824338789 5.3807432124122405 6.491900836533113 7.466081192197632 8.3032434727319 9.00463624650363 9.57225650174233 10.008374896184936 10.31514793153019 10.494322583598027 10.547032502253941 10.473682916063233 10.273921648880311 9.946694957806061 9.49038840819307 8.903053996701884 8.18272442081754 7.327812639790651 6.337587692573815 5.212702164201629 3.9557150945884203 2.571493137534526 1.0673014408718873 -0.5476269435586474 -2.263105587369169 -4.069349445638075 
-4.079449282446396 -2.270219838714195 -0.5448676479660196 1.0840303809402978 2.6027083900415584 3.998875584106968 5.26341011438072 6.390755550710133 7.378484406872222 8.226527247886882 8.936387089344118 9.51044322567866 9.951375308437225 10.261710898711085 10.443489986545854 10.498037297954978 10.42583391460305 10.226482266164767 9.898762024305835 9.440778128840789 8.850205464657673 8.124636918451827 7.262041869242215 6.261339219390111 5.123079409300333 3.850202967269468 2.448771454194525 0.9283539559069113 -0.6984231965158801 -2.4176189420597063 -4.216676308096677 
-4.257158834286775 -2.4539801131615118 -0.7173660749163768 0.9342422117207608 2.479991392774635 3.9023446167400375 5.189410667960323 6.334780431279668 7.336160076767595 8.194077269307897 8.910804300405607 9.489500333775393 9.933545757178969 10.24604156100538 10.429449826909737 10.485355180756168 10.414331648643776 10.215904885233924 9.88860595392394 9.430119260798453 8.8375333681771 8.107708800541639 7.237781402821341 6.225823551046815 5.0716888833854705 3.778066718417137 2.351744180256087 0.8049339546955279 -0.8446020474117658 -2.5759142636949934 -4.3706099320598435 
-4.4583770090991415 -2.656405517176072 -0.8923727810635826 0.8005955468094245 2.3886295319517585 3.8466295632449694 5.161129197969157 6.326213651353259 7.340847679015934 8.2070182712582 8.928407582753046 9.509417545786793 9.954452377727868 10.267401486743205 10.451281645754314 10.508006828737823 10.4382623825667 10.241468932699867 9.915830716853549 9.458472548000495 8.865678884717953 8.133257189137279 7.257056035920876 6.233678034976316 5.061444190834616 3.741702950373432 2.2806623357254026 0.6920299052581851 -0.9989461457541118 -2.7583626866758393 -4.553179520504705 
-4.725697689565746 -2.9104873419915087 -1.0860208859994651 0.6838546234243499 2.3340771471055914 3.8379602864705893 5.184073884999959 6.3693556971819145 7.395562666781264 8.267182037618554 8.990022765094391 9.570217969567757 10.01351791990269 10.324802592509405 10.50776093499342 10.564694817856465 10.496416369325523 10.30221921734242 9.979916744599942 9.525953281650054 8.935606777707417 8.203313384598914 7.323155200647364 6.289563401161278 5.098307206814862 3.7478888287063605 2.24161327577586 0.5911112004246661 -1.176809666065346 -2.997140255393501 -4.806180278216491 
-5.135143658654018 -3.294404313225578 -1.2908677819825072 0.5989651027473444 2.3307270284038437 3.888060237349545 5.267139653534001 6.470530692331564 7.504431800068604 8.376895734692795 9.096562390773302 9.671750348228763 10.1098330041715 10.416836664610999 10.597200845355363 10.653648401193951 10.587125615319366 10.396787631908031 10.080020695956438 9.632508869225001 9.048369053360013 8.320393557699552 7.440452164716274 6.400113204626282 5.1915461208054285 3.80877950375174 2.2494671611127397 0.5176290566080631 -1.3702314414431795 -3.3696897601713345 -5.204953990204606 
-6.287664450665372 -3.7204427443166788 -1.458303718657314 0.5804106795688798 2.4025899059523343 4.013943067743796 5.4221874494002735 6.637628535835732 7.672248738775785 8.538573676328543 9.248666471144132 9.813383556210601 10.241901111068362 10.541460762239437 10.717263079914554 10.772442227115782 10.708071910700683 10.523172927086438 10.214712302676904 9.777603182444812 9.204734457076755 8.487079525065965 7.613950744793455 6.573471306469484 5.353316275523493 3.9417138139335055 2.3285729170828433 0.5063878586604847 -1.530342205972932 -3.788281567023434 -6.348430711660682 
-12.022821852763094 -5.96947885592633 -2.2484570193430473 0.6306856465009577 2.9577249366653873 4.857412186900116 6.405342079572183 7.659260419343634 8.667350966669824 9.470137060907506 10.100798310848807 10.585452111728982 10.94375512981798 11.189740097456502 11.332688251690177 11.377860599917856 11.326974445534244 11.178368906759871 10.926842975576324 10.563181425163622 10.073424069425394 9.437992106569348 8.630850177238623 7.618907741882013 6.361749602979883 4.811343709190124 2.910174276381352 0.5829969396927471 -2.2943871776730664 -6.010683587151546 -12.051508591544405 
-13.150094073621768 -7.451624999255997 -2.9233259982376625 0.540626709667747 3.247816406346004 5.365943155614274 7.012796641679096 8.282318925893472 9.252813369420121 9.988811724522941 10.54164187799951 10.950359098556724 11.24329127136103 11.439912024673735 11.552655267265807 11.588371024197658 11.549249042561028 11.433133855514358 11.233211128909277 10.937083775294106 10.525312937081106 9.969597507289265 9.230895256036936 8.257879654339272 6.986031149330519 5.337124099722394 3.2174443738911176 0.5096698570001469 -2.953122265532626 -7.477251301923174 -13.168020766724375 
-13.626359334946995 -8.005577278804317 -3.320969459604759 0.4174542374435881 3.329544234209261 5.561622561775808 7.2437680381562775 8.491402685952316 9.404367073441902 10.065395171001967 10.539636812026238 10.875748944734417 11.108191243426042 11.260032307942852 11.34562193392165 11.372696003159664 11.343692782966688 11.25619804136922 11.102500538800431 10.868273860295712 10.530464993983854 10.054609873437723 9.392011588469785 8.477434864867272 7.228032260080611 5.543901755683244 3.309770552491542 0.3961056832026987 -3.3424127876733363 -8.024523980984458 -13.63968361545149 
-13.746734551014868 -8.160840711487628 -3.5103606222826427 0.2593150348676418 3.2062487606945553 5.437020745630144 7.07856977517435 8.256683842556297 9.084754873627945 9.657589220862269 10.04927052848829 10.314172222591214 10.489907121574277 10.600987056618129 10.662254000260582 10.681530088341162 10.661247885509388 10.598996838426983 10.486978436204776 10.31037429512777 10.044687687539005 9.652293850834573 9.078750486142102 8.24981211025895 7.070395601090688 5.426774625675286 3.1930309831862114 0.24272798022526038 -3.5292810824723735 -8.179132291513428 -13.760031190080712 
-13.356332140373484 -8.13625529554295 -3.659439116010872 -0.009428119159168784 2.831451493042157 4.95132973659596 6.473607064553536 7.529517268981551 8.240375809404307 8.707701403768477 9.009726834992996 9.20252508988116 9.323718574974052 9.39699027472622 9.436185793685238 9.448387544926165 9.435760780232194 9.396164769515087 9.322546315969037 9.201094811236828 9.008160775252087 8.706131998166509 8.238879350236841 7.527977978866754 6.471486831027483 4.9473399683950765 2.8233816473279965 -0.02380826791575606 -3.6803615577563833 -8.159722110381312 -13.375001403566964 
-13.197239819106143 -8.373257493584463 -4.157381693795084 -0.7307949774197364 1.9147969038879014 3.864883558481876 5.239200364940791 6.167626922591424 6.771364505925613 7.151537430093075 7.385106715360727 7.526145541122817 7.610007684931715 7.658284936594954 7.683205045896399 7.690849468022609 7.683047880902568 7.657999303397914 7.609659415114581 7.525851308844834 7.385044959908634 7.151941040939339 6.772470121718418 6.1695430859212275 5.241631474499552 3.866605198279199 1.912564696758671 -0.742919418049125 -4.183009125918537 -8.408531996020251 -13.22725464333053 
-13.761466964140094 -9.23755864733994 -5.431513271473723 -2.38461485199644 -0.04246526261539225 1.6719960614702487 2.8654448942444155 3.656633062246802 4.157754598406181 4.462517604360857 4.641724950256093 4.744445333627842 4.802149115973581 4.8336031086770985 4.8491570215770015 4.853833125421959 4.849121576804373 4.833565530107063 4.802188284534064 4.744708195681916 4.642453436201711 4.464067994044767 4.160589680836137 3.661257375063315 2.872230091266393 1.6807145733382791 -0.0338122159187909 -2.385681526434227 -5.464457371215928 -9.297036080805151 -13.823347020140769 
-14.742310196502022 -10.683001252892181 -7.569861947820209 -5.0489000724056075 -3.0960573954557504 -1.6668881230068182 -0.678396613742753 -0.031051667535542428 0.37144242574548636 0.6099768585667261 0.7454841413680199 0.819818914828567 0.8594602549756343 0.8799187209017316 0.8895721393622278 0.8924049962819518 0.8895863839195848 0.8799825443814331 0.8596590824057954 0.8203171609786647 0.7465656764178006 0.612091386052934 0.3752508471240503 -0.02463382682889254 -0.6681478038110091 -1.65118662173406 -3.0732328726655593 -5.017096274297958 -7.569696497761578 -10.836613876095797 -14.85928294804918 
-15.075721291145753 -12.843335710168734 -10.651742546596001 -8.737596071255302 -7.225327958452186 -6.112924406721605 -5.345049986481148 -4.8455962902006 -4.538586581140929 -4.359666538888958 -4.2603748148162195 -4.207590688737917 -4.180541066589734 -4.167201003840426 -4.161167431441959 -4.1594380896994405 -4.16113890908228 -4.167111323529921 -4.180310341819172 -4.207062138876305 -4.259270059319136 -4.357525936528523 -4.534689663244844 -4.838835931611431 -5.333666715904566 -6.093878247022985 -7.1921978776389315 -8.678578754899398 -10.49638036127726 -12.84119370351464 -16.154709455114222 
-16.63927948119207 -16.116218037233743 -14.676462649212889 -13.35892157090684 -12.30212067333695 -11.521984554275418 -10.98352581828675 -10.634118934552037 -10.42026906396428 -10.29645542978474 -10.228386718661742 -10.19266847726118 -10.174676667598925 -10.165985492713753 -10.162134205264728 -10.161043490920243 -10.162109901268108 -10.165912348543134 -10.174494345365172 -10.192257705301426 -10.22753353404531 -10.294801256739218 -10.417239246551212 -10.628799539721657 -10.974395938930439 -11.506165812930401 -12.273620970837229 -13.297190721734227 -14.557913610923974 -15.029235236146256 -16.633372795622893 