Step: 2340.0
10.860891888238507 10.703222512557574 11.285754073211558 11.902225370013056 12.574661570679107 13.23079146070754 13.837934303092807 14.380480356608068 14.852245278495307 15.252035881361648 15.581251902686429 15.842465741140789 16.038522029303884 16.171933432651016 16.244462985079547 16.25683748657153 16.208563018219415 16.09782666418224 15.921474886522493 15.675062173669634 15.352965731228082 14.948565099598056 14.454492704128942 13.862978518995538 13.16635459224874 12.357875559751157 11.433368078551359 10.393494112616978 9.261626202735792 7.888870210735778 7.918258699985364 
10.219429647985574 9.742144370586928 10.2439545139491 10.981545503139838 11.741526265792482 12.470264182915123 13.13822914678436 13.732150915201855 14.24711085791033 14.682758896760326 15.041128235692735 15.32530155006065 15.538536897934694 15.683665681486552 15.762668327292504 15.776379389495608 15.724296552373803 15.604479225701958 15.413527775916794 15.146636906350421 14.797718145969068 14.359588515823841 13.82422766178278 13.183118947899489 12.427720673777046 11.550198179032535 10.544626435695873 9.410486094540195 8.148425134438318 6.923359690165417 6.015553147236594 
7.273551156735383 8.115709456693857 9.039381812650538 9.981445277098123 10.8825959992875 11.710957812472088 12.45430115815666 13.10746232086195 13.669865453954513 14.143638383714352 14.53235422874154 14.84012423634628 15.070926214376295 15.228098703584179 15.313962058326279 15.329544947939462 15.274404160207183 15.146530139703218 14.942332417759827 14.656699191406775 14.283124572107118 13.813896086387501 13.240334546999673 12.553079067464777 11.74241305123784 10.798620960316043 9.712445706392172 8.474854090519043 7.0859206365547545 5.520448525192187 3.3251769986043804 
4.127992585163794 6.31773609584477 7.754426188527495 8.963559453799267 10.028043668553975 10.969597101254863 11.796044075292967 12.51278719396738 13.12496979875535 13.638051059357501 14.057667210959057 14.389282133034676 14.637797672952367 14.807192763003233 14.900219863205837 14.9181714828397 14.860722509616298 14.725850123598448 14.50983001697528 14.207304591880815 13.811415266864104 13.313986419851283 12.705741633629096 11.97652075493901 11.115439456569902 10.110874227617735 8.949917319538937 7.616978287358411 6.084012682593898 4.265122649004611 2.0809206008515164 
2.6230002821336273 4.815189599544113 6.572078951121323 8.000824660663335 9.217123884126373 10.26790401206565 11.176255154922398 11.956075966457213 12.617645534730544 13.169626007306787 13.61973712758359 13.97485191448689 14.240853929778968 14.4224132990562 14.522759457782792 14.543491098697379 14.484444729729715 14.343632400084402 14.117251922713427 13.799767031424638 13.38404895445881 12.861563528334056 12.22257713715683 11.456336021748585 10.551137129729906 9.49412384073893 8.270481509916069 6.860864319260651 5.234769071930173 3.354104326451207 1.1867199607946497 
1.5626893237592503 3.740153435584095 5.588244048415279 7.151277087135106 8.482729314522691 9.625727065437644 10.607149359204373 11.44505089906102 12.152909569999608 12.741718132111055 13.220876443083752 13.598479364200402 13.881307459250422 14.0746884451003 14.182322813116045 14.206126838713052 14.146123329659657 14.00039646836252 13.765117538142702 13.434640702911189 13.001660710681112 12.457416007654054 11.791909524237182 10.994102528080335 10.052009108348965 8.952575353105452 7.681140792283089 6.220338415302293 4.550244711172009 2.6518468014200676 0.515814869203168 
0.7797870509413258 2.9247885770465416 4.804889023905671 6.435194277655523 7.84298557100254 9.05607063386775 10.097610151906052 10.985645788129379 11.734688088467035 12.356906584146673 12.862760934130412 13.261230494431427 13.559809047323446 13.764383988204534 13.879079217524989 13.90611258031141 13.84569946011598 13.696020835968556 13.453264318784823 13.111738683383603 12.664054965237044 12.101359349417756 11.413594129785825 10.589752713850423 9.618084912497615 8.486207761520882 7.181135147055376 5.689562509131986 3.999078696281264 2.1010673929813706 -0.005131354749349821 
0.18080506763395823 2.294141752629427 4.1812852539946235 5.845798883896381 7.300892718693773 8.563836696322054 9.65199535803376 10.581155337150356 11.365264865338776 12.016659740631422 12.546240226144892 12.963496786108827 13.276413820886338 13.491308333006772 13.612655326404244 13.642939404887146 13.582559877597701 13.429806421991326 13.180913876676176 12.830197429664473 12.370262725416854 11.792278894502033 11.086296471496619 10.241588244337533 9.24699410048535 8.09127457194628 6.763553776791697 5.254046723282804 3.555338079471353 1.6642961584532616 -0.4157347279375873 
-0.2852295642045494 1.8001741304572798 3.684483782793763 5.365857716301625 6.850030988792505 8.147394175477853 9.270451569265399 10.232172045400283 11.045151807379213 11.721232859208389 12.271281820784843 12.704981289464172 13.030599917459599 13.254755007035381 13.382195009965715 13.415628482193311 13.355620290721621 13.200569071797231 12.946773400339325 12.588588066762346 12.11866616614331 11.528277451733176 10.807689299962322 9.946595686076352 8.934586090672283 7.761667280775089 6.418887266042727 4.899144260024469 3.1982433655010816 1.3161478798235833 -0.7418236540066853 
-0.651173671958047 1.410711355230434 3.2885781388998097 4.977873175561086 6.48009170754298 7.8012082934760825 8.950070231876259 9.937090275836924 10.773315648072558 11.469785583811001 12.037051136540688 12.484770270085484 12.821342644245298 13.053583022184027 13.186447128786604 13.222826988724307 13.163430511538643 13.006755840030443 12.749166256216444 12.385066712717231 11.907178384806963 11.306903142899992 10.574766125791662 9.700923092562343 8.67572224679317 7.490319247698195 6.137356055154885 4.611716950813042 2.9113510752643066 1.0380912599932899 -1.0016759444236818 
-0.9400055053990879 1.102566899187755 2.9733163518925574 4.66618893247742 6.180090126330021 7.51804509130962 8.6862012065225 9.6928586248936 10.547618131992618 11.260655834348094 11.842098779405843 12.301476090496163 12.647235400233296 12.88632816826776 13.023874571771058 13.062920033107599 13.00429371209562 12.846576321383788 12.58618130498606 12.217549939559243 11.733457137383628 11.12542050662212 10.384200685591685 9.500376698462903 8.464977000306133 7.270145537013052 5.909821411329311 4.380407172800917 2.681390172816222 0.8158636102157928 -1.2091235085460033 
-1.168951551397623 0.8580631797039565 2.722495901551385 4.417321377440039 5.939653660251815 7.290368821184833 8.473536692818646 9.495738096068697 10.365331214318351 11.09171354239516 11.684612032110174 12.153425726495549 12.506640561323117 12.751332754528557 12.892774030468264 12.934148703532545 12.876389682758573 12.718137954977696 12.455827944503051 12.083898936768323 11.595129926815979 10.981091201894493 10.232700163441319 9.340861038565194 8.29715840340626 7.094563906121509 5.728106701587424 4.195454690776407 2.497359492498124 0.6379340690849054 -1.375246155722227 
-1.3517809387673594 0.662947082933096 2.522734898220812 4.219725053719319 5.749506056286804 7.111127118492799 8.30689801513478 9.341956049081421 10.223637997730004 10.960731561947007 11.562688228506552 12.03886601135364 12.397849762094006 12.646878195226721 12.791393655823557 12.834722627565807 12.777890621482 12.619573073615543 12.356183085961007 11.982096241599763 11.490011280018367 10.87144201528624 10.117329267361097 9.218750425557886 8.167687579587097 6.957793849306527 5.585077061725871 4.048412440806794 2.34981623040914 0.49446626458456927 -1.5094732911401405 
-1.5003421769419094 0.504948052575424 2.362499798434068 4.063436430130191 5.60163555296637 6.974229160189684 8.181813980092357 9.228249539448406 10.120082713722123 10.865733992744193 11.474595910088427 11.95615863135679 12.31923270453936 12.571304043737117 12.718035073406261 12.762914995329327 12.707057714096354 12.549145346027384 12.285516508521072 11.91040026495136 11.41629734820051 10.794508622284528 10.03580477373594 9.131218418835632 8.072917012221769 6.855079417551739 5.47465564132821 3.931858584041485 2.230259760153157 0.3764664826877849 -1.6204739632687963 
-1.6258841365494652 0.37253174803919126 2.2312484040842073 3.939736749857356 5.489411689470846 6.874941949878928 8.095017385418503 9.152339730430741 10.052965583812071 10.805299642814465 11.41899791924861 11.903941499338469 12.269355247675083 12.523098035131751 12.67112704915418 12.717128805153568 12.662307525601983 12.505323899686973 12.242381581272209 11.867463586214974 11.372724724933708 10.749047847150361 9.986768782257837 9.076563955978326 8.010470034947494 6.782957409572043 5.391894886235851 3.839147211331039 2.1305134944215127 0.2748885656336344 -1.7171049845404622 
-1.740606430854571 0.25347870678243717 2.118559082846969 3.840937374719145 5.40786519868758 6.810399088125072 8.044977510961116 9.113382871408215 10.02168467322493 10.778803512638797 11.395114252417837 11.88123585487333 12.247049819584934 12.50094383483025 12.649260175476014 12.695925069231842 12.642238966422754 12.48681469529271 12.225658840772873 11.852400286264169 11.358677979706563 10.734706607091555 9.970042053459132 9.054564785300482 7.9796821076138125 6.739705431832367 5.333254548924649 3.7642724081328414 2.0420154923943805 0.17943102381423806 -1.809734613060851 
-1.8601169256318801 0.13280435186250936 2.0131503812604383 3.7605492076358993 5.354440427256685 6.780434898990212 8.032550210696726 9.11241186315833 10.027009097236157 10.786571637788882 11.402800742496552 11.887479624125596 12.251423746739276 12.503716298546678 12.651175192409164 12.698006857789123 12.645614406493891 12.492540835310598 12.23454066354966 11.864785834800674 11.374224315853619 10.752122680650269 9.986836041016284 9.066857450426793 7.9822000488117615 6.726150497722023 5.297368647245682 3.7021014688643032 1.9549489644459368 0.07659854595032861 -1.912555634549983 
-2.008105101435551 -0.011151441364033482 1.9021274779989057 3.694521678368649 5.33088174931406 6.788879106338418 8.061730926336068 9.152715906403484 10.071232417650414 10.829908990191125 11.442515020989163 11.922468485911878 12.281794489188066 12.530418350625002 12.67570204372557 12.722157432077848 12.671292583358802 12.521566908774796 12.268447222539887 11.904571900318668 11.420046603328684 10.802914411160302 10.039865960470822 9.11727981883382 8.022708575733764 6.746956336883097 5.286950891742712 3.6496633756607317 1.8575661608310132 -0.054112684721162596 -2.0481621755744777 
-2.2302010368127463 -0.2127738471553446 1.7706048053133951 3.647199152552439 5.346447413480734 6.845145606794719 8.140312164893839 9.240016614847884 10.158115010276504 10.910945170896571 11.515138688779885 11.986189336984673 12.33754625004775 12.580059575673493 12.721652614044556 12.76713634915127 12.718116475016952 12.572967808951914 12.326868416722096 11.97190047344584 11.497242307088785 10.889500860589822 10.133268042209348 9.212026406049034 8.109576052153457 6.812214134698503 5.312027306949851 3.612140136279077 1.7358660304559383 -0.24619764625724638 -2.2613361885649885 
-2.610119701718361 -0.5574974281234554 1.631499534824886 3.6402798312416613 5.421474910537907 6.965379782431765 8.280053383211856 9.382228189936235 10.292501070417273 11.032239279468989 11.621629943202011 12.078539392668914 12.417911353013984 12.651484710134442 12.787677225501053 12.83154409498544 12.784766228067076 12.64565014181422 12.409134828078768 12.06680964330575 11.606960754636095 11.014690761360802 10.272202231139623 9.359398605090345 8.25502171775112 6.938596885508811 5.393519030096341 3.611851361484735 1.6034018485990573 -0.584392932260231 -2.6351427036839725 
-3.8304613176663147 -0.9422723809270906 1.5469252136872262 3.719647058798933 5.588430784350722 7.172148922067986 8.495920844860496 9.588593223175957 10.479509600351587 11.196102194006658 11.76249848994233 12.198940285507492 12.521693020947371 12.743170355125757 12.872102822534439 12.913672789239712 12.869594968413859 12.738144274515985 12.514133758976108 12.188839311781079 11.749868797395052 11.18099591320533 10.462036364776024 9.56893774623878 8.474358724494103 7.149060077379732 5.564309540403471 3.695106930017449 1.5226981195945728 -0.9653359667087199 -3.851228698774011 
-9.925628197997854 -2.93503346064234 1.2671042108868902 4.363445513203134 6.706216953868341 8.477881218416323 9.809574007600132 10.80661855176152 11.552726340483321 12.1114878400536 12.528995005536988 12.837454287178128 13.05880851412897 13.20766464626119 13.29330786071556 13.320906451435942 13.292119637697489 13.205280170139053 13.05521477060833 12.832638716958245 12.522951858478587 12.104223154456381 11.544259427116128 10.796980694098387 9.79881127950859 8.466074725310659 6.693532690943471 4.350212884747448 1.253911869460334 -2.947183289390693 -9.934125675796283 
-10.883766022765162 -4.158144739938072 1.0161832688238435 4.755252415830773 7.450092560365673 9.359092985426589 10.68765956481399 11.601587798118763 12.228821697443697 12.661909417374021 12.963709104728627 13.174761754273657 13.320275581957896 13.41553188626545 13.469474116962953 13.486791390821514 13.468944280372561 13.414467574368995 13.318669189196406 13.172605276475604 12.960995449033343 12.658628291070281 12.224944930290752 11.597043477046181 10.68230957485271 9.352750273043801 7.442621901261945 4.746762952541267 1.007252446301716 -4.166283631661942 -10.88958956740118 
-11.120689265913576 -4.355496922529892 1.0510526985774455 5.086969284292656 7.952029290752661 9.906730510904506 11.19420006736161 12.02021687276082 12.543272670068092 12.875124349585738 13.088598587845341 13.228136080773144 13.31955258837491 13.377350517672694 13.40941123975592 13.419632174003763 13.409189768862932 13.376905855136311 13.318882770973659 13.227241203422365 13.087481243653794 12.873781139306141 12.541664280834903 12.018205138037674 11.191464670025475 9.902738507018066 7.946181917546215 5.079005079781545 1.0415678322491597 -4.364808476441277 -11.127505645687492 
-10.920716585119266 -4.0537057649139046 1.3647224319750662 5.42347220962003 8.275928291447674 10.16524958801708 11.353389465236335 12.06983943615395 12.49016750983442 12.734749774584495 12.878781774866741 12.96572072797545 13.019211471340764 13.051594329500777 13.06909853865211 13.074623010655607 13.069013746586307 13.051425123200463 13.018960850096324 12.96539897221073 12.878411610798826 12.734362806384325 12.489768420019388 12.069300171296891 11.352247653647247 10.162492299018398 8.27008018391002 5.413324800409775 1.3506439857624966 -4.0688865746476095 -10.932166891527515 
-10.009856481490374 -3.4483804825524125 1.8186949835643327 5.723097195013867 8.401426443507159 10.108796967423114 11.126193989017095 11.697806664065338 12.004862308270749 12.165956163130693 12.25082033021041 12.296902381380754 12.32291242915266 12.337741668032212 12.345478677961971 12.347885283550033 12.345454003032227 12.337693864023308 12.32284807958448 12.29684224306679 12.250815909546352 12.166107022983539 12.005302439710839 11.69858432418894 11.126931525443279 10.10805179401299 8.396144407011159 5.709662936952582 1.7958826606838794 -3.4758677054780427 -10.032275398108837 
-9.435075251492249 -3.2470491315274725 1.7633433674435262 5.4132235362474175 7.8521364197900825 9.354807886346746 10.210120888524141 10.662162538169996 10.886336733317044 10.992655515307165 11.042363771206643 11.066174313934457 11.078201683869612 11.084528854653241 11.087676671881098 11.088636435052397 11.087670873127404 11.084519315149848 11.07819731379586 11.066205124410548 11.042512196071378 10.993106512457802 10.887418975241863 10.664285972259123 10.213411975752138 9.358162568173286 7.851229527554048 5.399162989450395 1.7299817607251402 -3.294970598285826 -9.476338589624916 
-9.826757258714574 -3.897694292654955 0.6840458185735098 3.927208219002204 6.055590048285813 7.337654232833781 8.044486106614483 8.401623294351447 8.5679333153901 8.640236303508393 8.67033275743746 8.68284422339464 8.688308042475636 8.690864519166247 8.692048093858249 8.692398021651519 8.692047242062884 8.6908653162036 8.688321794863354 8.68291117901519 8.670571089155255 8.640935393955587 8.569682459727293 8.405395563112608 8.051471986249657 7.348400995186612 6.067760742437347 3.9265336083603093 0.6374989015754534 -3.9835706363709114 -9.916272805732616 
-10.845349757229236 -5.414450964511691 -1.6473328124235829 1.0263907235242076 2.7811100807669575 3.8281894357173862 4.3949147376271265 4.673054746816072 4.797069839525508 4.847612681108804 4.866730149956364 4.873665652939237 4.876221103387261 4.877234926265072 4.877653783258949 4.87777147113492 4.877654057805874 4.8772381961368705 4.876240108077952 4.873747460618652 4.867018847065719 4.848480180134161 4.7993332887057285 4.6782500535189335 4.405508295418317 3.847563984628429 2.81248227376371 1.0719944329347455 -1.6473583234183589 -5.635425625679777 -11.016237029558612 
-11.065200208999144 -8.090872678029351 -5.468140416102087 -3.455657039590442 -2.110707398377681 -1.3068831021557703 -0.8752268106994163 -0.6666985444095185 -0.5760644617079131 -0.5405752716187533 -0.5279815386443287 -0.5238589080890634 -0.5225597300924618 -0.5221358026495252 -0.5219879364400324 -0.5219498165393233 -0.5219874956878235 -0.5221323669358512 -0.5225410770200991 -0.5237788731266205 -0.5276953292070051 -0.5396977232885557 -0.5737128321696103 -0.6611009746476005 -0.8631778088848826 -1.2829240840983798 -2.064626873549701 -3.370421623246098 -5.246273813840199 -8.089521332632517 -12.591868311940924 
-13.18494761610407 -12.557948499734719 -10.851536304907349 -9.475612363818177 -8.54058635955295 -7.980138239885091 -7.6797231397752626 -7.535371763608303 -7.4732089547197775 -7.449230304902245 -7.440930023039132 -7.438327255637671 -7.4375663724628795 -7.437345491934309 -7.4372778895470635 -7.437261806947643 -7.437277538773766 -7.437342857757492 -7.437552132014965 -7.438265910578607 -7.440709247969715 -7.448548023983278 -7.471362495561593 -7.530917518395278 -7.6699575902427055 -7.960066255086787 -8.500737102739606 -9.386492033869573 -10.679861869627278 -11.025371678635253 -13.18040819548946 